#!ascii label  , from subject sub-01 vox2ras=TkReg
1745
53019  -31.534  -33.097  77.064 0.0000000000
66186  -49.167  -22.619  56.796 0.0000000000
60806  -35.965  -26.277  68.268 0.0000000000
42808  -5.617  -43.716  70.228 0.0000000000
44843  -19.440  -41.044  73.683 0.0000000000
54065  -7.365  -33.114  72.404 0.0000000000
52095  -7.151  -35.437  78.668 0.0000000000
64058  -42.939  -24.402  62.681 0.0000000000
57497  -4.513  -31.017  64.540 0.0000000000
40632  -2.833  -46.417  76.529 0.0000000000
55151  -31.879  -33.252  71.534 0.0000000000
49236  -28.322  -36.123  74.008 0.0000000000
50212  -25.393  -35.952  77.183 0.0000000000
70435  -52.413  -18.581  57.172 0.0000000000
61875  -39.542  -25.811  65.652 0.0000000000
42872  -15.064  -42.765  69.443 0.0000000000
58565  -1.734  -29.137  70.100 0.0000000000
49295  -5.174  -39.063  70.964 0.0000000000
51317  -4.335  -37.206  67.662 0.0000000000
44945  -4.999  -42.119  66.164 0.0000000000
41688  -8.285  -44.755  78.406 0.0000000000
43675  -5.965  -43.041  79.356 0.0000000000
62846  -33.369  -24.886  71.080 0.0000000000
48094  -22.204  -37.592  79.338 0.0000000000
51276  -20.868  -36.506  72.639 0.0000000000
53030  -7.435  -34.585  75.430 0.0000000000
49249  -4.835  -39.569  74.296 0.0000000000
64099  -46.590  -24.517  59.139 0.0000000000
39567  -11.591  -46.094  75.204 0.0000000000
39676  -13.306  -45.143  72.209 0.0000000000
56277  -6.433  -31.673  68.377 0.0000000000
52242  -3.570  -35.467  64.383 0.0000000000
51173  -8.347  -36.361  81.404 0.0000000000
48096  -4.222  -40.833  77.920 0.0000000000
42770  -3.326  -45.493  73.075 0.0000000000
55076  -32.497  -31.690  77.336 0.0000000000
51229  -32.361  -35.203  75.279 0.0000000000
54041  -33.146  -33.433  75.131 0.0000000000
50217  -30.307  -35.512  75.837 0.0000000000
48152  -30.693  -37.326  72.864 0.0000000000
51209  -28.573  -34.678  77.153 0.0000000000
68393  -50.626  -20.922  56.699 0.0000000000
65164  -46.267  -23.084  55.838 0.0000000000
68412  -48.021  -20.530  55.138 0.0000000000
70440  -49.648  -19.056  55.292 0.0000000000
61854  -38.241  -25.925  66.821 0.0000000000
61824  -33.579  -25.780  67.588 0.0000000000
62933  -34.467  -25.523  65.438 0.0000000000
61895  -36.797  -25.580  64.213 0.0000000000
46003  -5.125  -41.080  70.891 0.0000000000
47092  -4.451  -40.232  68.705 0.0000000000
44927  -6.129  -42.508  68.088 0.0000000000
41880  -5.598  -44.911  64.943 0.0000000000
40792  -5.793  -46.370  67.386 0.0000000000
38293  -8.361  -46.496  76.589 0.0000000000
39544  -7.083  -45.879  78.278 0.0000000000
63921  -31.722  -24.364  73.218 0.0000000000
58522  -31.652  -30.025  74.172 0.0000000000
57389  -30.642  -31.829  71.381 0.0000000000
59775  -29.801  -28.175  73.202 0.0000000000
61754  -29.486  -26.349  71.139 0.0000000000
50154  -23.934  -35.680  81.747 0.0000000000
51265  -25.613  -34.906  73.498 0.0000000000
51234  -23.515  -35.650  75.143 0.0000000000
74794  -51.061  -14.774  56.293 0.0000000000
76809  -52.317  -12.441  55.974 0.0000000000
52103  -7.258  -35.444  77.585 0.0000000000
50239  -6.750  -37.518  75.129 0.0000000000
50220  -6.086  -38.399  76.074 0.0000000000
64082  -44.563  -24.379  60.519 0.0000000000
63033  -40.112  -24.733  60.763 0.0000000000
63050  -41.431  -24.640  59.055 0.0000000000
63070  -43.062  -24.694  57.941 0.0000000000
42699  -10.966  -44.280  76.084 0.0000000000
40635  -12.610  -44.542  75.026 0.0000000000
55143  -5.272  -31.747  72.403 0.0000000000
56256  -5.119  -31.218  70.802 0.0000000000
55166  -7.367  -32.807  69.771 0.0000000000
48240  -2.981  -39.125  66.162 0.0000000000
52219  -4.280  -35.798  66.330 0.0000000000
49362  -3.919  -38.129  64.521 0.0000000000
50168  -9.235  -37.340  80.590 0.0000000000
42687  -4.075  -44.896  78.202 0.0000000000
45880  -4.861  -41.953  79.153 0.0000000000
44772  -3.705  -43.251  77.486 0.0000000000
45923  -3.520  -42.194  75.942 0.0000000000
42745  -2.735  -45.475  75.173 0.0000000000
56210  -32.460  -31.774  73.972 0.0000000000
51186  -25.454  -35.051  80.601 0.0000000000
51200  -26.629  -35.008  78.895 0.0000000000
50229  -27.083  -35.540  75.815 0.0000000000
72554  -53.644  -16.342  58.298 0.0000000000
72576  -50.533  -16.434  55.477 0.0000000000
62982  -41.499  -24.986  63.723 0.0000000000
61915  -38.516  -25.517  62.039 0.0000000000
47078  -18.682  -39.711  70.170 0.0000000000
43834  -17.785  -42.276  70.887 0.0000000000
58587  -3.408  -29.599  67.163 0.0000000000
52149  -7.373  -36.425  71.599 0.0000000000
51307  -6.608  -36.344  69.133 0.0000000000
50326  -5.457  -37.941  69.546 0.0000000000
48227  -3.412  -40.141  67.052 0.0000000000
44990  -3.865  -41.995  65.000 0.0000000000
45905  -8.359  -41.618  78.502 0.0000000000
45884  -7.767  -41.030  79.752 0.0000000000
42685  -7.249  -43.889  79.008 0.0000000000
40617  -5.483  -45.460  78.698 0.0000000000
60766  -34.519  -25.631  69.379 0.0000000000
61785  -31.265  -25.686  69.480 0.0000000000
47022  -20.689  -38.933  76.295 0.0000000000
49181  -24.210  -36.567  78.647 0.0000000000
49216  -21.832  -37.267  76.039 0.0000000000
48165  -19.890  -38.466  72.778 0.0000000000
55115  -5.008  -31.987  73.848 0.0000000000
55089  -5.211  -32.313  75.535 0.0000000000
53046  -7.579  -34.254  73.924 0.0000000000
50276  -6.847  -37.402  73.313 0.0000000000
49267  -5.542  -39.012  73.034 0.0000000000
47047  -4.650  -41.068  72.859 0.0000000000
64129  -47.511  -23.968  57.738 0.0000000000
63093  -44.564  -24.668  56.225 0.0000000000
43701  -9.449  -43.352  77.032 0.0000000000
40630  -9.909  -45.151  76.854 0.0000000000
38317  -8.967  -46.408  75.051 0.0000000000
41802  -16.631  -43.426  71.449 0.0000000000
40693  -16.065  -44.548  73.325 0.0000000000
39579  -13.950  -45.048  74.248 0.0000000000
38354  -12.449  -46.235  73.929 0.0000000000
38351  -10.010  -46.293  73.906 0.0000000000
58536  -2.199  -29.882  71.401 0.0000000000
57423  -4.274  -30.360  68.463 0.0000000000
57461  -5.531  -30.941  66.204 0.0000000000
52206  -6.183  -34.888  67.377 0.0000000000
54136  -5.197  -34.033  65.974 0.0000000000
54158  -4.019  -33.397  64.500 0.0000000000
52083  -7.570  -35.622  80.484 0.0000000000
48059  -7.350  -39.341  80.572 0.0000000000
49146  -6.284  -39.086  80.019 0.0000000000
50184  -5.825  -38.635  78.274 0.0000000000
49209  -4.307  -40.173  76.176 0.0000000000
45943  -4.226  -41.841  74.433 0.0000000000
42788  -4.553  -44.539  72.020 0.0000000000
38328  -1.674  -48.294  73.905 0.0000000000
39629  -1.779  -47.746  72.834 0.0000000000
41834  -4.468  -46.653  69.229 0.0000000000
54025  -32.040  -32.628  77.129 0.0000000000
55065  -31.491  -31.436  77.963 0.0000000000
52110  -31.763  -34.217  76.232 0.0000000000
53028  -32.442  -33.640  76.227 0.0000000000
52109  -31.330  -34.048  76.450 0.0000000000
50234  -31.342  -35.714  75.292 0.0000000000
53018  -30.929  -32.982  77.398 0.0000000000
52101  -30.447  -33.730  77.013 0.0000000000
67280  -50.308  -21.671  56.853 0.0000000000
65166  -47.987  -22.993  56.515 0.0000000000
67293  -46.892  -22.043  55.539 0.0000000000
66205  -49.091  -22.032  56.391 0.0000000000
67296  -49.618  -21.354  56.291 0.0000000000
61853  -37.182  -26.109  67.045 0.0000000000
61829  -37.969  -26.004  67.863 0.0000000000
61804  -36.944  -26.169  68.897 0.0000000000
61849  -33.763  -25.766  66.808 0.0000000000
61851  -35.432  -25.950  66.970 0.0000000000
61872  -36.590  -25.945  66.301 0.0000000000
44886  -5.634  -42.536  70.418 0.0000000000
44896  -5.514  -41.533  69.349 0.0000000000
43844  -6.178  -43.393  68.877 0.0000000000
42865  -6.337  -44.633  67.827 0.0000000000
41815  -5.584  -44.916  69.015 0.0000000000
38303  -7.712  -46.673  75.938 0.0000000000
38292  -7.504  -46.708  76.762 0.0000000000
59752  -31.736  -28.203  75.089 0.0000000000
58520  -30.726  -29.161  73.807 0.0000000000
60718  -30.681  -27.731  74.205 0.0000000000
61729  -30.332  -26.428  73.505 0.0000000000
74782  -52.752  -14.125  57.221 0.0000000000
75820  -51.816  -13.172  56.253 0.0000000000
76798  -54.141  -12.311  56.810 0.0000000000
51212  -7.022  -36.765  76.913 0.0000000000
50195  -6.727  -37.337  77.466 0.0000000000
64069  -44.278  -24.386  61.536 0.0000000000
64060  -45.008  -24.498  62.408 0.0000000000
64079  -41.611  -24.349  61.231 0.0000000000
63049  -40.507  -24.730  59.612 0.0000000000
64080  -42.457  -24.294  60.892 0.0000000000
64095  -42.514  -24.341  59.678 0.0000000000
43713  -12.573  -43.818  74.985 0.0000000000
42706  -13.246  -44.022  74.895 0.0000000000
44813  -19.497  -40.848  75.125 0.0000000000
44842  -19.266  -41.589  73.972 0.0000000000
58621  -3.730  -29.630  65.270 0.0000000000
55131  -6.579  -32.309  72.411 0.0000000000
55144  -6.016  -31.796  71.945 0.0000000000
54078  -7.563  -33.324  71.259 0.0000000000
47156  -3.469  -40.051  64.936 0.0000000000
49350  -3.521  -38.218  65.070 0.0000000000
48271  -3.727  -39.166  64.735 0.0000000000
50187  -9.976  -36.535  79.172 0.0000000000
49157  -9.562  -37.650  79.670 0.0000000000
41693  -3.465  -45.449  77.462 0.0000000000
43692  -3.895  -43.918  77.849 0.0000000000
42702  -3.146  -45.249  76.828 0.0000000000
42722  -3.055  -44.884  76.040 0.0000000000
41732  -2.549  -46.194  75.675 0.0000000000
56172  -33.151  -31.871  76.251 0.0000000000
55106  -33.077  -32.720  74.771 0.0000000000
57301  -33.106  -30.633  75.524 0.0000000000
57300  -32.858  -29.991  75.327 0.0000000000
49203  -28.526  -36.017  74.769 0.0000000000
50203  -27.799  -35.120  77.108 0.0000000000
50248  -27.850  -35.825  74.659 0.0000000000
50266  -27.191  -35.600  74.341 0.0000000000
71488  -52.999  -17.966  57.634 0.0000000000
70442  -51.149  -18.455  56.065 0.0000000000
71508  -50.555  -17.586  55.420 0.0000000000
71501  -51.802  -17.853  56.589 0.0000000000
72568  -51.687  -16.608  56.651 0.0000000000
61888  -40.756  -25.535  64.871 0.0000000000
61878  -42.060  -25.500  65.712 0.0000000000
61857  -41.094  -25.678  66.345 0.0000000000
61886  -38.714  -25.713  64.603 0.0000000000
61896  -37.520  -25.601  63.721 0.0000000000
62956  -39.467  -25.583  63.913 0.0000000000
62980  -40.205  -25.372  63.607 0.0000000000
59806  -1.751  -28.429  68.405 0.0000000000
58586  -2.589  -29.268  67.501 0.0000000000
58574  -2.315  -29.493  68.590 0.0000000000
50303  -6.499  -37.830  71.667 0.0000000000
50316  -6.292  -37.716  70.519 0.0000000000
49309  -5.298  -38.528  70.188 0.0000000000
44910  -4.973  -41.318  67.434 0.0000000000
47091  -4.166  -40.286  67.740 0.0000000000
46026  -3.971  -40.825  66.898 0.0000000000
47120  -3.396  -40.698  66.309 0.0000000000
44971  -4.295  -42.159  65.352 0.0000000000
43910  -4.805  -43.152  65.057 0.0000000000
43690  -8.143  -43.255  78.464 0.0000000000
43686  -7.884  -42.642  78.890 0.0000000000
41687  -7.773  -44.727  78.666 0.0000000000
37009  -5.838  -46.792  77.653 0.0000000000
39537  -6.114  -45.783  78.636 0.0000000000
38268  -5.306  -46.211  78.056 0.0000000000
39534  -4.636  -46.009  77.997 0.0000000000
62861  -33.438  -25.336  70.430 0.0000000000
62859  -31.586  -25.203  70.847 0.0000000000
61768  -30.548  -25.636  70.526 0.0000000000
61769  -31.935  -25.495  70.118 0.0000000000
61787  -33.602  -25.597  69.310 0.0000000000
46990  -21.635  -37.974  79.649 0.0000000000
45911  -20.735  -39.038  78.258 0.0000000000
47010  -21.561  -38.079  78.325 0.0000000000
50190  -25.513  -35.835  78.778 0.0000000000
49162  -24.629  -36.315  79.924 0.0000000000
50199  -24.823  -36.297  77.956 0.0000000000
51262  -21.951  -35.804  73.578 0.0000000000
49235  -22.030  -36.712  75.343 0.0000000000
49256  -20.921  -37.255  73.923 0.0000000000
48148  -20.395  -38.255  73.899 0.0000000000
49273  -20.308  -37.578  72.722 0.0000000000
48179  -19.656  -38.545  71.695 0.0000000000
54029  -6.459  -33.181  76.578 0.0000000000
53036  -7.061  -33.511  75.417 0.0000000000
54045  -6.432  -32.688  74.715 0.0000000000
53037  -7.422  -34.142  74.969 0.0000000000
51244  -7.550  -35.868  73.694 0.0000000000
52129  -7.472  -35.969  74.746 0.0000000000
50256  -5.762  -38.560  74.705 0.0000000000
50274  -5.953  -38.516  74.131 0.0000000000
49250  -5.420  -38.956  74.009 0.0000000000
48178  -4.740  -39.997  72.836 0.0000000000
48159  -4.392  -40.433  73.931 0.0000000000
64115  -47.058  -24.337  58.572 0.0000000000
64101  -49.005  -24.462  59.532 0.0000000000
63054  -47.793  -24.585  59.959 0.0000000000
64113  -44.852  -24.548  58.419 0.0000000000
63092  -43.561  -25.072  56.312 0.0000000000
64127  -45.288  -24.472  57.672 0.0000000000
64140  -45.848  -23.910  56.335 0.0000000000
44782  -10.025  -42.891  76.098 0.0000000000
40633  -11.451  -45.026  75.978 0.0000000000
41694  -10.074  -44.673  76.770 0.0000000000
39557  -10.710  -46.101  75.838 0.0000000000
38295  -9.906  -46.260  76.160 0.0000000000
38306  -10.505  -46.375  75.430 0.0000000000
43832  -16.729  -42.577  70.268 0.0000000000
42810  -17.275  -42.996  71.384 0.0000000000
42831  -16.490  -42.964  70.652 0.0000000000
40737  -13.911  -44.698  71.564 0.0000000000
40720  -15.534  -44.490  72.059 0.0000000000
40705  -14.566  -45.307  72.849 0.0000000000
40677  -15.081  -44.898  73.957 0.0000000000
39636  -14.260  -45.453  73.303 0.0000000000
39595  -13.370  -45.749  74.111 0.0000000000
39634  -13.043  -45.787  73.363 0.0000000000
39631  -10.498  -45.833  72.866 0.0000000000
57356  -2.539  -30.450  72.128 0.0000000000
56269  -6.302  -31.482  69.417 0.0000000000
56267  -4.566  -30.828  70.391 0.0000000000
56276  -5.763  -30.962  68.751 0.0000000000
57424  -5.139  -30.604  68.067 0.0000000000
56293  -6.051  -31.520  66.768 0.0000000000
51319  -5.882  -36.402  68.385 0.0000000000
51320  -6.369  -35.843  68.444 0.0000000000
52191  -5.381  -36.214  67.795 0.0000000000
52230  -3.656  -35.638  65.167 0.0000000000
53135  -4.439  -35.167  65.957 0.0000000000
53152  -3.991  -34.990  65.377 0.0000000000
54147  -4.362  -33.451  64.943 0.0000000000
53169  -3.692  -34.658  64.606 0.0000000000
53184  -3.588  -34.469  63.732 0.0000000000
52069  -7.867  -35.881  81.396 0.0000000000
44746  -7.053  -41.797  80.016 0.0000000000
46960  -7.650  -40.055  80.290 0.0000000000
45876  -6.506  -41.215  79.850 0.0000000000
46982  -4.527  -41.380  78.816 0.0000000000
48071  -5.652  -40.282  79.354 0.0000000000
49154  -5.500  -39.848  79.030 0.0000000000
50173  -6.005  -38.803  79.082 0.0000000000
49174  -4.897  -39.830  78.058 0.0000000000
49185  -5.251  -39.159  77.043 0.0000000000
49194  -4.408  -40.238  76.899 0.0000000000
43761  -3.421  -43.861  75.007 0.0000000000
45930  -3.696  -42.160  75.454 0.0000000000
43771  -4.145  -43.702  73.816 0.0000000000
43772  -4.466  -43.299  73.430 0.0000000000
42771  -3.955  -44.733  73.060 0.0000000000
35888  -1.712  -49.981  72.767 0.0000000000
38348  -1.528  -48.390  73.113 0.0000000000
56159  -32.858  -31.061  77.314 0.0000000000
49242  -32.435  -36.481  73.545 0.0000000000
51253  -33.141  -35.569  73.742 0.0000000000
52118  -32.938  -34.400  75.382 0.0000000000
55086  -32.995  -32.352  76.384 0.0000000000
49205  -29.653  -36.371  74.819 0.0000000000
49220  -30.150  -36.853  74.307 0.0000000000
49240  -31.653  -36.745  73.925 0.0000000000
51216  -29.724  -35.080  76.391 0.0000000000
69413  -52.033  -19.604  57.151 0.0000000000
68410  -46.062  -20.344  54.481 0.0000000000
69427  -47.667  -19.713  54.708 0.0000000000
70449  -48.053  -18.922  54.491 0.0000000000
69428  -48.590  -19.714  55.034 0.0000000000
69421  -50.693  -19.613  56.199 0.0000000000
61874  -38.460  -25.815  65.798 0.0000000000
61856  -40.255  -25.727  66.442 0.0000000000
61830  -39.105  -25.809  67.570 0.0000000000
62889  -40.235  -25.516  69.067 0.0000000000
61847  -31.559  -25.756  66.878 0.0000000000
61867  -32.059  -25.569  66.021 0.0000000000
62932  -33.555  -25.484  65.320 0.0000000000
62951  -34.036  -25.367  64.610 0.0000000000
63001  -35.207  -25.298  63.339 0.0000000000
62953  -35.721  -25.526  64.819 0.0000000000
62937  -37.184  -25.720  65.500 0.0000000000
48190  -4.736  -39.810  71.665 0.0000000000
48202  -4.686  -39.601  70.362 0.0000000000
46014  -4.721  -40.578  69.908 0.0000000000
44911  -5.516  -41.528  68.295 0.0000000000
44946  -5.568  -42.415  66.653 0.0000000000
43911  -5.270  -43.371  65.387 0.0000000000
42881  -6.126  -43.926  66.013 0.0000000000
40809  -6.313  -45.430  65.831 0.0000000000
39547  -8.889  -45.764  77.733 0.0000000000
39540  -7.828  -45.599  78.346 0.0000000000
38279  -7.751  -46.170  77.875 0.0000000000
63955  -32.050  -24.610  71.641 0.0000000000
56228  -31.351  -31.726  72.614 0.0000000000
56262  -31.139  -32.805  71.098 0.0000000000
57344  -31.001  -31.013  72.972 0.0000000000
58548  -30.302  -30.250  72.541 0.0000000000
58546  -29.353  -29.366  71.599 0.0000000000
60744  -29.605  -27.373  72.684 0.0000000000
62843  -30.549  -25.366  72.140 0.0000000000
49150  -23.432  -36.904  80.828 0.0000000000
51236  -25.396  -35.496  75.506 0.0000000000
51225  -24.711  -35.765  76.028 0.0000000000
51250  -24.270  -34.923  74.221 0.0000000000
52143  -22.772  -35.211  73.567 0.0000000000
76814  -49.977  -13.613  54.702 0.0000000000
76821  -50.303  -12.243  53.923 0.0000000000
77808  -51.452  -11.517  54.067 0.0000000000
77809  -52.429  -10.984  53.671 0.0000000000
52112  -7.390  -35.430  76.370 0.0000000000
51230  -7.218  -36.735  74.893 0.0000000000
51221  -7.132  -36.696  75.795 0.0000000000
50221  -6.660  -37.609  76.004 0.0000000000
50237  -5.649  -38.672  75.376 0.0000000000
64083  -45.739  -24.533  60.418 0.0000000000
64071  -46.271  -24.546  61.226 0.0000000000
63066  -39.813  -25.473  58.853 0.0000000000
61987  -40.998  -26.138  57.941 0.0000000000
63090  -41.967  -26.251  56.980 0.0000000000
63069  -42.203  -24.906  57.977 0.0000000000
64112  -43.858  -24.497  58.699 0.0000000000
44783  -10.699  -43.298  75.594 0.0000000000
43712  -11.696  -43.846  75.453 0.0000000000
42704  -11.689  -44.232  75.619 0.0000000000
39559  -11.805  -45.230  75.647 0.0000000000
40758  -13.381  -44.157  70.808 0.0000000000
39675  -12.606  -45.238  72.299 0.0000000000
56221  -4.127  -31.497  72.874 0.0000000000
56254  -3.573  -30.980  71.639 0.0000000000
56239  -4.990  -31.483  71.728 0.0000000000
56257  -6.004  -31.437  70.420 0.0000000000
55173  -7.059  -32.345  68.968 0.0000000000
50351  -3.452  -37.498  67.000 0.0000000000
51331  -4.507  -36.612  67.292 0.0000000000
50360  -3.268  -37.418  66.164 0.0000000000
50370  -3.420  -37.340  65.361 0.0000000000
50381  -3.751  -37.196  64.566 0.0000000000
52096  -10.165  -35.268  78.624 0.0000000000
51183  -9.445  -35.943  80.561 0.0000000000
51175  -9.267  -36.042  81.096 0.0000000000
43680  -5.383  -43.363  79.010 0.0000000000
45874  -5.709  -41.892  79.486 0.0000000000
43688  -4.480  -43.482  78.521 0.0000000000
44761  -3.990  -42.985  78.154 0.0000000000
46991  -3.963  -41.779  77.610 0.0000000000
47004  -3.685  -41.537  76.781 0.0000000000
44781  -3.504  -43.149  76.767 0.0000000000
43747  -3.300  -43.986  75.582 0.0000000000
41760  -2.543  -45.934  73.902 0.0000000000
54070  -32.464  -33.798  72.071 0.0000000000
53049  -33.256  -34.425  73.800 0.0000000000
54059  -32.627  -33.552  72.884 0.0000000000
56229  -31.932  -32.094  73.036 0.0000000000
57327  -32.064  -31.367  73.670 0.0000000000
59753  -31.990  -28.631  75.185 0.0000000000
50201  -26.304  -35.598  77.890 0.0000000000
51208  -27.669  -34.937  77.656 0.0000000000
50202  -27.065  -35.236  77.933 0.0000000000
50228  -26.077  -35.650  76.265 0.0000000000
50265  -26.256  -35.408  74.946 0.0000000000
72584  -49.532  -16.211  54.336 0.0000000000
73701  -50.923  -15.762  56.142 0.0000000000
73673  -52.801  -15.400  57.560 0.0000000000
64057  -42.086  -24.487  62.813 0.0000000000
62985  -43.747  -24.915  64.201 0.0000000000
62960  -42.433  -25.231  64.611 0.0000000000
61913  -36.224  -25.480  62.959 0.0000000000
63019  -39.173  -25.340  61.564 0.0000000000
64065  -40.988  -24.675  62.425 0.0000000000
46005  -19.366  -40.191  71.960 0.0000000000
44874  -19.116  -41.286  72.380 0.0000000000
46017  -18.620  -40.737  70.787 0.0000000000
44913  -17.307  -41.668  69.795 0.0000000000
58602  -3.467  -29.462  66.168 0.0000000000
58603  -4.083  -29.733  65.903 0.0000000000
52150  -7.616  -35.734  72.147 0.0000000000
52164  -7.664  -35.321  70.897 0.0000000000
52163  -7.401  -36.262  70.980 0.0000000000
51306  -5.998  -37.176  69.156 0.0000000000
50339  -5.124  -37.572  68.719 0.0000000000
49308  -4.808  -38.680  69.531 0.0000000000
49320  -4.182  -38.772  68.546 0.0000000000
49319  -3.564  -38.347  67.695 0.0000000000
48228  -3.178  -39.233  67.025 0.0000000000
48083  -8.748  -39.380  79.625 0.0000000000
45885  -8.023  -41.151  79.398 0.0000000000
44751  -7.401  -42.016  79.491 0.0000000000
43683  -6.635  -43.268  79.415 0.0000000000
40620  -7.018  -45.139  78.924 0.0000000000
40611  -6.538  -44.916  79.222 0.0000000000
41678  -5.876  -44.543  79.226 0.0000000000
40607  -5.137  -45.044  78.872 0.0000000000
40624  -3.865  -46.041  77.830 0.0000000000
39550  -3.180  -46.745  76.864 0.0000000000
60793  -35.625  -25.967  68.462 0.0000000000
60769  -36.410  -25.754  69.648 0.0000000000
61773  -35.505  -25.625  70.114 0.0000000000
55158  -30.802  -32.864  70.020 0.0000000000
61822  -31.089  -25.928  67.793 0.0000000000
60778  -34.304  -25.672  68.742 0.0000000000
45921  -20.093  -39.847  76.834 0.0000000000
45948  -19.750  -40.076  74.848 0.0000000000
51185  -24.990  -35.470  80.913 0.0000000000
49161  -24.069  -36.600  80.358 0.0000000000
49180  -23.447  -37.047  79.016 0.0000000000
50210  -23.760  -36.549  77.503 0.0000000000
49192  -23.154  -37.069  78.029 0.0000000000
48108  -22.065  -37.555  78.139 0.0000000000
48115  -21.242  -38.375  76.691 0.0000000000
47040  -20.258  -38.963  74.596 0.0000000000
47051  -19.667  -39.541  73.061 0.0000000000
47067  -19.393  -39.560  71.381 0.0000000000
77815  -52.495  -10.700  52.222 0.0000000000
77816  -53.216  -10.509  52.399 0.0000000000
78792  -53.370  -10.381  50.974 0.0000000000
55129  -4.980  -31.857  73.046 0.0000000000
54064  -6.588  -32.495  73.112 0.0000000000
55090  -5.738  -32.395  74.946 0.0000000000
54055  -6.523  -32.586  73.939 0.0000000000
53054  -7.684  -34.322  72.867 0.0000000000
51271  -7.390  -36.375  72.572 0.0000000000
51257  -7.203  -36.787  72.908 0.0000000000
50289  -6.460  -37.951  72.628 0.0000000000
50258  -6.842  -37.466  74.263 0.0000000000
50275  -6.349  -38.130  73.644 0.0000000000
49284  -5.649  -38.819  71.967 0.0000000000
45990  -4.984  -41.377  71.881 0.0000000000
43801  -5.331  -43.251  71.583 0.0000000000
64143  -48.858  -23.602  57.444 0.0000000000
63091  -42.635  -25.694  56.504 0.0000000000
63111  -42.878  -25.519  55.477 0.0000000000
64178  -43.872  -24.155  54.712 0.0000000000
64157  -45.495  -23.735  55.719 0.0000000000
65147  -46.879  -23.259  56.300 0.0000000000
44764  -8.910  -42.519  77.356 0.0000000000
42694  -8.993  -44.253  77.829 0.0000000000
43702  -10.260  -43.790  76.417 0.0000000000
42695  -9.575  -44.219  77.274 0.0000000000
40627  -9.273  -45.351  77.534 0.0000000000
38304  -8.607  -46.459  75.785 0.0000000000
43803  -18.236  -42.587  72.250 0.0000000000
41775  -17.576  -43.373  72.389 0.0000000000
41761  -17.408  -43.852  73.395 0.0000000000
41800  -15.571  -43.714  71.054 0.0000000000
40707  -16.287  -44.336  72.606 0.0000000000
40679  -16.871  -44.090  73.859 0.0000000000
40678  -15.814  -44.545  73.891 0.0000000000
40644  -14.581  -44.203  74.390 0.0000000000
41714  -14.093  -43.876  74.513 0.0000000000
40643  -13.236  -44.687  74.652 0.0000000000
39577  -12.497  -45.975  74.524 0.0000000000
39576  -11.972  -46.179  74.833 0.0000000000
39632  -11.410  -45.874  73.167 0.0000000000
38374  -11.566  -46.192  73.699 0.0000000000
38333  -11.350  -46.403  74.377 0.0000000000
38331  -9.454  -46.390  74.443 0.0000000000
58552  -2.167  -29.749  70.650 0.0000000000
57381  -3.323  -30.589  70.942 0.0000000000
57403  -3.317  -30.411  69.947 0.0000000000
57421  -2.644  -30.116  69.478 0.0000000000
57441  -3.686  -29.960  67.981 0.0000000000
57460  -4.771  -30.251  66.143 0.0000000000
57480  -4.758  -30.557  65.177 0.0000000000
53079  -7.609  -34.240  69.770 0.0000000000
53104  -7.242  -34.049  68.608 0.0000000000
54126  -6.695  -33.629  67.479 0.0000000000
52203  -4.622  -35.878  66.774 0.0000000000
53118  -5.934  -34.571  66.910 0.0000000000
55190  -6.471  -33.050  66.955 0.0000000000
55200  -5.477  -32.960  65.760 0.0000000000
55199  -4.818  -32.568  65.048 0.0000000000
56312  -4.466  -31.955  64.561 0.0000000000
55208  -3.806  -32.694  63.894 0.0000000000
48074  -8.194  -39.086  80.548 0.0000000000
48061  -7.827  -38.415  81.090 0.0000000000
49137  -7.753  -38.327  80.917 0.0000000000
46956  -6.104  -40.597  79.651 0.0000000000
48057  -6.319  -39.785  80.029 0.0000000000
50156  -7.660  -37.604  80.990 0.0000000000
51181  -7.206  -37.365  80.351 0.0000000000
50175  -6.882  -37.123  79.485 0.0000000000
51203  -6.589  -37.449  78.380 0.0000000000
50194  -6.358  -37.914  77.811 0.0000000000
49196  -5.209  -39.127  76.266 0.0000000000
49228  -4.434  -40.240  75.402 0.0000000000
48117  -3.542  -41.121  76.016 0.0000000000
48127  -4.139  -40.756  75.330 0.0000000000
48142  -4.368  -40.548  74.721 0.0000000000
45958  -4.446  -41.601  73.768 0.0000000000
43786  -5.040  -42.995  72.343 0.0000000000
42789  -4.951  -44.199  71.525 0.0000000000
38289  -2.715  -47.456  76.095 0.0000000000
37039  -2.233  -48.950  74.417 0.0000000000
38313  -2.301  -47.750  75.162 0.0000000000
39592  -2.026  -47.308  74.351 0.0000000000
40691  -2.118  -46.856  74.054 0.0000000000
41772  -2.655  -46.199  73.132 0.0000000000
39668  -2.254  -48.255  71.436 0.0000000000
41783  -3.056  -46.286  72.050 0.0000000000
41796  -3.785  -46.018  71.082 0.0000000000
41797  -4.239  -45.744  70.650 0.0000000000
41814  -5.182  -45.423  69.417 0.0000000000
40776  -5.270  -46.462  68.326 0.0000000000
39742  -5.202  -47.783  67.105 0.0000000000
53020  -31.827  -32.830  77.117 0.0000000000
54018  -31.762  -32.235  77.511 0.0000000000
54017  -31.336  -32.045  77.770 0.0000000000
53026  -31.676  -33.685  76.595 0.0000000000
53027  -31.980  -33.380  76.679 0.0000000000
52102  -31.072  -33.575  76.867 0.0000000000
66187  -50.274  -22.603  57.260 0.0000000000
66188  -50.734  -22.090  57.241 0.0000000000
66185  -48.691  -22.783  56.673 0.0000000000
66204  -48.295  -22.525  56.320 0.0000000000
67279  -49.684  -22.069  56.714 0.0000000000
61828  -36.678  -26.266  68.134 0.0000000000
60807  -36.268  -26.301  68.463 0.0000000000
60805  -35.425  -26.024  68.029 0.0000000000
61826  -35.115  -25.901  67.485 0.0000000000
61827  -35.788  -26.219  67.685 0.0000000000
61852  -36.230  -26.173  67.074 0.0000000000
43817  -5.647  -43.251  70.624 0.0000000000
43831  -5.924  -43.119  69.853 0.0000000000
42844  -6.024  -44.422  68.617 0.0000000000
42826  -5.619  -44.317  69.653 0.0000000000
37042  -7.110  -46.995  75.350 0.0000000000
60719  -31.256  -27.426  74.708 0.0000000000
51204  -6.911  -36.790  78.123 0.0000000000
64068  -43.241  -24.325  61.712 0.0000000000
64059  -43.935  -24.486  62.576 0.0000000000
64067  -42.306  -24.304  61.931 0.0000000000
43732  -13.378  -43.460  74.584 0.0000000000
42724  -13.976  -43.536  74.497 0.0000000000
44830  -19.425  -41.097  74.451 0.0000000000
43764  -19.276  -41.514  74.616 0.0000000000
57479  -4.215  -30.235  64.833 0.0000000000
58642  -3.806  -29.926  64.533 0.0000000000
55145  -6.968  -32.407  71.666 0.0000000000
49167  -9.612  -37.991  79.164 0.0000000000
41692  -3.067  -45.866  77.040 0.0000000000
42696  -3.113  -45.483  76.872 0.0000000000
41696  -2.958  -45.869  76.817 0.0000000000
42721  -2.931  -45.308  76.262 0.0000000000
41713  -2.771  -45.940  76.386 0.0000000000
56171  -33.140  -31.000  76.791 0.0000000000
56183  -33.213  -31.264  75.942 0.0000000000
57289  -33.264  -30.034  76.556 0.0000000000
57288  -33.133  -29.845  75.938 0.0000000000
49218  -28.509  -36.113  74.459 0.0000000000
50249  -28.197  -35.930  74.739 0.0000000000
70434  -51.780  -18.775  56.710 0.0000000000
71502  -52.383  -17.400  57.142 0.0000000000
61887  -39.926  -25.755  64.764 0.0000000000
61876  -40.487  -25.716  65.631 0.0000000000
62957  -40.002  -25.590  64.195 0.0000000000
59799  -1.548  -28.330  69.466 0.0000000000
58573  -1.642  -29.133  69.222 0.0000000000
49297  -6.205  -38.094  71.196 0.0000000000
49296  -5.782  -38.361  70.789 0.0000000000
44909  -4.577  -41.311  66.954 0.0000000000
46027  -4.326  -40.860  67.286 0.0000000000
44924  -4.534  -41.560  66.474 0.0000000000
46056  -4.126  -41.381  66.387 0.0000000000
44944  -4.413  -41.875  65.849 0.0000000000
43885  -4.572  -42.518  65.303 0.0000000000
43886  -4.925  -42.616  65.552 0.0000000000
42692  -8.441  -44.233  78.197 0.0000000000
42691  -7.901  -44.145  78.535 0.0000000000
38275  -5.405  -46.570  77.823 0.0000000000
61756  -34.213  -25.351  70.651 0.0000000000
55160  -31.909  -33.813  70.676 0.0000000000
61770  -33.018  -25.539  69.965 0.0000000000
48088  -22.903  -37.344  80.441 0.0000000000
48087  -22.218  -37.612  79.890 0.0000000000
47003  -21.681  -38.079  78.832 0.0000000000
50200  -25.553  -35.954  77.913 0.0000000000
49182  -24.989  -36.187  78.548 0.0000000000
50296  -21.076  -36.624  73.327 0.0000000000
50281  -21.517  -36.619  74.141 0.0000000000
50295  -20.622  -37.012  72.867 0.0000000000
49286  -19.941  -37.577  71.996 0.0000000000
50318  -20.304  -36.571  71.332 0.0000000000
53029  -7.180  -34.059  75.912 0.0000000000
52120  -7.523  -35.163  75.104 0.0000000000
52130  -7.583  -35.344  74.275 0.0000000000
49230  -5.283  -39.088  74.840 0.0000000000
48160  -4.590  -39.943  73.674 0.0000000000
48143  -4.500  -40.084  74.278 0.0000000000
63073  -47.733  -24.456  59.254 0.0000000000
63072  -47.209  -24.512  59.371 0.0000000000
64114  -45.965  -24.452  58.429 0.0000000000
64128  -46.125  -24.154  57.354 0.0000000000
39558  -11.139  -45.541  75.973 0.0000000000
39566  -11.025  -46.282  75.396 0.0000000000
43849  -16.177  -42.454  69.987 0.0000000000
42852  -15.963  -42.755  70.261 0.0000000000
40718  -13.881  -45.133  72.181 0.0000000000
40719  -14.528  -45.054  72.279 0.0000000000
39657  -14.140  -45.416  72.912 0.0000000000
39656  -13.647  -45.420  72.743 0.0000000000
39635  -13.602  -45.651  73.347 0.0000000000
39655  -12.855  -45.540  72.825 0.0000000000
56284  -5.915  -31.151  67.765 0.0000000000
56285  -6.385  -31.807  67.547 0.0000000000
51318  -5.144  -37.004  68.134 0.0000000000
51332  -4.944  -36.264  67.444 0.0000000000
54146  -3.951  -34.032  64.825 0.0000000000
52072  -9.178  -35.470  81.316 0.0000000000
51172  -7.958  -36.428  81.378 0.0000000000
43676  -6.342  -42.831  79.505 0.0000000000
44745  -6.615  -41.934  79.729 0.0000000000
44744  -5.888  -42.379  79.535 0.0000000000
48089  -4.441  -40.903  78.505 0.0000000000
49152  -4.817  -40.641  78.945 0.0000000000
49173  -4.608  -40.398  78.268 0.0000000000
49164  -5.031  -40.074  78.604 0.0000000000
49183  -4.469  -40.289  77.628 0.0000000000
42747  -3.396  -44.556  74.444 0.0000000000
43762  -3.723  -43.741  74.461 0.0000000000
42757  -3.623  -44.635  73.822 0.0000000000
34796  -1.906  -50.883  72.312 0.0000000000
34788  -1.856  -50.694  72.941 0.0000000000
50251  -32.321  -35.833  74.609 0.0000000000
51237  -32.858  -35.472  74.546 0.0000000000
52123  -32.846  -34.935  75.221 0.0000000000
54026  -32.425  -32.639  76.801 0.0000000000
54033  -32.702  -33.206  76.269 0.0000000000
55077  -32.838  -31.970  76.809 0.0000000000
56160  -32.992  -31.670  76.792 0.0000000000
50232  -29.994  -36.034  75.371 0.0000000000
49206  -30.440  -36.387  74.862 0.0000000000
50235  -31.789  -35.766  75.021 0.0000000000
49208  -31.519  -36.117  74.799 0.0000000000
49223  -31.890  -36.255  74.430 0.0000000000
49241  -32.014  -36.702  73.626 0.0000000000
51211  -30.525  -34.258  76.621 0.0000000000
51210  -29.922  -34.400  76.782 0.0000000000
50216  -29.490  -35.570  75.903 0.0000000000
68394  -51.316  -20.336  56.912 0.0000000000
68395  -51.980  -20.332  57.339 0.0000000000
68378  -51.936  -21.012  57.502 0.0000000000
65186  -45.115  -23.340  55.164 0.0000000000
66220  -44.854  -22.515  54.777 0.0000000000
66221  -45.889  -22.482  55.352 0.0000000000
67308  -47.412  -21.267  55.303 0.0000000000
67307  -46.464  -21.345  55.109 0.0000000000
68411  -47.075  -20.451  54.867 0.0000000000
68413  -48.602  -20.393  55.299 0.0000000000
67297  -50.170  -21.122  56.511 0.0000000000
68402  -50.122  -20.494  56.231 0.0000000000
68403  -50.691  -20.345  56.516 0.0000000000
61855  -39.291  -25.822  66.586 0.0000000000
61806  -39.047  -25.650  68.865 0.0000000000
61790  -39.114  -25.457  69.781 0.0000000000
61823  -32.347  -25.842  67.704 0.0000000000
61848  -32.741  -25.767  66.837 0.0000000000
61869  -34.079  -25.677  66.127 0.0000000000
62952  -34.902  -25.390  64.736 0.0000000000
62934  -35.322  -25.620  65.536 0.0000000000
62936  -36.825  -25.753  65.624 0.0000000000
61873  -37.424  -25.834  66.043 0.0000000000
47064  -4.727  -40.393  71.022 0.0000000000
46002  -4.779  -40.635  70.300 0.0000000000
44912  -5.983  -42.321  69.061 0.0000000000
44926  -5.570  -41.991  67.395 0.0000000000
44947  -6.099  -42.694  67.240 0.0000000000
43888  -6.175  -43.346  66.563 0.0000000000
41853  -6.285  -45.302  67.285 0.0000000000
41854  -6.470  -44.852  66.843 0.0000000000
41866  -6.238  -45.767  66.789 0.0000000000
40808  -6.256  -46.118  66.067 0.0000000000
39743  -5.674  -47.220  66.543 0.0000000000
39551  -8.701  -46.100  77.572 0.0000000000
39546  -8.233  -45.884  78.050 0.0000000000
38286  -8.155  -46.351  77.407 0.0000000000
63937  -31.938  -24.466  72.232 0.0000000000
57325  -31.366  -30.571  73.574 0.0000000000
56227  -31.116  -31.531  72.543 0.0000000000
58534  -30.960  -30.498  73.294 0.0000000000
58519  -30.294  -28.973  73.511 0.0000000000
58532  -30.216  -29.408  73.162 0.0000000000
59789  -29.823  -29.214  72.849 0.0000000000
57366  -29.599  -30.022  71.627 0.0000000000
59788  -29.470  -28.588  72.412 0.0000000000
62826  -30.555  -25.607  73.081 0.0000000000
49143  -23.292  -36.684  81.547 0.0000000000
49144  -23.733  -36.312  81.467 0.0000000000
51251  -25.506  -35.119  74.646 0.0000000000
51235  -24.564  -35.391  75.319 0.0000000000
75818  -50.586  -14.113  55.680 0.0000000000
75824  -50.124  -13.943  55.040 0.0000000000
76808  -51.312  -12.985  55.765 0.0000000000
76816  -51.273  -12.166  54.916 0.0000000000
76822  -50.945  -11.871  54.204 0.0000000000
77802  -52.436  -11.542  54.987 0.0000000000
77795  -52.874  -11.847  55.701 0.0000000000
50206  -6.546  -37.818  76.876 0.0000000000
64070  -45.339  -24.464  61.368 0.0000000000
63048  -39.354  -25.216  59.698 0.0000000000
63067  -40.690  -25.387  58.515 0.0000000000
63068  -41.469  -25.322  58.140 0.0000000000
63051  -42.072  -24.625  58.673 0.0000000000
64096  -43.687  -24.355  59.634 0.0000000000
64097  -44.767  -24.473  59.524 0.0000000000
44784  -11.620  -43.430  75.218 0.0000000000
42705  -12.461  -44.070  75.112 0.0000000000
41698  -12.221  -44.408  75.290 0.0000000000
40634  -12.250  -44.875  75.363 0.0000000000
40757  -12.341  -44.330  70.662 0.0000000000
56222  -4.671  -31.592  72.430 0.0000000000
56238  -4.102  -31.364  72.022 0.0000000000
55157  -7.261  -32.564  70.702 0.0000000000
55156  -6.529  -31.861  71.039 0.0000000000
55165  -6.853  -31.988  70.070 0.0000000000
49331  -3.039  -38.272  66.681 0.0000000000
49339  -3.081  -38.247  65.769 0.0000000000
50177  -9.648  -37.042  80.020 0.0000000000
51190  -9.824  -35.964  79.887 0.0000000000
50169  -9.265  -36.511  80.788 0.0000000000
51176  -9.164  -35.831  80.982 0.0000000000
50159  -8.941  -36.931  81.087 0.0000000000
42688  -4.614  -44.259  78.532 0.0000000000
43679  -4.864  -43.533  78.763 0.0000000000
43700  -3.555  -43.940  77.150 0.0000000000
43693  -3.936  -43.364  78.148 0.0000000000
45903  -3.985  -42.319  77.859 0.0000000000
45912  -3.724  -42.244  77.205 0.0000000000
42735  -2.762  -45.480  75.638 0.0000000000
42736  -3.057  -44.848  75.598 0.0000000000
42746  -3.031  -45.023  74.827 0.0000000000
41747  -2.578  -45.824  74.705 0.0000000000
53074  -32.583  -34.756  70.985 0.0000000000
54084  -32.751  -34.501  71.717 0.0000000000
52135  -33.263  -34.929  74.136 0.0000000000
52145  -33.302  -35.099  73.307 0.0000000000
56194  -33.024  -31.851  74.816 0.0000000000
55121  -33.027  -33.244  74.082 0.0000000000
55120  -32.700  -32.728  73.782 0.0000000000
55136  -32.272  -33.006  72.565 0.0000000000
57314  -32.647  -30.840  74.507 0.0000000000
58501  -32.580  -29.291  75.404 0.0000000000
48169  -29.643  -37.301  71.937 0.0000000000
51194  -26.285  -34.834  79.547 0.0000000000
50191  -26.216  -35.362  78.932 0.0000000000
50192  -26.789  -35.092  78.576 0.0000000000
52099  -28.489  -34.042  77.750 0.0000000000
51202  -28.006  -34.294  77.863 0.0000000000
50214  -27.290  -35.429  76.701 0.0000000000
50213  -26.265  -35.666  76.963 0.0000000000
50247  -26.759  -35.514  75.296 0.0000000000
50297  -26.490  -35.390  72.701 0.0000000000
73675  -53.873  -15.591  58.346 0.0000000000
70450  -49.203  -18.533  54.708 0.0000000000
70463  -48.240  -18.058  54.054 0.0000000000
71517  -50.057  -16.933  54.884 0.0000000000
72585  -50.065  -16.296  54.875 0.0000000000
73700  -50.431  -15.514  55.486 0.0000000000
72569  -52.315  -16.656  57.193 0.0000000000
73689  -52.253  -15.919  57.232 0.0000000000
64045  -41.874  -24.759  63.418 0.0000000000
62983  -42.182  -24.991  63.956 0.0000000000
62959  -41.758  -25.227  64.456 0.0000000000
61858  -41.871  -25.595  66.325 0.0000000000
62918  -42.664  -25.509  66.116 0.0000000000
61831  -40.077  -25.681  67.279 0.0000000000
61832  -41.048  -25.691  67.205 0.0000000000
63002  -35.697  -25.402  63.594 0.0000000000
61914  -37.417  -25.666  62.329 0.0000000000
60852  -37.700  -25.725  61.413 0.0000000000
62981  -40.920  -25.142  63.717 0.0000000000
63005  -40.757  -24.948  62.933 0.0000000000
63006  -41.139  -24.928  63.369 0.0000000000
64056  -41.377  -24.729  63.033 0.0000000000
46004  -19.035  -40.698  71.548 0.0000000000
46030  -17.224  -41.047  69.064 0.0000000000
59812  -1.907  -28.243  67.402 0.0000000000
58601  -2.763  -29.136  66.567 0.0000000000
58588  -4.037  -29.758  66.549 0.0000000000
50327  -6.011  -37.571  69.741 0.0000000000
51295  -6.319  -37.398  69.846 0.0000000000
51305  -5.424  -37.435  68.844 0.0000000000
47075  -4.551  -40.246  69.818 0.0000000000
48215  -4.414  -39.497  69.128 0.0000000000
48214  -3.838  -39.558  67.920 0.0000000000
46070  -3.632  -41.304  65.722 0.0000000000
47135  -3.286  -40.591  65.689 0.0000000000
42893  -5.719  -44.157  65.481 0.0000000000
42892  -5.048  -44.028  64.834 0.0000000000
41879  -4.950  -44.718  64.493 0.0000000000
46993  -8.663  -40.223  78.834 0.0000000000
45893  -8.183  -41.283  79.049 0.0000000000
43685  -7.575  -43.041  79.016 0.0000000000
44752  -7.760  -41.972  79.206 0.0000000000
43684  -7.046  -42.886  79.480 0.0000000000
42684  -6.898  -43.891  79.210 0.0000000000
40621  -7.767  -45.229  78.575 0.0000000000
39539  -7.335  -45.548  78.498 0.0000000000
40618  -6.066  -45.470  78.913 0.0000000000
40619  -6.387  -45.335  78.987 0.0000000000
40610  -6.093  -45.018  79.289 0.0000000000
41679  -6.252  -44.509  79.283 0.0000000000
40609  -5.667  -45.064  79.102 0.0000000000
41677  -5.469  -44.635  79.004 0.0000000000
40608  -5.277  -45.080  78.848 0.0000000000
39543  -4.378  -46.276  77.818 0.0000000000
39533  -4.374  -45.788  78.058 0.0000000000
39541  -3.723  -46.621  77.437 0.0000000000
40623  -3.558  -45.990  77.599 0.0000000000
60779  -35.110  -25.755  68.863 0.0000000000
60768  -35.885  -25.739  69.507 0.0000000000
56261  -30.699  -32.408  70.719 0.0000000000
61784  -30.085  -25.897  69.576 0.0000000000
61801  -30.622  -25.898  68.707 0.0000000000
60792  -34.970  -25.790  68.337 0.0000000000
45922  -20.555  -39.167  77.341 0.0000000000
45916  -20.709  -38.959  77.897 0.0000000000
45929  -20.406  -39.390  76.626 0.0000000000
45936  -19.822  -40.227  75.537 0.0000000000
45937  -20.218  -39.632  75.902 0.0000000000
50181  -24.679  -36.165  80.301 0.0000000000
49171  -24.131  -36.661  79.531 0.0000000000
49170  -23.509  -37.101  79.748 0.0000000000
50245  -23.907  -35.860  75.862 0.0000000000
50226  -23.836  -36.190  76.704 0.0000000000
50244  -22.900  -36.358  75.864 0.0000000000
50225  -22.770  -36.732  76.664 0.0000000000
49201  -22.351  -37.305  77.130 0.0000000000
49191  -22.265  -37.401  77.701 0.0000000000
48123  -21.631  -37.851  76.650 0.0000000000
48116  -21.673  -37.889  77.351 0.0000000000
48130  -20.759  -38.337  75.020 0.0000000000
48147  -19.863  -38.926  73.443 0.0000000000
47039  -19.852  -39.510  74.002 0.0000000000
47058  -19.582  -39.476  72.227 0.0000000000
49310  -19.565  -37.691  70.187 0.0000000000
48191  -19.463  -38.543  70.808 0.0000000000
78788  -53.770  -10.203  52.223 0.0000000000
55116  -5.758  -32.149  73.508 0.0000000000
54035  -5.724  -32.649  76.238 0.0000000000
54046  -7.145  -33.268  74.386 0.0000000000
54056  -7.275  -33.253  73.475 0.0000000000
52138  -7.661  -35.302  73.360 0.0000000000
51243  -7.365  -36.537  73.928 0.0000000000
50290  -6.869  -37.367  72.350 0.0000000000
50257  -6.319  -38.104  74.546 0.0000000000
49251  -5.842  -38.636  73.561 0.0000000000
49268  -5.996  -38.499  72.808 0.0000000000
49283  -5.175  -39.413  72.318 0.0000000000
47056  -4.702  -40.657  72.342 0.0000000000
45976  -4.834  -41.425  72.491 0.0000000000
44858  -5.123  -42.132  72.126 0.0000000000
64142  -48.046  -23.603  57.185 0.0000000000
64131  -49.579  -23.862  57.981 0.0000000000
64130  -48.614  -23.967  57.923 0.0000000000
60770  -37.003  -25.671  70.027 0.0000000000
63081  -42.406  -25.337  57.323 0.0000000000
63112  -43.857  -24.916  55.557 0.0000000000
64154  -43.460  -24.848  54.952 0.0000000000
63113  -44.501  -24.548  55.566 0.0000000000
64156  -44.811  -24.156  55.377 0.0000000000
64139  -45.094  -24.256  55.869 0.0000000000
64141  -46.899  -23.618  56.785 0.0000000000
65148  -47.641  -23.262  56.630 0.0000000000
43695  -8.876  -43.441  77.667 0.0000000000
43711  -10.821  -43.761  75.907 0.0000000000
44774  -10.274  -43.387  76.138 0.0000000000
41691  -9.463  -44.758  77.436 0.0000000000
39548  -9.303  -45.728  77.341 0.0000000000
38305  -9.560  -46.429  75.641 0.0000000000
38294  -9.148  -46.376  76.362 0.0000000000
44887  -18.350  -41.880  71.304 0.0000000000
43804  -18.540  -42.075  71.999 0.0000000000
43819  -17.905  -42.460  71.378 0.0000000000
41803  -17.036  -43.324  71.568 0.0000000000
42790  -17.370  -43.180  71.816 0.0000000000
41762  -17.821  -43.498  73.061 0.0000000000
41774  -17.189  -43.914  72.646 0.0000000000
41822  -15.182  -43.524  70.465 0.0000000000
40760  -14.771  -43.877  70.708 0.0000000000
40694  -16.841  -44.281  73.091 0.0000000000
40661  -16.263  -44.151  74.229 0.0000000000
39618  -14.598  -45.190  73.837 0.0000000000
40660  -15.065  -44.515  74.189 0.0000000000
39580  -14.401  -44.835  74.220 0.0000000000
40659  -14.119  -44.712  74.321 0.0000000000
40658  -13.704  -45.192  74.306 0.0000000000
39594  -12.956  -46.085  74.042 0.0000000000
38335  -12.507  -46.214  74.184 0.0000000000
38334  -12.027  -46.332  74.278 0.0000000000
39674  -11.913  -45.154  72.057 0.0000000000
39654  -12.070  -45.569  72.735 0.0000000000
39653  -11.205  -45.526  72.493 0.0000000000
38373  -10.681  -46.106  73.499 0.0000000000
38352  -10.991  -46.339  73.988 0.0000000000
38332  -10.499  -46.435  74.447 0.0000000000
58535  -2.052  -29.510  71.964 0.0000000000
58551  -1.843  -29.259  70.997 0.0000000000
56255  -4.177  -31.105  71.127 0.0000000000
57404  -4.245  -30.518  69.573 0.0000000000
57382  -3.923  -30.654  70.432 0.0000000000
57422  -3.287  -30.224  68.826 0.0000000000
57443  -5.366  -30.680  67.051 0.0000000000
57481  -5.285  -30.898  65.541 0.0000000000
52176  -7.582  -35.065  69.894 0.0000000000
52193  -6.530  -35.141  67.949 0.0000000000
53089  -7.171  -34.690  68.618 0.0000000000
53103  -6.913  -34.248  68.057 0.0000000000
54116  -7.214  -33.372  68.367 0.0000000000
53119  -6.440  -34.450  67.438 0.0000000000
52202  -4.168  -36.326  66.643 0.0000000000
53136  -5.010  -34.717  66.165 0.0000000000
53137  -5.460  -34.425  66.413 0.0000000000
54137  -5.870  -33.665  66.422 0.0000000000
55189  -6.106  -32.545  66.354 0.0000000000
54149  -5.353  -33.553  65.895 0.0000000000
55198  -4.382  -32.791  64.684 0.0000000000
55209  -4.074  -32.609  64.264 0.0000000000
54157  -3.738  -33.435  64.075 0.0000000000
46972  -8.170  -40.145  79.873 0.0000000000
48075  -8.569  -39.231  80.134 0.0000000000
46971  -7.889  -40.066  80.186 0.0000000000
46959  -7.352  -40.134  80.341 0.0000000000
48060  -7.805  -39.100  80.681 0.0000000000
49138  -8.082  -38.042  81.135 0.0000000000
45881  -5.465  -41.659  79.368 0.0000000000
45875  -5.733  -41.277  79.495 0.0000000000
45882  -5.840  -41.096  79.461 0.0000000000
48072  -6.064  -39.749  79.727 0.0000000000
49135  -6.748  -38.896  80.400 0.0000000000
50155  -7.236  -38.194  80.561 0.0000000000
50167  -7.349  -37.613  80.603 0.0000000000
50166  -6.868  -38.153  80.178 0.0000000000
50174  -6.715  -37.802  79.552 0.0000000000
50185  -6.415  -37.881  78.737 0.0000000000
50186  -6.726  -37.321  79.152 0.0000000000
50193  -5.708  -38.715  77.501 0.0000000000
49195  -4.729  -39.645  76.589 0.0000000000
49210  -4.753  -39.640  75.833 0.0000000000
45917  -3.552  -42.255  76.520 0.0000000000
48110  -3.639  -41.053  76.375 0.0000000000
45942  -3.936  -42.059  74.997 0.0000000000
47023  -3.849  -41.673  75.334 0.0000000000
47024  -4.085  -41.263  75.066 0.0000000000
47034  -4.288  -41.046  74.217 0.0000000000
44840  -4.405  -42.554  73.861 0.0000000000
42772  -4.371  -44.423  72.685 0.0000000000
43785  -4.698  -43.523  72.784 0.0000000000
43800  -4.973  -43.750  72.101 0.0000000000
37029  -2.645  -48.850  75.184 0.0000000000
37048  -1.882  -49.056  73.866 0.0000000000
35865  -2.120  -49.926  73.812 0.0000000000
38314  -2.039  -48.222  74.490 0.0000000000
39575  -1.830  -48.001  74.346 0.0000000000
39574  -2.134  -47.526  74.775 0.0000000000
39593  -1.805  -47.751  74.236 0.0000000000
39613  -1.785  -47.553  73.773 0.0000000000
40704  -2.135  -46.952  73.390 0.0000000000
40717  -2.274  -47.116  72.472 0.0000000000
40730  -2.507  -47.473  71.498 0.0000000000
41795  -3.100  -46.902  71.066 0.0000000000
41813  -4.286  -46.209  69.969 0.0000000000
42824  -4.443  -45.565  70.479 0.0000000000
41835  -4.948  -46.251  69.041 0.0000000000
54019  -32.186  -32.122  77.346 0.0000000000
56147  -32.473  -30.919  77.750 0.0000000000
55067  -32.132  -31.522  77.678 0.0000000000
55066  -31.747  -31.410  77.883 0.0000000000
51219  -31.940  -34.799  75.727 0.0000000000
52117  -32.538  -34.443  75.650 0.0000000000
52111  -32.154  -34.250  76.058 0.0000000000
51217  -30.678  -34.745  76.261 0.0000000000
50218  -30.928  -35.395  75.734 0.0000000000
51218  -31.441  -34.946  75.796 0.0000000000
53017  -30.121  -33.019  77.574 0.0000000000
52108  -30.854  -34.066  76.576 0.0000000000
54010  -30.832  -31.760  78.060 0.0000000000
67281  -51.149  -21.506  57.212 0.0000000000
65165  -47.363  -22.946  56.262 0.0000000000
66202  -46.561  -22.580  55.680 0.0000000000
66203  -47.197  -22.545  55.894 0.0000000000
67294  -47.791  -21.896  55.697 0.0000000000
67295  -48.693  -21.514  55.844 0.0000000000
68400  -48.557  -20.854  55.418 0.0000000000
61805  -37.683  -25.964  68.824 0.0000000000
61789  -38.316  -25.564  69.764 0.0000000000
61825  -34.387  -25.766  67.387 0.0000000000
61850  -34.633  -25.783  66.856 0.0000000000
61870  -34.953  -25.736  66.232 0.0000000000
61871  -35.774  -25.902  66.298 0.0000000000
44885  -5.404  -41.729  70.236 0.0000000000
44897  -5.694  -42.237  69.778 0.0000000000
43862  -6.455  -43.619  67.741 0.0000000000
41836  -5.705  -45.504  68.400 0.0000000000
37032  -6.943  -47.110  75.976 0.0000000000
58510  -31.245  -29.061  74.352 0.0000000000
58521  -31.259  -30.086  73.784 0.0000000000
58509  -30.979  -28.909  74.162 0.0000000000
59750  -30.650  -28.180  74.103 0.0000000000
59764  -30.337  -28.322  73.756 0.0000000000
60732  -29.953  -27.715  73.387 0.0000000000
61719  -30.834  -26.634  74.238 0.0000000000
62815  -30.770  -25.921  73.861 0.0000000000
51178  -24.329  -34.873  81.791 0.0000000000
51264  -24.811  -34.611  73.109 0.0000000000
75804  -51.910  -14.176  56.779 0.0000000000
75819  -51.381  -13.821  56.333 0.0000000000
75805  -52.311  -13.612  56.752 0.0000000000
76796  -52.792  -13.066  56.682 0.0000000000
76782  -54.405  -12.952  57.518 0.0000000000
64078  -40.913  -24.534  61.540 0.0000000000
64093  -40.929  -24.463  60.658 0.0000000000
64094  -41.571  -24.390  60.175 0.0000000000
64081  -43.470  -24.301  60.656 0.0000000000
43731  -12.385  -43.542  74.978 0.0000000000
41699  -12.911  -44.225  74.837 0.0000000000
44788  -19.692  -40.514  76.341 0.0000000000
58620  -3.045  -29.031  65.610 0.0000000000
58641  -3.354  -29.222  64.442 0.0000000000
48255  -3.272  -39.244  65.394 0.0000000000
50176  -9.350  -37.603  80.265 0.0000000000
41689  -3.856  -45.319  77.870 0.0000000000
43687  -4.064  -43.920  78.116 0.0000000000
42693  -3.893  -44.732  77.837 0.0000000000
42697  -3.536  -44.800  77.371 0.0000000000
42703  -3.257  -44.579  76.810 0.0000000000
43710  -3.452  -44.095  76.879 0.0000000000
43709  -3.236  -44.787  76.712 0.0000000000
41746  -2.453  -46.175  75.024 0.0000000000
55094  -33.141  -32.644  75.698 0.0000000000
56184  -33.180  -32.113  75.453 0.0000000000
50215  -28.511  -35.382  76.209 0.0000000000
50230  -28.218  -35.793  75.219 0.0000000000
72553  -52.958  -16.607  57.651 0.0000000000
70441  -50.194  -18.673  55.427 0.0000000000
70451  -49.949  -17.808  54.924 0.0000000000
71509  -51.164  -17.242  56.015 0.0000000000
72577  -51.053  -16.521  56.094 0.0000000000
62958  -41.165  -25.276  64.344 0.0000000000
61889  -41.372  -25.391  64.913 0.0000000000
61877  -41.343  -25.554  65.588 0.0000000000
61897  -38.507  -25.572  63.259 0.0000000000
62979  -39.335  -25.438  62.891 0.0000000000
61898  -40.329  -25.539  64.371 0.0000000000
47077  -18.272  -40.081  69.624 0.0000000000
59807  -2.104  -28.847  67.764 0.0000000000
58575  -3.072  -29.642  68.036 0.0000000000
50304  -6.857  -37.335  71.429 0.0000000000
50317  -6.833  -37.260  70.800 0.0000000000
50315  -5.838  -38.024  70.263 0.0000000000
46028  -4.790  -40.764  68.026 0.0000000000
47090  -3.851  -40.474  67.190 0.0000000000
47106  -3.683  -40.740  66.712 0.0000000000
44943  -4.023  -41.704  65.653 0.0000000000
44970  -3.997  -41.961  65.215 0.0000000000
43909  -4.394  -42.790  64.873 0.0000000000
43694  -8.414  -42.858  78.167 0.0000000000
44755  -8.235  -42.259  78.533 0.0000000000
43689  -7.776  -43.605  78.705 0.0000000000
41682  -7.385  -44.505  78.869 0.0000000000
38277  -6.572  -46.254  78.116 0.0000000000
39538  -6.668  -45.706  78.582 0.0000000000
38270  -6.201  -46.102  78.378 0.0000000000
38269  -5.763  -46.196  78.266 0.0000000000
39536  -5.772  -45.982  78.426 0.0000000000
39535  -5.185  -45.841  78.258 0.0000000000
38267  -4.836  -46.228  77.884 0.0000000000
38273  -4.401  -46.623  77.631 0.0000000000
61771  -33.936  -25.547  69.960 0.0000000000
61772  -34.763  -25.605  70.054 0.0000000000
57388  -30.129  -31.537  70.848 0.0000000000
62858  -30.788  -25.329  71.321 0.0000000000
61786  -32.500  -25.641  69.338 0.0000000000
46995  -21.328  -38.602  78.787 0.0000000000
47002  -21.181  -38.569  78.347 0.0000000000
47015  -20.992  -38.656  77.157 0.0000000000
51193  -25.728  -35.270  79.961 0.0000000000
50182  -25.304  -35.759  79.934 0.0000000000
49172  -24.810  -36.235  79.268 0.0000000000
51248  -22.173  -36.006  74.329 0.0000000000
50263  -21.884  -36.580  74.751 0.0000000000
49234  -21.323  -37.392  74.826 0.0000000000
49215  -21.271  -37.863  75.457 0.0000000000
48166  -20.294  -37.946  73.172 0.0000000000
49298  -19.606  -37.546  71.078 0.0000000000
76825  -49.880  -11.980  52.606 0.0000000000
54036  -6.397  -32.882  75.578 0.0000000000
54037  -6.963  -33.218  75.048 0.0000000000
49266  -5.047  -39.501  73.378 0.0000000000
48177  -4.560  -40.318  73.369 0.0000000000
47046  -4.516  -40.847  73.346 0.0000000000
64116  -48.239  -24.304  58.747 0.0000000000
64100  -48.313  -24.492  59.559 0.0000000000
63071  -43.874  -24.640  57.894 0.0000000000
63082  -43.263  -24.931  57.161 0.0000000000
63083  -44.350  -24.648  57.217 0.0000000000
63084  -45.140  -24.475  56.964 0.0000000000
63094  -45.353  -24.309  56.492 0.0000000000
44773  -9.570  -42.853  76.603 0.0000000000
41695  -10.852  -44.640  76.280 0.0000000000
40631  -10.671  -45.070  76.430 0.0000000000
39554  -10.400  -45.375  76.486 0.0000000000
39553  -9.888  -45.734  76.681 0.0000000000
38318  -10.026  -46.477  74.989 0.0000000000
43833  -17.343  -42.461  70.628 0.0000000000
43818  -17.489  -42.656  71.122 0.0000000000
42832  -17.021  -42.926  70.894 0.0000000000
42809  -16.876  -43.106  71.062 0.0000000000
41824  -16.274  -43.300  71.035 0.0000000000
40759  -14.277  -44.025  70.830 0.0000000000
40738  -14.998  -44.280  71.231 0.0000000000
40706  -15.227  -45.069  72.920 0.0000000000
40692  -15.276  -44.969  73.584 0.0000000000
39637  -14.693  -45.271  73.491 0.0000000000
39617  -14.041  -45.472  73.759 0.0000000000
39596  -13.937  -45.328  74.081 0.0000000000
39616  -13.517  -45.774  73.742 0.0000000000
39615  -13.016  -46.015  73.777 0.0000000000
39614  -12.734  -46.047  73.687 0.0000000000
38372  -9.488  -46.084  73.049 0.0000000000
57380  -2.628  -30.269  71.209 0.0000000000
56268  -5.327  -30.911  69.801 0.0000000000
57405  -4.970  -30.622  68.951 0.0000000000
52182  -7.068  -35.471  68.985 0.0000000000
52192  -5.855  -35.765  67.833 0.0000000000
52218  -3.938  -35.803  65.949 0.0000000000
53134  -4.139  -35.333  65.744 0.0000000000
54135  -4.672  -34.214  65.627 0.0000000000
54148  -4.962  -33.489  65.502 0.0000000000
53153  -4.265  -34.368  65.333 0.0000000000
45883  -7.432  -41.312  79.831 0.0000000000
45878  -7.317  -40.999  80.074 0.0000000000
45877  -6.944  -41.087  80.121 0.0000000000
46958  -6.898  -40.304  80.274 0.0000000000
46968  -4.741  -41.531  79.075 0.0000000000
46969  -5.172  -41.100  79.207 0.0000000000
48070  -5.264  -40.670  79.180 0.0000000000
48082  -5.282  -40.424  79.119 0.0000000000
49145  -5.973  -39.413  79.515 0.0000000000
50165  -6.344  -38.652  79.709 0.0000000000
49165  -5.425  -39.409  78.501 0.0000000000
49175  -5.257  -39.203  77.818 0.0000000000
49184  -4.779  -39.699  77.351 0.0000000000
44807  -3.502  -43.002  75.550 0.0000000000
44824  -3.676  -42.895  75.006 0.0000000000
44825  -4.012  -42.770  74.457 0.0000000000
43784  -4.395  -43.984  73.202 0.0000000000
42787  -4.084  -45.091  72.286 0.0000000000
35875  -1.847  -49.941  73.344 0.0000000000
37056  -1.608  -49.144  73.285 0.0000000000
37066  -1.584  -49.205  72.548 0.0000000000
38369  -1.662  -48.520  72.301 0.0000000000
40751  -3.234  -47.525  70.306 0.0000000000
49261  -32.540  -36.648  72.786 0.0000000000
50286  -33.031  -36.164  73.012 0.0000000000
50269  -32.978  -35.977  73.674 0.0000000000
51238  -33.135  -35.230  74.353 0.0000000000
53035  -33.108  -33.981  75.305 0.0000000000
53034  -32.801  -33.810  75.784 0.0000000000
54034  -33.027  -33.190  75.909 0.0000000000
49219  -29.295  -36.579  74.288 0.0000000000
49238  -29.673  -37.062  73.853 0.0000000000
48124  -30.380  -37.168  73.922 0.0000000000
49207  -31.079  -36.265  74.868 0.0000000000
48126  -31.080  -36.927  74.211 0.0000000000
48135  -31.204  -37.101  73.696 0.0000000000
48154  -32.010  -37.076  72.679 0.0000000000
52100  -29.377  -33.792  77.466 0.0000000000
51215  -29.097  -35.221  76.396 0.0000000000
49204  -28.878  -36.155  74.777 0.0000000000
70427  -52.897  -18.893  57.700 0.0000000000
69404  -52.628  -19.446  57.537 0.0000000000
68409  -45.063  -20.694  54.356 0.0000000000
69419  -49.309  -19.466  55.277 0.0000000000
68401  -49.195  -20.446  55.607 0.0000000000
69420  -49.873  -19.622  55.675 0.0000000000
69412  -51.409  -19.358  56.603 0.0000000000
61807  -40.017  -25.627  68.193 0.0000000000
61868  -33.125  -25.649  66.050 0.0000000000
62975  -33.694  -25.171  63.820 0.0000000000
62976  -34.576  -25.292  63.938 0.0000000000
62977  -35.347  -25.392  64.069 0.0000000000
62935  -36.133  -25.752  65.589 0.0000000000
61884  -36.951  -25.585  64.697 0.0000000000
61885  -37.426  -25.642  64.986 0.0000000000
47093  -4.754  -40.514  69.381 0.0000000000
46015  -5.015  -40.899  69.826 0.0000000000
46029  -5.111  -40.794  68.912 0.0000000000
44925  -5.063  -41.707  66.795 0.0000000000
43887  -5.464  -42.854  65.960 0.0000000000
43912  -5.743  -43.513  65.840 0.0000000000
42894  -6.255  -44.472  65.942 0.0000000000
43889  -6.549  -43.990  67.081 0.0000000000
40829  -6.141  -45.473  65.395 0.0000000000
40828  -5.835  -45.954  64.890 0.0000000000
40626  -8.472  -45.324  78.215 0.0000000000
40622  -8.104  -45.043  78.523 0.0000000000
39545  -7.597  -45.870  78.199 0.0000000000
38278  -7.202  -46.191  77.947 0.0000000000
38285  -7.413  -46.479  77.485 0.0000000000
38284  -6.713  -46.628  77.568 0.0000000000
37016  -6.251  -46.893  77.425 0.0000000000
62845  -32.268  -24.814  71.169 0.0000000000
63957  -33.642  -24.385  71.880 0.0000000000
63956  -32.668  -24.455  71.730 0.0000000000
56247  -31.398  -32.477  71.824 0.0000000000
55150  -31.378  -32.970  71.258 0.0000000000
56246  -30.995  -31.793  72.002 0.0000000000
57368  -30.600  -31.438  71.904 0.0000000000
58533  -30.589  -30.227  73.023 0.0000000000
57343  -30.633  -30.691  72.740 0.0000000000
57367  -30.243  -30.671  72.140 0.0000000000
57386  -29.269  -29.806  71.145 0.0000000000
58561  -29.007  -29.810  70.497 0.0000000000
59798  -28.939  -28.331  71.260 0.0000000000
60756  -29.179  -27.372  71.719 0.0000000000
61739  -29.527  -26.573  71.985 0.0000000000
60745  -29.973  -27.000  73.223 0.0000000000
61740  -29.941  -26.232  72.644 0.0000000000
61755  -30.027  -25.805  71.617 0.0000000000
48079  -22.874  -37.199  81.057 0.0000000000
48095  -22.898  -37.445  79.851 0.0000000000
50227  -25.109  -35.864  76.508 0.0000000000
52144  -23.788  -34.613  73.166 0.0000000000
52134  -23.374  -35.067  73.861 0.0000000000
51249  -23.007  -35.457  74.284 0.0000000000
52142  -22.322  -35.457  73.393 0.0000000000
51277  -21.480  -35.791  72.671 0.0000000000
51286  -20.839  -36.097  72.030 0.0000000000
76820  -49.706  -13.244  54.206 0.0000000000
76807  -50.885  -13.486  55.747 0.0000000000
76815  -50.433  -13.159  55.062 0.0000000000
77807  -50.831  -11.767  53.848 0.0000000000
77813  -50.669  -11.596  53.192 0.0000000000
76810  -53.316  -12.053  56.176 0.0000000000
52113  -7.507  -35.012  75.676 0.0000000000
52119  -7.410  -35.860  75.439 0.0000000000
50238  -6.205  -38.175  75.292 0.0000000000
64098  -45.868  -24.547  59.426 0.0000000000
63053  -46.849  -24.582  59.876 0.0000000000
63052  -46.303  -24.586  60.128 0.0000000000
64061  -46.052  -24.537  62.116 0.0000000000
62006  -41.429  -26.425  57.499 0.0000000000
63080  -41.777  -25.736  57.610 0.0000000000
64111  -42.895  -24.456  58.748 0.0000000000
44794  -11.112  -42.958  74.971 0.0000000000
43703  -11.103  -44.029  75.903 0.0000000000
41697  -11.594  -44.572  75.786 0.0000000000
42871  -14.693  -42.744  69.093 0.0000000000
42849  -14.241  -43.028  69.257 0.0000000000
41842  -14.377  -43.390  69.829 0.0000000000
41820  -13.904  -43.681  70.198 0.0000000000
40736  -12.768  -44.758  71.586 0.0000000000
40735  -11.749  -44.794  71.279 0.0000000000
56236  -2.930  -30.921  72.840 0.0000000000
56237  -3.351  -31.079  72.336 0.0000000000
56240  -5.737  -31.502  71.223 0.0000000000
51316  -4.047  -37.227  67.457 0.0000000000
51330  -3.965  -36.995  67.168 0.0000000000
51341  -3.703  -36.770  66.437 0.0000000000
51351  -3.581  -36.570  65.669 0.0000000000
51361  -3.546  -36.406  64.895 0.0000000000
51372  -3.645  -36.224  64.216 0.0000000000
52090  -9.878  -35.239  79.645 0.0000000000
52084  -9.627  -35.275  80.440 0.0000000000
52079  -9.349  -35.337  80.944 0.0000000000
51174  -8.700  -36.191  81.318 0.0000000000
43681  -5.877  -43.291  79.248 0.0000000000
44749  -5.636  -42.491  79.369 0.0000000000
44748  -5.068  -42.627  79.097 0.0000000000
44754  -4.675  -42.745  78.811 0.0000000000
44762  -4.353  -42.821  78.528 0.0000000000
45892  -4.526  -42.098  78.855 0.0000000000
45904  -4.264  -42.183  78.423 0.0000000000
46992  -4.183  -41.518  78.132 0.0000000000
46998  -3.986  -41.275  77.558 0.0000000000
46997  -3.846  -41.595  77.253 0.0000000000
44793  -3.426  -43.085  76.122 0.0000000000
43730  -3.284  -44.094  76.223 0.0000000000
42756  -3.067  -45.343  73.894 0.0000000000
54083  -32.323  -34.124  71.231 0.0000000000
51266  -33.257  -35.670  72.780 0.0000000000
53057  -33.182  -34.631  72.927 0.0000000000
54060  -33.004  -33.807  73.465 0.0000000000
54071  -32.854  -34.238  72.526 0.0000000000
56248  -31.874  -32.698  72.229 0.0000000000
57345  -31.657  -31.398  73.271 0.0000000000
57326  -31.785  -30.532  73.945 0.0000000000
57313  -32.412  -29.985  74.751 0.0000000000
58511  -31.877  -29.376  74.745 0.0000000000
51201  -27.290  -34.665  78.421 0.0000000000
50246  -25.835  -35.602  75.776 0.0000000000
50282  -26.504  -35.332  73.930 0.0000000000
71516  -49.468  -17.305  54.445 0.0000000000
71525  -48.921  -16.774  53.951 0.0000000000
74798  -50.144  -14.749  55.147 0.0000000000
73688  -51.610  -15.405  56.758 0.0000000000
74780  -51.643  -14.581  56.701 0.0000000000
74768  -52.749  -14.920  57.487 0.0000000000
74769  -53.120  -14.631  57.584 0.0000000000
64047  -43.461  -24.639  63.463 0.0000000000
64046  -42.577  -24.674  63.431 0.0000000000
62984  -42.936  -24.956  64.077 0.0000000000
62939  -42.604  -25.395  65.314 0.0000000000
61833  -41.646  -25.638  66.894 0.0000000000
63020  -39.518  -25.140  61.369 0.0000000000
63004  -39.946  -25.224  62.451 0.0000000000
63021  -40.365  -24.825  61.928 0.0000000000
64066  -41.533  -24.465  62.181 0.0000000000
45992  -19.439  -40.453  72.581 0.0000000000
44860  -19.375  -40.971  72.978 0.0000000000
45991  -19.270  -40.681  72.108 0.0000000000
44900  -18.576  -41.360  71.206 0.0000000000
44899  -18.084  -41.763  70.707 0.0000000000
46016  -18.212  -40.763  70.150 0.0000000000
44914  -17.786  -41.393  70.099 0.0000000000
44898  -17.615  -41.857  70.316 0.0000000000
43850  -16.770  -42.194  69.904 0.0000000000
43871  -16.356  -42.075  69.641 0.0000000000
43869  -15.217  -42.348  69.103 0.0000000000
59813  -2.194  -28.739  66.977 0.0000000000
53061  -7.762  -34.350  71.728 0.0000000000
52175  -7.284  -35.967  69.969 0.0000000000
51296  -6.880  -36.976  70.123 0.0000000000
50325  -4.915  -38.168  69.161 0.0000000000
50338  -4.544  -37.880  68.510 0.0000000000
50337  -3.923  -37.499  67.592 0.0000000000
48239  -3.069  -39.961  66.360 0.0000000000
48254  -3.063  -39.813  65.772 0.0000000000
47136  -3.263  -40.089  65.364 0.0000000000
46985  -8.379  -40.335  79.414 0.0000000000
44753  -8.030  -42.094  78.876 0.0000000000
44747  -7.135  -41.852  79.742 0.0000000000
43677  -6.777  -42.500  79.648 0.0000000000
43682  -6.244  -43.397  79.332 0.0000000000
41686  -7.413  -44.860  78.859 0.0000000000
41681  -7.100  -44.553  79.038 0.0000000000
40612  -6.875  -44.824  79.135 0.0000000000
41680  -6.676  -44.482  79.209 0.0000000000
42683  -6.452  -43.947  79.262 0.0000000000
42682  -6.072  -43.965  79.222 0.0000000000
42681  -5.702  -44.000  79.054 0.0000000000
42680  -5.074  -44.211  78.793 0.0000000000
41684  -4.369  -44.995  78.313 0.0000000000
40615  -4.605  -45.367  78.340 0.0000000000
41683  -3.917  -45.251  77.907 0.0000000000
40629  -3.197  -45.882  77.241 0.0000000000
39549  -2.948  -46.644  76.666 0.0000000000
60795  -36.462  -26.200  68.725 0.0000000000
60781  -36.234  -25.944  69.032 0.0000000000
61758  -35.876  -25.439  70.766 0.0000000000
55159  -31.249  -33.221  70.432 0.0000000000
56271  -30.503  -32.675  69.465 0.0000000000
61803  -33.217  -25.715  68.494 0.0000000000
60791  -34.223  -25.729  68.127 0.0000000000
45902  -20.899  -39.072  78.727 0.0000000000
45915  -20.222  -39.560  77.557 0.0000000000
44780  -19.732  -40.323  76.936 0.0000000000
45928  -20.101  -39.957  76.014 0.0000000000
45963  -19.579  -40.437  74.076 0.0000000000
51179  -24.652  -35.191  81.429 0.0000000000
50171  -24.635  -35.926  80.823 0.0000000000
49151  -23.893  -36.406  81.116 0.0000000000
49160  -23.401  -37.116  80.279 0.0000000000
48102  -22.859  -37.421  79.260 0.0000000000
50211  -24.519  -36.236  77.340 0.0000000000
49193  -24.098  -36.529  77.935 0.0000000000
49202  -23.167  -36.764  77.259 0.0000000000
48109  -22.745  -37.358  78.679 0.0000000000
48101  -22.121  -37.577  78.799 0.0000000000
47016  -21.435  -38.147  77.792 0.0000000000
48122  -21.130  -38.307  75.932 0.0000000000
47028  -20.336  -39.204  75.350 0.0000000000
47027  -20.031  -39.454  74.703 0.0000000000
45978  -19.555  -40.349  73.391 0.0000000000
47079  -19.169  -39.279  70.642 0.0000000000
77814  -51.425  -11.097  52.753 0.0000000000
77821  -51.340  -10.915  51.432 0.0000000000
78791  -52.802  -10.575  51.488 0.0000000000
78793  -54.610  -9.720  51.347 0.0000000000
55128  -4.465  -31.734  73.500 0.0000000000
55130  -5.838  -32.045  72.756 0.0000000000
55101  -5.731  -32.243  74.272 0.0000000000
51258  -7.475  -36.135  73.120 0.0000000000
51270  -7.254  -36.737  72.041 0.0000000000
49285  -6.149  -38.324  71.846 0.0000000000
47065  -4.844  -40.859  71.659 0.0000000000
44872  -5.438  -42.193  71.169 0.0000000000
43816  -5.458  -43.412  71.029 0.0000000000
65149  -48.632  -23.126  56.888 0.0000000000
65138  -50.018  -23.451  57.663 0.0000000000
65137  -49.338  -23.428  57.428 0.0000000000
60782  -36.712  -25.956  69.242 0.0000000000
61788  -37.360  -25.833  69.471 0.0000000000
63110  -41.979  -26.728  55.714 0.0000000000
63129  -42.724  -25.055  54.777 0.0000000000
64177  -43.031  -24.299  54.548 0.0000000000
64179  -44.589  -23.962  55.017 0.0000000000
64180  -45.063  -23.775  55.335 0.0000000000
65163  -45.445  -23.462  55.531 0.0000000000
64158  -46.249  -23.496  56.151 0.0000000000
44763  -8.523  -42.341  77.996 0.0000000000
43691  -8.574  -43.849  78.015 0.0000000000
42698  -10.227  -44.257  76.626 0.0000000000
43696  -9.693  -43.851  77.039 0.0000000000
41690  -8.895  -44.816  78.062 0.0000000000
38287  -8.872  -46.315  77.058 0.0000000000
38288  -9.427  -46.170  76.753 0.0000000000
38316  -7.761  -46.621  75.043 0.0000000000
44859  -19.202  -41.590  73.232 0.0000000000
43788  -18.708  -42.230  72.788 0.0000000000
42759  -18.541  -42.597  73.267 0.0000000000
42811  -17.593  -42.814  71.568 0.0000000000
42773  -18.147  -42.959  72.744 0.0000000000
42758  -18.267  -42.996  73.511 0.0000000000
41748  -17.552  -43.600  73.951 0.0000000000
42830  -15.722  -43.051  70.364 0.0000000000
41823  -15.883  -43.326  70.807 0.0000000000
40740  -16.132  -43.653  71.576 0.0000000000
40739  -15.740  -43.924  71.530 0.0000000000
40721  -16.160  -43.909  71.945 0.0000000000
41785  -16.713  -43.877  72.194 0.0000000000
40708  -16.808  -44.226  72.739 0.0000000000
40662  -16.998  -43.770  74.265 0.0000000000
40645  -15.678  -43.859  74.422 0.0000000000
41715  -15.366  -43.522  74.436 0.0000000000
39578  -13.199  -45.327  74.468 0.0000000000
39569  -12.831  -45.153  74.820 0.0000000000
40642  -12.655  -45.058  75.020 0.0000000000
39568  -12.274  -45.448  75.152 0.0000000000
39633  -12.305  -45.971  73.452 0.0000000000
38375  -12.059  -46.252  73.820 0.0000000000
38307  -11.176  -46.375  75.119 0.0000000000
38319  -10.912  -46.461  74.850 0.0000000000
38350  -8.781  -46.319  73.704 0.0000000000
57357  -3.054  -30.688  71.669 0.0000000000
57402  -2.653  -30.178  70.344 0.0000000000
58566  -2.165  -29.645  69.746 0.0000000000
57442  -4.379  -30.157  67.348 0.0000000000
53070  -7.729  -34.301  70.644 0.0000000000
54093  -7.577  -33.457  70.278 0.0000000000
52183  -7.440  -34.772  69.248 0.0000000000
53090  -7.431  -34.184  69.101 0.0000000000
54105  -7.496  -33.583  69.492 0.0000000000
55174  -7.382  -33.141  69.098 0.0000000000
55181  -6.818  -32.551  67.779 0.0000000000
52204  -5.244  -35.663  67.210 0.0000000000
52205  -5.843  -35.212  67.313 0.0000000000
53116  -4.940  -35.312  66.537 0.0000000000
53117  -5.408  -35.027  66.712 0.0000000000
54125  -6.290  -34.015  67.001 0.0000000000
54138  -6.352  -33.602  66.943 0.0000000000
56294  -6.454  -32.272  67.050 0.0000000000
56303  -5.573  -31.825  65.718 0.0000000000
56302  -4.989  -31.460  64.983 0.0000000000
56311  -4.118  -31.506  64.144 0.0000000000
55220  -3.813  -32.382  63.846 0.0000000000
55219  -3.772  -32.356  63.431 0.0000000000
54167  -3.743  -33.390  63.220 0.0000000000
52089  -7.274  -35.504  79.628 0.0000000000
49156  -9.295  -38.226  79.860 0.0000000000
49148  -8.974  -38.787  79.936 0.0000000000
49147  -8.842  -38.169  80.516 0.0000000000
48073  -7.872  -39.554  80.475 0.0000000000
49139  -8.391  -37.945  80.972 0.0000000000
50158  -8.409  -37.094  81.289 0.0000000000
50157  -8.047  -37.305  81.335 0.0000000000
44743  -5.863  -42.047  79.547 0.0000000000
46957  -6.439  -40.460  79.973 0.0000000000
46970  -5.754  -40.811  79.407 0.0000000000
48058  -6.823  -39.569  80.379 0.0000000000
49136  -7.306  -38.649  80.629 0.0000000000
51182  -7.534  -36.723  80.799 0.0000000000
51189  -7.155  -36.781  79.977 0.0000000000
51197  -6.981  -36.595  79.141 0.0000000000
50205  -5.971  -38.524  76.912 0.0000000000
49186  -5.530  -38.880  76.716 0.0000000000
49197  -5.660  -38.752  76.351 0.0000000000
50219  -5.547  -38.809  75.896 0.0000000000
49211  -5.214  -39.157  75.540 0.0000000000
49229  -4.924  -39.674  75.111 0.0000000000
48103  -3.803  -41.033  76.797 0.0000000000
48111  -3.993  -40.670  76.536 0.0000000000
48118  -3.851  -40.735  75.856 0.0000000000
47017  -3.700  -41.412  75.681 0.0000000000
47018  -3.901  -41.004  75.489 0.0000000000
45975  -4.674  -41.508  73.167 0.0000000000
44841  -4.629  -42.738  73.318 0.0000000000
44856  -4.645  -42.101  73.450 0.0000000000
44857  -4.877  -42.317  72.873 0.0000000000
42807  -5.259  -44.085  70.758 0.0000000000
39556  -2.926  -47.182  76.459 0.0000000000
39555  -2.760  -47.078  76.264 0.0000000000
38302  -2.402  -48.173  75.217 0.0000000000
38301  -2.665  -47.752  75.989 0.0000000000
39565  -2.460  -47.246  75.549 0.0000000000
40657  -2.408  -46.910  75.377 0.0000000000
40676  -2.182  -46.858  74.877 0.0000000000
40690  -2.199  -46.842  74.481 0.0000000000
39612  -2.002  -47.128  74.136 0.0000000000
41759  -2.352  -46.375  74.454 0.0000000000
38392  -2.017  -48.699  71.656 0.0000000000
39648  -2.003  -47.972  72.017 0.0000000000
42786  -3.609  -45.481  72.449 0.0000000000
41784  -3.685  -45.638  71.865 0.0000000000
42805  -4.126  -45.320  71.647 0.0000000000
41812  -3.479  -46.840  70.463 0.0000000000
42806  -4.489  -45.090  71.039 0.0000000000
42825  -4.892  -45.158  70.247 0.0000000000
38266  -4.598  -46.273  77.829 0.0000000000
38276  -5.907  -46.518  77.989 0.0000000000
38283  -6.177  -46.699  77.712 0.0000000000
38320  -11.641  -46.334  74.735 0.0000000000
38321  -12.156  -46.251  74.503 0.0000000000
38355  -12.771  -46.191  73.986 0.0000000000
39542  -4.136  -46.238  77.830 0.0000000000
39597  -14.519  -45.016  74.108 0.0000000000
40613  -4.022  -45.680  78.041 0.0000000000
40614  -4.159  -45.603  78.039 0.0000000000
40616  -5.031  -45.442  78.486 0.0000000000
40625  -8.093  -45.508  78.316 0.0000000000
40628  -3.029  -46.262  76.892 0.0000000000
40641  -2.593  -46.632  75.977 0.0000000000
40646  -16.326  -43.571  74.507 0.0000000000
40774  -4.106  -47.130  69.246 0.0000000000
41676  -5.114  -44.760  78.808 0.0000000000
41685  -4.783  -44.736  78.625 0.0000000000
41773  -16.770  -44.120  72.548 0.0000000000
41786  -17.161  -43.448  71.927 0.0000000000
41787  -17.434  -43.259  72.033 0.0000000000
41801  -16.028  -43.513  71.262 0.0000000000
41811  -3.178  -47.234  70.663 0.0000000000
41867  -6.391  -45.160  66.353 0.0000000000
41881  -6.181  -44.910  65.580 0.0000000000
42679  -5.107  -43.829  78.831 0.0000000000
42686  -7.549  -44.268  78.774 0.0000000000
42689  -4.823  -44.427  78.654 0.0000000000
42690  -7.577  -43.829  78.801 0.0000000000
42723  -13.073  -43.834  74.773 0.0000000000
42774  -18.454  -42.629  72.913 0.0000000000
42791  -17.672  -42.963  71.948 0.0000000000
42829  -15.317  -43.098  70.103 0.0000000000
42851  -15.480  -42.725  69.859 0.0000000000
42866  -6.487  -44.562  67.183 0.0000000000
42882  -6.398  -44.322  66.551 0.0000000000
43678  -7.281  -42.118  79.782 0.0000000000
43729  -3.208  -44.641  76.433 0.0000000000
43753  -19.298  -41.427  74.834 0.0000000000
43787  -18.379  -42.622  72.678 0.0000000000
43802  -5.591  -42.982  71.094 0.0000000000
43820  -18.388  -42.035  71.585 0.0000000000
43848  -15.674  -42.386  69.617 0.0000000000
43863  -6.496  -44.204  67.469 0.0000000000
44750  -5.902  -42.751  79.402 0.0000000000
44798  -19.534  -40.796  75.725 0.0000000000
44829  -19.270  -41.554  74.375 0.0000000000
44873  -5.603  -42.735  70.835 0.0000000000
44875  -19.324  -40.926  72.640 0.0000000000
44888  -18.668  -41.574  71.680 0.0000000000
45879  -7.623  -40.677  80.053 0.0000000000
45919  -10.108  -42.703  75.852 0.0000000000
45949  -20.011  -39.807  75.423 0.0000000000
45977  -4.963  -41.607  72.194 0.0000000000
45989  -4.769  -41.086  72.235 0.0000000000
46041  -3.901  -41.078  66.611 0.0000000000
46042  -4.195  -41.155  66.774 0.0000000000
46055  -3.803  -41.293  66.205 0.0000000000
46973  -8.449  -39.759  79.796 0.0000000000
46981  -21.830  -37.750  80.080 0.0000000000
46983  -4.813  -41.195  79.096 0.0000000000
46984  -8.184  -40.707  79.492 0.0000000000
46996  -21.696  -38.013  79.288 0.0000000000
47005  -3.855  -41.229  77.116 0.0000000000
47009  -21.023  -38.570  77.842 0.0000000000
47011  -3.547  -41.550  76.224 0.0000000000
47055  -4.649  -40.439  73.000 0.0000000000
47057  -4.776  -40.957  72.043 0.0000000000
47076  -4.728  -40.540  69.667 0.0000000000
48056  -6.032  -40.216  79.640 0.0000000000
48080  -4.661  -40.849  78.871 0.0000000000
48081  -4.919  -40.824  79.090 0.0000000000
48104  -4.089  -40.793  77.203 0.0000000000
48125  -30.747  -37.072  74.094 0.0000000000
48133  -30.157  -37.249  73.472 0.0000000000
48134  -30.661  -37.224  73.634 0.0000000000
48151  -29.970  -37.308  72.696 0.0000000000
48213  -3.757  -40.111  67.488 0.0000000000
49153  -5.026  -40.388  78.936 0.0000000000
49155  -9.191  -37.837  80.376 0.0000000000
49163  -4.746  -40.535  78.716 0.0000000000
49166  -9.350  -38.459  79.258 0.0000000000
49217  -28.250  -35.991  74.373 0.0000000000
49221  -30.840  -36.715  74.481 0.0000000000
49222  -31.360  -36.609  74.375 0.0000000000
49224  -32.283  -36.279  74.074 0.0000000000
49239  -30.095  -37.150  73.927 0.0000000000
49248  -4.627  -40.042  74.759 0.0000000000
49260  -32.251  -36.788  73.171 0.0000000000
49274  -20.586  -37.449  73.321 0.0000000000
50160  -9.067  -36.244  81.048 0.0000000000
50163  -23.649  -36.217  81.679 0.0000000000
50164  -24.055  -35.928  81.507 0.0000000000
50204  -5.610  -38.827  77.048 0.0000000000
50231  -29.130  -35.930  75.354 0.0000000000
50233  -30.731  -35.931  75.343 0.0000000000
50236  -32.092  -35.619  75.035 0.0000000000
50250  -32.017  -35.876  74.782 0.0000000000
50264  -22.570  -36.141  74.980 0.0000000000
50268  -32.685  -36.054  74.018 0.0000000000
50285  -32.755  -36.293  73.435 0.0000000000
50307  -20.453  -36.904  72.268 0.0000000000
51171  -24.150  -35.509  81.647 0.0000000000
51188  -6.973  -37.528  80.021 0.0000000000
51196  -6.706  -37.205  78.733 0.0000000000
51220  -32.216  -34.721  75.670 0.0000000000
51226  -25.292  -35.715  75.990 0.0000000000
51227  -31.642  -35.443  75.383 0.0000000000
51228  -31.893  -35.317  75.391 0.0000000000
51252  -32.950  -35.786  73.997 0.0000000000
51263  -22.465  -35.625  73.956 0.0000000000
51283  -7.160  -36.872  71.163 0.0000000000
52073  -9.150  -35.376  81.175 0.0000000000
52124  -33.162  -34.793  74.854 0.0000000000
52133  -23.062  -35.246  73.921 0.0000000000
53041  -33.257  -34.238  74.621 0.0000000000
53081  -32.680  -35.218  70.677 0.0000000000
54027  -32.781  -32.667  76.463 0.0000000000
54050  -33.185  -33.672  74.324 0.0000000000
54117  -7.369  -33.672  68.935 0.0000000000
55105  -32.938  -32.435  74.464 0.0000000000
55210  -4.391  -32.490  64.623 0.0000000000
56195  -33.150  -32.233  75.027 0.0000000000
57346  -31.859  -31.622  73.338 0.0000000000
57365  -29.417  -29.750  71.459 0.0000000000
57387  -29.458  -30.513  70.852 0.0000000000
58547  -29.959  -29.754  72.432 0.0000000000
58560  -28.968  -29.149  70.769 0.0000000000
58622  -4.312  -30.033  65.452 0.0000000000
59751  -30.910  -28.434  74.285 0.0000000000
59763  -29.994  -28.086  73.483 0.0000000000
59765  -30.674  -28.665  73.963 0.0000000000
59776  -29.917  -28.833  73.211 0.0000000000
60733  -30.308  -27.307  73.763 0.0000000000
60767  -35.273  -25.695  69.447 0.0000000000
60780  -35.748  -25.848  68.927 0.0000000000
60794  -36.096  -26.136  68.597 0.0000000000
61774  -36.133  -25.609  70.158 0.0000000000
61899  -40.685  -25.371  64.217 0.0000000000
61935  -38.918  -25.426  61.665 0.0000000000
61936  -38.893  -25.398  61.234 0.0000000000
61988  -41.400  -25.939  57.776 0.0000000000
62804  -30.929  -26.104  74.165 0.0000000000
62938  -41.914  -25.386  65.122 0.0000000000
62954  -36.614  -25.596  64.914 0.0000000000
62955  -37.017  -25.656  65.272 0.0000000000
63003  -39.261  -25.369  61.996 0.0000000000
63034  -46.307  -24.569  60.431 0.0000000000
63035  -46.722  -24.582  60.460 0.0000000000
64044  -41.575  -24.817  63.408 0.0000000000
64055  -41.036  -24.765  62.816 0.0000000000
64155  -44.212  -24.514  55.127 0.0000000000
65150  -49.587  -23.080  57.256 0.0000000000
65151  -50.176  -23.127  57.491 0.0000000000
65187  -45.639  -23.163  55.499 0.0000000000
66175  -50.784  -22.809  57.564 0.0000000000
67309  -48.122  -21.243  55.442 0.0000000000
70448  -47.411  -19.133  54.405 0.0000000000
72593  -48.405  -16.420  53.494 0.0000000000
73674  -53.411  -15.549  57.957 0.0000000000
73706  -50.014  -15.636  54.883 0.0000000000
74781  -52.327  -14.741  57.188 0.0000000000
74793  -50.589  -14.985  55.771 0.0000000000
78787  -53.119  -10.483  51.865 0.0000000000
