#!ascii label  , from subject sub-01 vox2ras=TkReg
1473
57650  -39.406  -30.196  55.776 0.0000000000
71554  -53.768  -17.595  51.010 0.0000000000
62105  -48.624  -26.363  52.308 0.0000000000
34784  -11.795  -51.630  73.676 0.0000000000
58693  -33.257  -29.721  62.109 0.0000000000
45964  -25.724  -42.509  72.193 0.0000000000
42818  -36.019  -45.085  70.441 0.0000000000
51349  -38.404  -37.239  67.028 0.0000000000
55185  -36.792  -32.566  67.644 0.0000000000
40780  -19.771  -46.481  68.002 0.0000000000
41776  -22.802  -45.313  72.919 0.0000000000
46061  -22.829  -42.279  66.760 0.0000000000
44961  -31.323  -43.330  66.563 0.0000000000
46066  -36.930  -42.426  66.358 0.0000000000
58674  -41.277  -30.215  62.564 0.0000000000
58767  -45.631  -29.934  60.557 0.0000000000
67330  -51.798  -21.984  52.148 0.0000000000
59953  -43.839  -28.289  54.089 0.0000000000
71652  -51.185  -17.769  45.917 0.0000000000
32546  -8.104  -54.403  74.583 0.0000000000
58627  -37.165  -29.921  65.567 0.0000000000
57600  -36.346  -30.472  58.695 0.0000000000
46050  -26.623  -41.767  67.153 0.0000000000
43807  -29.891  -43.972  71.384 0.0000000000
58821  -51.386  -29.334  58.428 0.0000000000
72751  -58.922  -16.629  42.037 0.0000000000
49359  -37.243  -37.889  64.723 0.0000000000
52236  -37.098  -35.651  65.303 0.0000000000
42853  -20.980  -44.748  67.883 0.0000000000
46100  -34.428  -40.958  64.336 0.0000000000
47168  -36.362  -39.627  64.382 0.0000000000
48251  -38.826  -39.613  66.815 0.0000000000
58789  -40.409  -29.791  59.617 0.0000000000
58733  -43.064  -29.730  61.383 0.0000000000
58813  -42.621  -29.389  58.531 0.0000000000
69456  -53.253  -19.754  51.939 0.0000000000
67311  -55.472  -21.691  54.523 0.0000000000
74826  -54.898  -15.504  49.996 0.0000000000
34807  -9.769  -52.299  70.733 0.0000000000
33655  -10.157  -52.936  74.666 0.0000000000
56316  -34.580  -31.308  64.591 0.0000000000
57446  -36.083  -30.808  67.090 0.0000000000
58647  -34.948  -29.831  64.266 0.0000000000
58698  -37.213  -29.998  62.624 0.0000000000
58758  -34.979  -29.589  60.556 0.0000000000
43789  -24.227  -43.318  72.435 0.0000000000
42740  -23.344  -44.611  75.790 0.0000000000
44815  -25.976  -42.940  75.251 0.0000000000
45939  -27.595  -43.272  74.630 0.0000000000
48276  -24.687  -39.921  64.499 0.0000000000
46111  -27.244  -40.885  63.854 0.0000000000
42877  -33.726  -44.653  67.948 0.0000000000
43854  -30.600  -44.184  68.502 0.0000000000
42795  -32.948  -45.195  71.085 0.0000000000
43775  -32.186  -44.409  73.562 0.0000000000
37101  -14.991  -50.030  70.193 0.0000000000
37059  -18.003  -50.485  73.423 0.0000000000
37034  -18.140  -50.378  76.509 0.0000000000
61010  -46.356  -27.427  53.303 0.0000000000
59913  -47.393  -29.176  55.939 0.0000000000
59938  -50.680  -28.439  55.633 0.0000000000
72772  -60.965  -17.022  40.905 0.0000000000
34739  -11.903  -51.927  77.405 0.0000000000
50333  -39.145  -36.965  69.785 0.0000000000
53083  -38.363  -34.362  70.099 0.0000000000
53122  -37.807  -34.714  67.653 0.0000000000
54152  -35.822  -33.371  65.052 0.0000000000
38398  -19.895  -48.576  70.934 0.0000000000
39619  -21.630  -47.641  73.600 0.0000000000
40742  -21.448  -46.626  70.452 0.0000000000
42812  -22.768  -44.220  70.558 0.0000000000
44889  -24.181  -42.348  69.946 0.0000000000
46114  -29.356  -41.596  63.476 0.0000000000
46098  -32.037  -41.804  64.289 0.0000000000
44964  -34.272  -43.138  66.233 0.0000000000
43858  -36.430  -43.862  68.427 0.0000000000
46039  -38.200  -41.786  68.789 0.0000000000
48225  -39.327  -39.150  69.200 0.0000000000
39711  -17.250  -47.791  67.792 0.0000000000
57469  -41.663  -31.020  66.112 0.0000000000
57436  -44.646  -30.058  68.610 0.0000000000
57508  -43.799  -30.746  65.043 0.0000000000
58680  -46.774  -30.311  63.683 0.0000000000
64205  -49.963  -24.315  52.062 0.0000000000
62049  -52.656  -26.322  55.382 0.0000000000
64183  -54.086  -24.229  54.872 0.0000000000
26835  -3.915  -58.766  77.239 0.0000000000
58900  -41.563  -29.236  54.577 0.0000000000
61039  -42.738  -27.093  51.276 0.0000000000
65235  -45.768  -23.468  50.467 0.0000000000
67355  -47.660  -21.589  50.561 0.0000000000
69474  -48.861  -19.729  50.132 0.0000000000
70518  -50.408  -17.755  49.455 0.0000000000
72650  -51.747  -16.956  48.821 0.0000000000
70564  -49.057  -18.220  46.783 0.0000000000
33628  -9.780  -53.049  77.586 0.0000000000
32496  -7.859  -54.476  78.776 0.0000000000
29070  -5.887  -56.735  78.552 0.0000000000
57372  -40.526  -31.129  71.461 0.0000000000
55161  -37.406  -31.841  70.442 0.0000000000
57410  -38.699  -30.593  69.519 0.0000000000
57431  -40.045  -30.904  68.429 0.0000000000
57503  -39.068  -30.807  64.063 0.0000000000
57568  -38.816  -30.276  60.631 0.0000000000
57618  -37.601  -30.571  57.687 0.0000000000
41737  -22.300  -46.068  75.995 0.0000000000
47111  -24.790  -41.231  67.196 0.0000000000
46021  -26.174  -42.038  69.186 0.0000000000
44959  -29.266  -42.731  66.591 0.0000000000
44918  -28.526  -43.137  68.645 0.0000000000
45998  -28.018  -43.250  72.140 0.0000000000
44848  -30.470  -43.757  73.716 0.0000000000
35918  -11.395  -51.402  70.848 0.0000000000
35920  -12.915  -50.768  70.568 0.0000000000
35879  -13.582  -50.999  73.477 0.0000000000
58837  -45.128  -29.528  57.499 0.0000000000
58797  -48.385  -29.879  59.727 0.0000000000
58711  -51.448  -29.828  62.691 0.0000000000
60911  -53.916  -28.117  58.116 0.0000000000
73790  -54.404  -15.540  48.373 0.0000000000
72670  -56.325  -15.739  47.374 0.0000000000
73803  -58.598  -15.520  46.582 0.0000000000
72731  -56.969  -16.418  43.174 0.0000000000
73830  -61.021  -15.704  45.232 0.0000000000
50402  -36.558  -37.307  63.461 0.0000000000
51381  -36.603  -36.427  63.820 0.0000000000
51398  -35.855  -36.347  62.164 0.0000000000
47184  -35.108  -39.668  63.374 0.0000000000
48284  -36.167  -39.064  63.846 0.0000000000
48267  -36.975  -38.980  64.602 0.0000000000
58832  -40.192  -29.859  57.726 0.0000000000
58812  -41.658  -29.487  58.570 0.0000000000
58852  -41.250  -29.628  56.626 0.0000000000
70492  -53.499  -18.464  51.290 0.0000000000
69444  -55.217  -19.932  53.381 0.0000000000
70483  -55.365  -18.373  52.400 0.0000000000
71540  -55.724  -17.415  52.111 0.0000000000
72631  -54.682  -16.599  50.701 0.0000000000
34792  -11.125  -52.057  72.873 0.0000000000
33675  -10.003  -52.710  72.709 0.0000000000
33664  -10.845  -52.384  74.142 0.0000000000
57518  -33.733  -30.329  63.290 0.0000000000
57501  -34.615  -30.428  64.661 0.0000000000
58669  -34.000  -29.800  63.042 0.0000000000
58696  -35.435  -29.585  62.478 0.0000000000
58724  -33.533  -29.449  61.394 0.0000000000
38322  -20.095  -49.374  75.192 0.0000000000
44861  -24.725  -42.747  72.018 0.0000000000
44831  -24.612  -43.253  73.855 0.0000000000
44845  -25.519  -42.685  72.956 0.0000000000
44816  -26.949  -43.138  75.008 0.0000000000
45950  -26.359  -42.830  73.352 0.0000000000
42839  -34.553  -45.160  69.425 0.0000000000
42838  -33.536  -45.210  69.340 0.0000000000
42816  -33.795  -45.360  70.337 0.0000000000
42777  -33.927  -45.250  72.464 0.0000000000
37071  -18.869  -49.734  72.183 0.0000000000
37060  -18.818  -50.042  73.259 0.0000000000
37052  -18.770  -50.313  74.338 0.0000000000
57352  -43.068  -30.718  71.987 0.0000000000
61028  -47.450  -26.919  52.663 0.0000000000
60988  -48.066  -27.833  54.085 0.0000000000
61013  -49.445  -27.158  53.432 0.0000000000
50347  -39.075  -37.476  68.623 0.0000000000
52200  -38.375  -35.744  68.227 0.0000000000
51338  -38.231  -36.199  67.339 0.0000000000
54163  -35.997  -34.091  64.554 0.0000000000
54162  -35.567  -33.570  64.257 0.0000000000
55224  -34.479  -32.550  63.400 0.0000000000
39694  -19.610  -47.618  69.391 0.0000000000
39679  -21.016  -47.417  70.657 0.0000000000
40762  -20.673  -46.621  69.182 0.0000000000
43873  -21.626  -43.694  67.404 0.0000000000
42855  -21.977  -44.322  68.767 0.0000000000
43852  -22.272  -43.703  68.475 0.0000000000
43836  -23.399  -42.973  70.021 0.0000000000
46032  -23.341  -42.304  68.141 0.0000000000
46134  -30.683  -41.289  62.617 0.0000000000
46082  -35.209  -41.601  65.209 0.0000000000
46081  -34.105  -41.861  65.133 0.0000000000
44987  -35.621  -42.430  65.794 0.0000000000
43904  -35.508  -43.573  66.828 0.0000000000
44939  -36.685  -43.244  67.426 0.0000000000
44921  -37.230  -42.969  68.550 0.0000000000
46051  -37.904  -42.151  67.998 0.0000000000
49336  -38.927  -38.764  67.212 0.0000000000
48237  -39.119  -39.628  67.663 0.0000000000
49327  -39.205  -38.662  68.224 0.0000000000
49305  -39.397  -38.515  69.980 0.0000000000
39732  -18.379  -47.059  67.449 0.0000000000
57505  -41.043  -30.895  64.334 0.0000000000
57491  -43.060  -30.880  65.640 0.0000000000
57524  -42.300  -30.654  63.990 0.0000000000
58735  -45.009  -29.905  61.509 0.0000000000
58705  -45.350  -30.056  62.534 0.0000000000
58706  -46.383  -30.150  62.625 0.0000000000
58681  -47.802  -30.339  63.707 0.0000000000
58737  -47.042  -30.122  61.655 0.0000000000
66242  -50.669  -22.966  52.091 0.0000000000
64197  -51.991  -24.433  53.104 0.0000000000
66234  -52.799  -23.149  52.819 0.0000000000
67299  -56.340  -21.103  56.087 0.0000000000
66271  -47.179  -22.512  50.709 0.0000000000
67368  -46.026  -21.376  50.074 0.0000000000
69493  -46.843  -19.497  49.330 0.0000000000
70516  -48.378  -18.576  49.081 0.0000000000
70501  -49.463  -18.934  49.931 0.0000000000
70531  -48.900  -18.234  48.341 0.0000000000
70532  -49.825  -18.056  48.495 0.0000000000
32561  -8.031  -54.157  73.355 0.0000000000
31391  -7.458  -55.089  76.029 0.0000000000
34720  -11.640  -51.989  79.408 0.0000000000
33629  -10.462  -52.627  77.554 0.0000000000
34719  -10.874  -52.383  79.410 0.0000000000
32490  -8.324  -54.041  79.492 0.0000000000
31355  -7.329  -55.636  79.565 0.0000000000
31370  -6.792  -55.657  78.811 0.0000000000
30218  -6.587  -56.641  79.388 0.0000000000
27943  -5.934  -57.975  79.394 0.0000000000
55178  -37.344  -33.141  68.882 0.0000000000
54096  -37.906  -33.463  70.232 0.0000000000
55177  -36.949  -32.306  68.807 0.0000000000
58607  -36.885  -29.943  66.423 0.0000000000
57428  -36.939  -30.684  68.393 0.0000000000
58593  -37.390  -30.153  67.238 0.0000000000
57430  -38.951  -30.643  68.424 0.0000000000
57466  -38.628  -30.698  66.127 0.0000000000
57467  -39.813  -30.955  66.230 0.0000000000
57486  -38.423  -30.609  64.924 0.0000000000
57565  -36.380  -29.889  60.443 0.0000000000
57550  -37.491  -30.129  61.449 0.0000000000
57584  -37.724  -30.346  59.578 0.0000000000
57602  -38.148  -30.402  58.641 0.0000000000
57601  -37.234  -30.488  58.650 0.0000000000
40709  -21.941  -46.848  73.243 0.0000000000
40695  -21.968  -47.112  74.299 0.0000000000
41750  -22.531  -45.794  74.973 0.0000000000
47127  -25.876  -40.863  65.644 0.0000000000
47144  -24.634  -40.443  65.306 0.0000000000
46063  -25.381  -41.183  66.970 0.0000000000
46035  -25.306  -41.601  68.094 0.0000000000
46036  -25.963  -41.770  68.195 0.0000000000
45000  -30.555  -42.216  64.792 0.0000000000
44999  -29.583  -42.106  64.854 0.0000000000
44960  -30.296  -43.014  66.587 0.0000000000
43837  -29.966  -44.090  69.309 0.0000000000
44919  -29.262  -43.650  68.960 0.0000000000
44905  -29.270  -43.783  70.071 0.0000000000
44890  -27.811  -43.218  70.544 0.0000000000
44879  -28.739  -43.492  71.673 0.0000000000
44863  -28.848  -43.424  72.560 0.0000000000
44881  -30.354  -43.696  72.479 0.0000000000
43828  -38.737  -43.181  70.746 0.0000000000
37100  -14.052  -50.302  70.254 0.0000000000
35906  -13.796  -50.706  71.537 0.0000000000
35905  -12.835  -50.890  71.599 0.0000000000
35836  -18.389  -50.908  77.523 0.0000000000
58901  -42.540  -28.838  54.488 0.0000000000
58854  -43.309  -29.242  56.491 0.0000000000
58881  -44.775  -28.891  55.642 0.0000000000
58841  -49.546  -29.686  57.640 0.0000000000
58840  -48.458  -29.808  57.672 0.0000000000
58820  -50.195  -29.663  58.611 0.0000000000
58772  -50.406  -29.835  60.752 0.0000000000
58773  -51.453  -29.558  60.624 0.0000000000
62027  -54.084  -26.256  56.822 0.0000000000
60947  -53.273  -27.116  56.699 0.0000000000
61989  -55.056  -26.890  58.043 0.0000000000
71641  -51.429  -18.196  47.022 0.0000000000
72652  -53.532  -16.061  48.724 0.0000000000
71643  -52.944  -17.558  47.246 0.0000000000
72682  -55.208  -16.710  46.975 0.0000000000
72696  -55.496  -16.841  45.879 0.0000000000
73802  -57.604  -15.670  46.806 0.0000000000
72698  -57.449  -16.508  45.763 0.0000000000
73846  -57.419  -16.069  42.056 0.0000000000
73845  -56.638  -15.905  42.446 0.0000000000
72732  -57.753  -16.458  42.881 0.0000000000
72711  -59.597  -16.368  44.748 0.0000000000
72721  -59.714  -16.533  43.796 0.0000000000
72735  -60.745  -16.659  42.892 0.0000000000
72755  -62.407  -17.227  41.415 0.0000000000
50366  -38.108  -37.376  66.265 0.0000000000
51359  -37.650  -36.465  65.761 0.0000000000
51369  -36.971  -36.363  64.643 0.0000000000
52261  -36.221  -35.698  63.442 0.0000000000
41844  -20.038  -45.729  67.507 0.0000000000
47183  -34.305  -40.008  63.087 0.0000000000
47167  -35.418  -40.104  64.137 0.0000000000
47151  -36.789  -40.251  65.071 0.0000000000
46084  -37.548  -41.041  65.828 0.0000000000
47152  -37.878  -40.212  65.651 0.0000000000
49346  -38.199  -38.454  65.834 0.0000000000
58731  -41.322  -29.837  61.294 0.0000000000
58702  -42.445  -29.922  62.243 0.0000000000
58763  -41.771  -29.582  60.434 0.0000000000
58792  -43.174  -29.498  59.493 0.0000000000
58793  -44.161  -29.647  59.500 0.0000000000
68450  -52.079  -20.701  51.923 0.0000000000
67323  -53.873  -22.148  53.056 0.0000000000
68440  -54.253  -20.957  52.907 0.0000000000
68414  -55.918  -20.794  54.898 0.0000000000
74828  -56.505  -14.855  50.231 0.0000000000
33674  -9.337  -53.197  72.770 0.0000000000
33646  -9.352  -53.529  75.224 0.0000000000
56308  -35.404  -31.823  65.825 0.0000000000
56288  -36.295  -31.280  67.582 0.0000000000
56297  -35.530  -30.776  66.033 0.0000000000
57485  -35.571  -30.178  65.810 0.0000000000
58649  -36.770  -29.828  64.622 0.0000000000
58673  -37.382  -30.081  63.743 0.0000000000
58672  -36.519  -29.805  63.591 0.0000000000
58727  -36.112  -29.680  61.559 0.0000000000
57564  -35.684  -29.797  60.150 0.0000000000
42775  -23.257  -44.502  72.703 0.0000000000
42760  -23.144  -44.764  73.793 0.0000000000
42761  -23.760  -44.074  73.624 0.0000000000
43755  -24.642  -43.326  75.571 0.0000000000
44802  -27.577  -43.270  75.992 0.0000000000
47165  -26.323  -40.471  64.259 0.0000000000
46078  -27.323  -41.428  65.183 0.0000000000
43901  -32.829  -43.766  66.946 0.0000000000
44938  -31.120  -43.684  67.061 0.0000000000
43856  -31.993  -44.695  68.294 0.0000000000
42813  -31.493  -44.792  69.821 0.0000000000
43809  -31.886  -44.678  71.555 0.0000000000
43791  -31.270  -44.161  72.561 0.0000000000
43810  -33.012  -45.051  72.141 0.0000000000
38430  -16.183  -48.898  68.570 0.0000000000
37102  -15.998  -49.782  70.205 0.0000000000
35895  -16.480  -50.664  72.557 0.0000000000
35872  -17.031  -50.788  74.440 0.0000000000
37051  -17.873  -50.563  74.424 0.0000000000
59978  -44.935  -27.938  53.980 0.0000000000
59933  -46.004  -28.540  55.095 0.0000000000
59956  -46.477  -28.205  54.536 0.0000000000
59915  -49.340  -29.091  56.008 0.0000000000
59902  -51.223  -28.918  56.880 0.0000000000
73813  -50.283  -15.914  45.150 0.0000000000
72693  -51.961  -17.131  45.591 0.0000000000
72703  -51.721  -16.281  45.088 0.0000000000
73856  -58.005  -16.063  41.448 0.0000000000
72752  -59.912  -16.851  42.061 0.0000000000
73870  -58.862  -16.196  40.626 0.0000000000
73884  -59.853  -16.168  39.554 0.0000000000
34775  -12.537  -51.518  74.534 0.0000000000
34764  -11.865  -51.843  75.518 0.0000000000
52172  -38.947  -35.361  71.404 0.0000000000
52180  -38.778  -35.215  70.347 0.0000000000
52188  -38.220  -34.811  68.809 0.0000000000
54130  -37.503  -33.976  67.600 0.0000000000
53157  -37.362  -35.270  66.014 0.0000000000
54141  -36.883  -33.865  66.369 0.0000000000
55204  -36.217  -33.134  65.867 0.0000000000
56317  -34.984  -31.984  65.145 0.0000000000
56325  -34.133  -31.673  63.804 0.0000000000
37072  -19.820  -49.318  72.060 0.0000000000
38356  -20.935  -48.601  72.856 0.0000000000
38377  -20.948  -48.339  71.945 0.0000000000
39659  -21.372  -47.317  71.395 0.0000000000
41788  -22.075  -45.840  70.877 0.0000000000
41825  -20.898  -45.780  68.561 0.0000000000
41827  -21.930  -45.180  69.742 0.0000000000
41789  -22.679  -45.165  71.655 0.0000000000
42792  -23.332  -43.872  71.631 0.0000000000
43806  -23.905  -43.181  71.412 0.0000000000
44877  -24.952  -42.503  71.391 0.0000000000
45016  -30.667  -41.832  64.025 0.0000000000
45001  -31.542  -42.306  64.958 0.0000000000
46099  -33.207  -41.612  64.399 0.0000000000
46080  -33.301  -42.165  65.223 0.0000000000
44963  -33.334  -43.154  66.325 0.0000000000
43902  -33.786  -43.719  66.828 0.0000000000
42860  -35.295  -44.604  68.490 0.0000000000
42841  -36.354  -44.493  69.479 0.0000000000
42819  -37.126  -44.379  70.310 0.0000000000
43840  -36.885  -43.886  69.364 0.0000000000
44893  -38.026  -42.531  69.713 0.0000000000
46011  -38.316  -42.041  69.795 0.0000000000
47117  -38.324  -41.413  67.439 0.0000000000
47104  -38.672  -41.009  68.839 0.0000000000
47073  -39.019  -40.483  70.772 0.0000000000
48199  -39.084  -39.368  71.196 0.0000000000
38431  -16.960  -48.774  68.960 0.0000000000
57433  -42.212  -30.863  68.420 0.0000000000
57452  -43.584  -30.633  67.620 0.0000000000
57472  -44.084  -30.589  66.822 0.0000000000
58629  -45.589  -30.272  66.093 0.0000000000
58677  -43.685  -30.183  63.249 0.0000000000
58653  -44.821  -30.448  64.813 0.0000000000
63159  -49.523  -25.599  52.214 0.0000000000
62070  -51.083  -26.833  54.081 0.0000000000
63148  -51.672  -25.697  53.603 0.0000000000
63132  -53.292  -25.040  54.778 0.0000000000
63097  -55.048  -24.862  56.698 0.0000000000
66222  -54.754  -22.883  54.327 0.0000000000
64145  -55.264  -24.136  56.323 0.0000000000
57688  -38.631  -30.063  54.103 0.0000000000
58877  -40.301  -29.887  55.674 0.0000000000
58918  -39.780  -29.462  53.658 0.0000000000
58935  -40.616  -28.931  52.980 0.0000000000
59975  -42.411  -28.305  53.104 0.0000000000
59989  -43.295  -27.792  52.496 0.0000000000
61024  -43.838  -27.563  52.238 0.0000000000
62102  -45.794  -26.770  51.953 0.0000000000
62118  -46.556  -26.200  51.437 0.0000000000
63171  -47.753  -25.310  51.324 0.0000000000
64216  -48.052  -24.254  51.290 0.0000000000
66253  -48.484  -22.889  51.346 0.0000000000
66273  -48.948  -21.904  51.134 0.0000000000
68475  -46.327  -20.695  49.846 0.0000000000
68460  -48.155  -20.567  50.344 0.0000000000
68448  -50.170  -20.925  51.224 0.0000000000
68463  -50.986  -19.978  51.068 0.0000000000
69477  -51.850  -18.767  50.793 0.0000000000
71567  -51.710  -17.248  50.085 0.0000000000
72629  -53.037  -16.421  50.044 0.0000000000
71582  -51.075  -17.257  49.209 0.0000000000
71618  -50.603  -18.093  47.846 0.0000000000
71640  -50.397  -18.295  46.589 0.0000000000
72691  -49.878  -16.544  45.392 0.0000000000
33648  -10.653  -52.581  75.609 0.0000000000
33636  -9.892  -52.978  76.643 0.0000000000
32516  -9.313  -53.457  76.662 0.0000000000
33616  -9.457  -53.097  79.531 0.0000000000
32498  -8.990  -53.602  78.287 0.0000000000
32514  -8.059  -54.515  76.850 0.0000000000
31382  -6.830  -55.398  77.451 0.0000000000
30235  -5.807  -56.315  77.384 0.0000000000
30229  -5.412  -56.730  77.830 0.0000000000
27948  -4.966  -57.961  78.143 0.0000000000
57395  -41.632  -30.710  70.485 0.0000000000
56249  -38.194  -31.863  71.619 0.0000000000
56281  -36.744  -31.339  68.553 0.0000000000
57391  -37.680  -31.098  70.446 0.0000000000
57393  -39.593  -30.855  70.558 0.0000000000
57411  -39.760  -30.767  69.520 0.0000000000
57432  -41.154  -30.981  68.403 0.0000000000
57449  -40.439  -31.074  67.312 0.0000000000
57488  -40.396  -30.991  65.235 0.0000000000
57521  -39.751  -30.678  63.195 0.0000000000
57519  -37.998  -30.362  62.951 0.0000000000
57533  -38.611  -30.417  62.204 0.0000000000
58699  -40.182  -30.135  61.931 0.0000000000
58788  -39.560  -30.010  59.794 0.0000000000
57603  -38.983  -30.202  58.605 0.0000000000
57632  -38.902  -30.295  56.734 0.0000000000
58755  -32.272  -29.599  60.366 0.0000000000
58785  -33.754  -29.692  59.710 0.0000000000
57580  -34.352  -30.024  59.159 0.0000000000
57598  -34.898  -30.437  58.578 0.0000000000
57616  -35.593  -30.713  57.854 0.0000000000
57630  -37.000  -30.750  56.713 0.0000000000
57648  -37.356  -30.699  55.712 0.0000000000
57667  -37.723  -30.535  54.729 0.0000000000
42739  -22.786  -45.347  75.841 0.0000000000
46076  -22.707  -41.821  65.924 0.0000000000
47124  -23.641  -41.316  66.297 0.0000000000
47109  -23.776  -41.639  67.033 0.0000000000
47096  -24.363  -41.873  68.551 0.0000000000
46007  -25.118  -42.048  69.875 0.0000000000
45995  -25.923  -42.381  70.937 0.0000000000
46095  -28.212  -41.532  64.222 0.0000000000
46079  -27.886  -41.539  64.796 0.0000000000
44957  -27.509  -41.866  66.381 0.0000000000
44936  -29.610  -43.375  67.731 0.0000000000
44935  -28.475  -42.771  67.529 0.0000000000
44934  -27.554  -42.268  67.369 0.0000000000
46022  -26.999  -42.362  69.359 0.0000000000
46010  -27.095  -42.716  70.389 0.0000000000
45981  -26.645  -42.807  72.143 0.0000000000
45967  -27.354  -43.235  73.334 0.0000000000
45969  -28.797  -43.373  74.076 0.0000000000
34808  -10.723  -51.633  70.732 0.0000000000
34800  -11.604  -51.440  72.052 0.0000000000
37137  -12.501  -50.305  68.358 0.0000000000
35943  -11.920  -50.535  68.771 0.0000000000
35919  -12.051  -51.258  70.653 0.0000000000
35904  -11.988  -51.207  71.700 0.0000000000
35878  -12.736  -51.163  73.484 0.0000000000
35857  -13.591  -51.384  75.017 0.0000000000
35849  -16.920  -50.644  76.506 0.0000000000
58853  -42.248  -29.412  56.538 0.0000000000
58836  -44.043  -29.319  57.512 0.0000000000
58816  -45.711  -29.826  58.532 0.0000000000
58857  -46.818  -29.558  56.644 0.0000000000
58817  -46.801  -29.919  58.588 0.0000000000
58796  -47.295  -29.955  59.644 0.0000000000
58770  -48.724  -29.971  60.797 0.0000000000
60967  -51.497  -27.780  55.538 0.0000000000
59919  -52.185  -28.289  56.825 0.0000000000
59880  -52.912  -28.971  58.916 0.0000000000
73764  -53.909  -15.924  49.442 0.0000000000
74855  -54.465  -15.267  49.067 0.0000000000
74857  -55.697  -14.502  48.743 0.0000000000
72681  -54.139  -17.016  47.184 0.0000000000
73791  -55.322  -15.075  48.029 0.0000000000
74858  -56.786  -14.033  48.554 0.0000000000
74859  -57.527  -13.976  48.133 0.0000000000
75873  -59.205  -14.260  47.923 0.0000000000
72717  -56.095  -16.592  44.236 0.0000000000
72699  -58.348  -16.450  45.461 0.0000000000
73816  -59.797  -15.833  45.729 0.0000000000
72736  -61.645  -16.698  42.788 0.0000000000
50418  -36.146  -37.404  62.853 0.0000000000
48304  -35.776  -38.873  63.214 0.0000000000
49388  -36.210  -38.199  63.213 0.0000000000
57633  -39.730  -30.069  56.829 0.0000000000
58833  -41.047  -29.621  57.648 0.0000000000
58851  -40.433  -29.854  56.788 0.0000000000
70493  -54.226  -18.040  51.400 0.0000000000
70482  -54.301  -18.879  51.906 0.0000000000
71539  -54.924  -17.891  51.728 0.0000000000
71526  -56.089  -17.801  52.935 0.0000000000
71556  -55.243  -17.233  51.522 0.0000000000
72616  -55.118  -16.856  51.179 0.0000000000
71570  -54.043  -17.012  50.710 0.0000000000
34791  -10.605  -52.412  73.163 0.0000000000
34783  -11.148  -52.089  73.847 0.0000000000
57517  -33.340  -29.971  62.734 0.0000000000
57500  -34.103  -29.997  63.971 0.0000000000
58668  -33.599  -29.842  62.516 0.0000000000
58694  -33.858  -29.612  62.177 0.0000000000
38336  -20.366  -49.201  74.497 0.0000000000
44862  -25.291  -42.495  71.845 0.0000000000
44846  -26.061  -42.681  73.279 0.0000000000
45965  -26.164  -42.621  72.700 0.0000000000
42840  -35.542  -44.947  69.512 0.0000000000
42817  -34.893  -45.332  70.479 0.0000000000
42797  -35.316  -45.350  71.586 0.0000000000
37053  -19.663  -49.749  74.217 0.0000000000
62089  -48.097  -26.890  52.747 0.0000000000
61012  -48.588  -27.349  53.441 0.0000000000
51339  -38.486  -36.520  67.738 0.0000000000
54171  -35.493  -33.945  63.408 0.0000000000
40761  -19.863  -46.952  68.828 0.0000000000
44932  -22.084  -43.188  67.252 0.0000000000
43874  -22.069  -43.455  67.754 0.0000000000
44933  -22.529  -42.967  67.612 0.0000000000
44915  -22.937  -42.825  68.462 0.0000000000
46045  -23.043  -42.473  67.686 0.0000000000
46083  -36.558  -41.792  65.655 0.0000000000
44966  -36.267  -42.985  66.467 0.0000000000
44967  -37.015  -42.730  66.865 0.0000000000
44940  -37.271  -42.750  67.569 0.0000000000
46067  -37.641  -41.978  66.695 0.0000000000
50367  -38.550  -38.074  66.711 0.0000000000
50357  -38.845  -37.768  67.557 0.0000000000
40779  -18.855  -46.803  67.519 0.0000000000
39712  -18.597  -47.515  68.312 0.0000000000
57522  -40.852  -30.602  63.148 0.0000000000
57506  -41.912  -30.871  64.515 0.0000000000
57523  -41.757  -30.637  63.680 0.0000000000
58736  -46.022  -29.997  61.586 0.0000000000
58768  -46.664  -30.032  60.621 0.0000000000
66243  -51.192  -22.802  52.200 0.0000000000
65211  -52.216  -23.499  52.697 0.0000000000
66244  -52.398  -22.833  52.555 0.0000000000
67267  -56.785  -21.479  57.850 0.0000000000
67353  -45.729  -21.906  50.255 0.0000000000
70546  -48.430  -18.161  47.291 0.0000000000
32547  -8.863  -53.885  74.467 0.0000000000
31400  -7.301  -55.009  74.800 0.0000000000
32529  -8.125  -54.516  75.749 0.0000000000
34714  -11.354  -52.243  80.195 0.0000000000
30219  -7.151  -56.120  79.717 0.0000000000
27938  -6.904  -57.571  79.899 0.0000000000
54120  -37.210  -33.177  68.104 0.0000000000
58608  -37.700  -30.186  66.381 0.0000000000
57447  -38.270  -30.470  67.314 0.0000000000
58628  -37.897  -30.287  65.552 0.0000000000
57583  -36.841  -30.276  59.558 0.0000000000
57566  -37.238  -30.145  60.447 0.0000000000
40710  -22.396  -46.048  73.080 0.0000000000
40696  -22.322  -46.330  74.099 0.0000000000
41763  -22.724  -45.559  73.948 0.0000000000
47126  -25.187  -40.905  66.155 0.0000000000
46064  -26.055  -41.183  66.428 0.0000000000
46049  -25.725  -41.463  67.403 0.0000000000
44982  -30.940  -42.725  65.698 0.0000000000
44981  -29.934  -42.561  65.667 0.0000000000
43823  -30.081  -44.235  70.549 0.0000000000
44892  -29.346  -43.790  71.094 0.0000000000
44880  -29.678  -43.618  71.994 0.0000000000
44882  -39.081  -42.165  70.803 0.0000000000
35881  -15.402  -50.927  73.488 0.0000000000
58902  -43.431  -28.612  54.550 0.0000000000
58880  -43.605  -28.967  55.422 0.0000000000
59931  -44.241  -28.589  54.837 0.0000000000
58842  -50.646  -29.399  57.471 0.0000000000
58799  -50.859  -29.603  59.622 0.0000000000
63085  -54.732  -25.815  57.093 0.0000000000
62008  -54.616  -26.303  57.296 0.0000000000
71642  -52.263  -17.794  47.268 0.0000000000
71653  -52.139  -17.830  46.376 0.0000000000
72707  -55.654  -16.670  44.751 0.0000000000
72697  -56.463  -16.707  45.741 0.0000000000
72750  -58.158  -16.416  42.241 0.0000000000
72733  -58.843  -16.640  42.934 0.0000000000
72722  -60.617  -16.403  43.766 0.0000000000
72734  -59.809  -16.702  42.934 0.0000000000
50378  -37.699  -37.599  65.443 0.0000000000
50377  -37.327  -36.970  64.988 0.0000000000
52277  -36.005  -35.748  62.911 0.0000000000
48283  -35.544  -39.388  63.469 0.0000000000
47150  -35.813  -40.892  65.018 0.0000000000
49360  -37.608  -38.456  65.133 0.0000000000
58762  -40.919  -29.769  60.451 0.0000000000
58790  -41.293  -29.586  59.537 0.0000000000
58791  -42.213  -29.446  59.504 0.0000000000
58814  -43.626  -29.421  58.515 0.0000000000
68438  -52.813  -20.560  52.091 0.0000000000
68439  -53.514  -20.725  52.370 0.0000000000
69429  -55.836  -19.944  54.327 0.0000000000
69430  -56.326  -19.877  55.300 0.0000000000
73754  -56.482  -15.489  50.815 0.0000000000
73755  -57.160  -15.140  50.886 0.0000000000
74827  -55.601  -15.210  50.140 0.0000000000
33663  -10.272  -52.730  73.711 0.0000000000
33662  -9.663  -53.175  73.846 0.0000000000
32562  -9.001  -53.632  73.562 0.0000000000
33654  -9.511  -53.377  74.552 0.0000000000
56298  -35.761  -31.293  66.491 0.0000000000
56307  -35.139  -30.974  65.522 0.0000000000
57484  -35.094  -30.005  65.417 0.0000000000
58625  -35.458  -29.840  64.950 0.0000000000
58626  -36.064  -29.903  65.597 0.0000000000
58648  -35.864  -29.761  64.437 0.0000000000
58671  -35.623  -29.689  63.460 0.0000000000
58726  -35.210  -29.507  61.546 0.0000000000
58759  -35.699  -29.640  60.841 0.0000000000
42776  -23.783  -43.796  72.630 0.0000000000
43774  -24.259  -43.498  73.380 0.0000000000
44832  -25.171  -43.042  74.292 0.0000000000
43766  -24.833  -43.248  74.977 0.0000000000
44814  -25.190  -43.069  75.451 0.0000000000
45938  -27.078  -43.245  74.300 0.0000000000
44817  -27.865  -43.286  75.365 0.0000000000
47180  -26.703  -40.525  63.617 0.0000000000
46093  -26.842  -40.919  64.513 0.0000000000
43879  -33.290  -44.275  67.443 0.0000000000
43878  -32.262  -44.426  67.759 0.0000000000
42876  -32.899  -44.679  67.999 0.0000000000
42815  -32.865  -45.242  70.074 0.0000000000
42837  -32.651  -45.058  69.213 0.0000000000
42794  -32.302  -45.007  70.625 0.0000000000
43825  -31.760  -44.834  70.506 0.0000000000
43794  -34.235  -45.261  73.291 0.0000000000
37123  -16.943  -49.140  69.514 0.0000000000
37122  -16.175  -49.304  69.228 0.0000000000
37103  -17.113  -49.473  70.199 0.0000000000
37070  -17.826  -50.126  72.327 0.0000000000
35883  -17.196  -50.766  73.508 0.0000000000
37045  -19.406  -49.991  75.249 0.0000000000
37044  -18.501  -50.295  75.379 0.0000000000
61009  -45.257  -27.665  53.469 0.0000000000
59955  -45.500  -28.075  54.302 0.0000000000
60986  -46.013  -27.791  53.958 0.0000000000
59959  -49.134  -28.434  54.896 0.0000000000
59958  -48.480  -28.389  54.733 0.0000000000
59916  -50.211  -28.912  56.066 0.0000000000
58861  -50.601  -29.108  56.658 0.0000000000
59917  -50.953  -28.714  56.233 0.0000000000
73868  -56.759  -14.870  40.896 0.0000000000
73869  -57.483  -15.175  40.580 0.0000000000
73857  -58.731  -16.397  41.360 0.0000000000
34765  -12.543  -51.665  75.412 0.0000000000
34721  -12.583  -51.745  79.324 0.0000000000
50322  -39.154  -37.289  71.032 0.0000000000
51302  -39.002  -36.173  70.667 0.0000000000
52199  -38.102  -34.969  68.351 0.0000000000
53106  -37.857  -34.340  68.188 0.0000000000
54142  -37.232  -33.963  66.965 0.0000000000
52237  -37.489  -35.755  65.854 0.0000000000
54153  -36.402  -33.976  65.417 0.0000000000
55203  -35.576  -32.577  65.489 0.0000000000
55215  -35.263  -32.819  64.693 0.0000000000
37073  -20.528  -48.909  72.275 0.0000000000
38399  -20.393  -48.282  71.111 0.0000000000
40741  -20.779  -47.188  70.063 0.0000000000
40722  -22.035  -46.436  71.929 0.0000000000
41846  -21.091  -45.153  68.356 0.0000000000
42834  -22.196  -44.499  69.427 0.0000000000
42833  -21.841  -44.667  68.887 0.0000000000
41805  -22.245  -45.114  70.380 0.0000000000
44902  -23.605  -42.515  69.413 0.0000000000
43822  -23.804  -42.772  70.400 0.0000000000
44876  -24.551  -42.514  70.789 0.0000000000
46006  -24.672  -42.159  69.883 0.0000000000
46116  -31.295  -41.567  63.498 0.0000000000
46097  -31.223  -41.924  64.322 0.0000000000
46118  -33.506  -40.724  63.462 0.0000000000
44986  -34.715  -42.461  65.703 0.0000000000
44985  -33.781  -42.573  65.720 0.0000000000
44984  -32.883  -42.687  65.728 0.0000000000
43882  -36.005  -43.693  67.398 0.0000000000
43881  -35.157  -44.064  67.526 0.0000000000
43857  -35.732  -44.064  67.950 0.0000000000
42861  -35.932  -44.521  68.952 0.0000000000
43859  -36.905  -43.487  68.930 0.0000000000
46038  -37.788  -42.363  68.806 0.0000000000
44906  -37.640  -42.748  69.304 0.0000000000
46023  -38.066  -42.183  69.319 0.0000000000
46024  -38.434  -41.543  69.486 0.0000000000
47132  -38.429  -40.640  66.605 0.0000000000
47133  -38.885  -40.162  67.198 0.0000000000
48224  -39.224  -39.795  68.909 0.0000000000
47088  -38.886  -40.727  69.757 0.0000000000
48210  -39.204  -39.815  70.139 0.0000000000
50323  -39.304  -37.811  70.209 0.0000000000
49304  -39.206  -38.384  70.797 0.0000000000
38449  -17.548  -48.171  68.527 0.0000000000
38397  -19.340  -48.821  70.712 0.0000000000
57450  -41.620  -31.071  67.200 0.0000000000
57451  -42.696  -30.867  67.466 0.0000000000
57470  -42.401  -30.952  66.410 0.0000000000
57492  -43.856  -30.798  65.930 0.0000000000
57493  -44.598  -30.573  66.013 0.0000000000
58703  -43.376  -29.942  62.357 0.0000000000
58679  -45.685  -30.253  63.639 0.0000000000
58678  -44.622  -30.199  63.458 0.0000000000
58654  -46.143  -30.339  64.790 0.0000000000
58655  -47.238  -30.348  64.737 0.0000000000
63160  -50.441  -25.013  52.389 0.0000000000
63147  -50.528  -25.755  52.801 0.0000000000
64196  -51.175  -24.948  52.795 0.0000000000
64199  -53.287  -24.297  53.954 0.0000000000
64181  -53.008  -24.773  54.190 0.0000000000
64159  -53.819  -24.747  55.127 0.0000000000
63116  -54.118  -25.004  55.726 0.0000000000
64144  -54.675  -24.673  56.052 0.0000000000
67310  -54.949  -22.263  54.132 0.0000000000
66236  -54.258  -22.887  53.719 0.0000000000
65152  -55.871  -23.337  56.671 0.0000000000
27953  -4.315  -58.112  77.484 0.0000000000
27952  -3.840  -57.911  76.779 0.0000000000
59986  -40.680  -28.634  52.478 0.0000000000
59974  -41.597  -28.589  53.086 0.0000000000
61022  -42.111  -27.777  51.890 0.0000000000
61023  -42.874  -27.562  51.845 0.0000000000
61040  -43.529  -27.134  51.507 0.0000000000
62116  -44.115  -26.620  51.111 0.0000000000
62134  -44.580  -25.976  50.664 0.0000000000
62117  -45.412  -26.574  51.455 0.0000000000
62135  -45.404  -25.798  50.723 0.0000000000
63190  -45.960  -25.118  50.567 0.0000000000
63191  -46.671  -24.713  50.791 0.0000000000
64215  -47.298  -24.662  51.058 0.0000000000
64234  -47.022  -24.100  50.859 0.0000000000
65238  -48.200  -23.053  51.289 0.0000000000
66272  -48.227  -22.435  51.059 0.0000000000
66254  -49.082  -22.640  51.429 0.0000000000
69494  -48.010  -19.480  49.639 0.0000000000
68477  -47.949  -20.038  50.011 0.0000000000
69473  -48.241  -19.943  50.057 0.0000000000
68461  -49.423  -20.726  50.810 0.0000000000
68462  -50.453  -20.179  50.943 0.0000000000
69475  -49.929  -19.557  50.427 0.0000000000
70502  -50.301  -18.408  50.106 0.0000000000
70503  -51.312  -18.185  50.391 0.0000000000
70504  -52.154  -17.949  50.591 0.0000000000
71566  -50.959  -17.566  49.845 0.0000000000
71583  -51.354  -17.147  49.620 0.0000000000
70547  -49.577  -18.252  47.683 0.0000000000
71617  -50.100  -18.095  48.196 0.0000000000
70548  -50.075  -18.407  47.305 0.0000000000
31399  -6.642  -55.574  75.240 0.0000000000
34752  -11.895  -51.913  76.428 0.0000000000
34763  -11.230  -52.119  75.594 0.0000000000
34751  -11.201  -52.173  76.518 0.0000000000
33637  -10.543  -52.587  76.566 0.0000000000
32531  -9.484  -53.384  75.939 0.0000000000
33609  -10.056  -52.905  80.255 0.0000000000
32497  -8.505  -53.899  78.666 0.0000000000
32506  -8.578  -54.004  77.655 0.0000000000
32505  -7.987  -54.491  77.872 0.0000000000
31383  -7.408  -54.969  77.123 0.0000000000
31377  -7.391  -54.983  78.073 0.0000000000
30230  -6.283  -56.242  78.362 0.0000000000
30236  -6.447  -55.863  77.813 0.0000000000
29069  -5.402  -57.201  78.338 0.0000000000
26825  -6.007  -58.671  79.590 0.0000000000
57350  -41.376  -31.159  72.244 0.0000000000
57373  -41.486  -30.879  71.424 0.0000000000
53076  -38.647  -34.499  71.085 0.0000000000
53067  -38.876  -34.548  72.108 0.0000000000
54097  -38.257  -33.857  70.889 0.0000000000
55162  -37.664  -32.393  70.749 0.0000000000
54085  -38.061  -33.172  71.274 0.0000000000
55152  -38.132  -32.502  71.739 0.0000000000
56264  -37.652  -31.619  70.788 0.0000000000
57427  -36.377  -30.782  67.706 0.0000000000
57429  -37.823  -30.357  68.341 0.0000000000
57409  -37.725  -30.644  69.503 0.0000000000
57392  -38.589  -30.852  70.563 0.0000000000
57412  -40.831  -30.867  69.499 0.0000000000
57487  -39.370  -30.901  65.127 0.0000000000
57504  -40.065  -30.916  64.172 0.0000000000
57551  -38.338  -30.315  61.393 0.0000000000
57552  -39.099  -30.321  61.412 0.0000000000
57534  -39.505  -30.394  62.246 0.0000000000
58729  -39.818  -30.138  61.349 0.0000000000
58787  -39.147  -30.173  60.176 0.0000000000
57619  -38.514  -30.392  57.682 0.0000000000
57620  -39.368  -30.137  57.720 0.0000000000
57631  -37.972  -30.556  56.706 0.0000000000
58756  -33.159  -29.479  60.459 0.0000000000
58784  -32.756  -29.828  59.276 0.0000000000
57597  -34.012  -30.419  58.377 0.0000000000
57615  -34.516  -30.758  57.616 0.0000000000
57628  -34.986  -31.029  56.722 0.0000000000
57629  -36.001  -30.918  56.739 0.0000000000
57646  -35.339  -31.263  55.702 0.0000000000
38357  -21.296  -48.153  73.239 0.0000000000
39598  -21.267  -48.322  74.531 0.0000000000
40681  -22.220  -46.559  75.081 0.0000000000
42751  -23.585  -44.286  74.721 0.0000000000
42750  -22.942  -45.002  74.850 0.0000000000
47125  -24.315  -40.966  66.248 0.0000000000
47143  -23.718  -40.664  65.227 0.0000000000
47110  -24.171  -41.444  67.169 0.0000000000
46047  -23.928  -41.708  67.566 0.0000000000
47097  -24.525  -41.682  68.020 0.0000000000
46020  -25.345  -41.779  68.961 0.0000000000
47082  -25.085  -41.663  68.395 0.0000000000
46008  -25.674  -42.125  70.006 0.0000000000
46096  -28.820  -41.684  64.005 0.0000000000
44980  -28.984  -42.243  65.621 0.0000000000
44998  -28.751  -41.829  64.741 0.0000000000
44979  -28.076  -41.791  65.471 0.0000000000
44958  -28.313  -42.289  66.485 0.0000000000
43877  -31.192  -44.001  67.591 0.0000000000
44937  -30.624  -43.575  67.198 0.0000000000
43876  -30.304  -43.787  67.879 0.0000000000
44917  -27.653  -42.634  68.442 0.0000000000
44903  -27.717  -42.948  69.512 0.0000000000
44878  -28.049  -43.334  71.347 0.0000000000
45997  -27.280  -43.053  71.493 0.0000000000
45996  -26.544  -42.609  71.170 0.0000000000
45982  -27.285  -43.152  72.554 0.0000000000
45983  -28.041  -43.275  72.982 0.0000000000
44847  -29.628  -43.492  73.866 0.0000000000
45984  -28.860  -43.383  73.378 0.0000000000
44867  -31.893  -44.334  73.460 0.0000000000
44866  -31.488  -44.219  73.295 0.0000000000
44850  -31.916  -44.335  73.844 0.0000000000
34799  -10.969  -51.868  71.789 0.0000000000
35903  -11.350  -51.513  71.415 0.0000000000
37121  -15.129  -49.642  69.312 0.0000000000
37139  -14.266  -49.518  68.310 0.0000000000
37120  -14.178  -49.985  69.310 0.0000000000
37099  -13.306  -50.475  70.134 0.0000000000
37119  -13.266  -50.382  69.332 0.0000000000
35933  -12.829  -50.691  69.742 0.0000000000
37118  -12.522  -50.632  69.134 0.0000000000
35932  -12.045  -50.893  69.589 0.0000000000
35892  -13.671  -50.849  72.538 0.0000000000
35891  -12.783  -50.944  72.586 0.0000000000
35890  -12.057  -51.109  72.664 0.0000000000
35867  -12.867  -51.387  74.161 0.0000000000
35868  -13.510  -51.317  74.328 0.0000000000
37043  -17.640  -50.510  75.374 0.0000000000
35861  -16.882  -50.737  75.369 0.0000000000
37033  -17.403  -50.523  75.971 0.0000000000
58569  -45.000  -30.003  69.412 0.0000000000
58899  -40.552  -29.527  54.611 0.0000000000
58878  -41.409  -29.520  55.575 0.0000000000
58855  -44.428  -29.208  56.499 0.0000000000
58815  -44.653  -29.615  58.510 0.0000000000
59912  -46.399  -28.998  55.841 0.0000000000
58818  -47.901  -29.889  58.654 0.0000000000
58839  -47.361  -29.838  57.623 0.0000000000
58769  -47.705  -30.023  60.695 0.0000000000
58741  -50.952  -29.858  61.690 0.0000000000
58740  -49.968  -30.086  61.767 0.0000000000
62071  -51.815  -26.372  54.341 0.0000000000
60991  -51.448  -27.108  54.684 0.0000000000
62048  -52.005  -26.849  55.075 0.0000000000
60929  -53.499  -27.839  57.494 0.0000000000
60928  -52.861  -27.965  57.129 0.0000000000
59905  -53.145  -28.353  57.818 0.0000000000
59893  -52.795  -28.716  58.115 0.0000000000
59894  -53.608  -28.458  58.384 0.0000000000
72642  -52.741  -16.400  49.488 0.0000000000
73763  -53.298  -16.230  49.596 0.0000000000
72651  -52.814  -16.352  48.897 0.0000000000
72667  -53.496  -16.511  48.176 0.0000000000
73774  -53.892  -15.762  48.957 0.0000000000
73775  -54.391  -15.307  48.793 0.0000000000
74856  -54.876  -14.851  49.030 0.0000000000
73776  -54.864  -14.961  48.595 0.0000000000
72694  -53.182  -17.435  46.206 0.0000000000
72669  -55.728  -15.876  47.533 0.0000000000
74872  -56.165  -14.493  48.115 0.0000000000
73792  -56.346  -15.131  47.685 0.0000000000
74873  -57.000  -14.431  47.872 0.0000000000
74885  -58.350  -15.138  47.005 0.0000000000
74886  -58.975  -15.068  47.057 0.0000000000
75874  -59.907  -14.566  47.828 0.0000000000
74887  -59.839  -15.154  46.973 0.0000000000
73840  -56.235  -16.157  43.120 0.0000000000
73839  -55.508  -16.128  43.666 0.0000000000
72718  -56.654  -16.583  43.885 0.0000000000
72709  -57.580  -16.789  44.718 0.0000000000
73829  -60.367  -15.904  45.245 0.0000000000
73817  -60.690  -15.545  45.928 0.0000000000
74897  -60.997  -15.455  46.170 0.0000000000
73818  -61.368  -15.549  45.888 0.0000000000
72771  -59.953  -16.809  41.064 0.0000000000
72753  -60.843  -16.963  41.936 0.0000000000
50389  -36.961  -37.180  64.252 0.0000000000
51399  -36.141  -36.451  62.879 0.0000000000
48303  -35.176  -39.163  62.734 0.0000000000
49371  -36.768  -38.131  63.970 0.0000000000
58811  -40.736  -29.669  58.640 0.0000000000
58834  -41.980  -29.443  57.569 0.0000000000
69466  -53.001  -19.126  51.439 0.0000000000
69458  -55.014  -19.202  52.707 0.0000000000
71527  -56.721  -17.059  53.441 0.0000000000
72595  -57.104  -16.357  53.376 0.0000000000
72603  -56.217  -16.807  52.156 0.0000000000
72617  -55.805  -16.636  51.500 0.0000000000
73753  -55.545  -16.038  50.739 0.0000000000
34798  -10.331  -52.374  72.162 0.0000000000
33691  -9.462  -52.828  71.747 0.0000000000
56315  -34.139  -30.746  63.940 0.0000000000
58646  -34.455  -29.878  63.647 0.0000000000
58670  -34.805  -29.689  63.244 0.0000000000
58695  -34.591  -29.541  62.354 0.0000000000
58725  -34.367  -29.433  61.453 0.0000000000
38308  -19.929  -49.638  75.940 0.0000000000
44844  -24.785  -43.107  73.160 0.0000000000
44833  -26.204  -42.835  74.031 0.0000000000
44834  -26.710  -43.128  74.254 0.0000000000
42859  -34.156  -44.931  68.583 0.0000000000
42858  -33.223  -44.960  68.554 0.0000000000
43811  -33.618  -45.178  72.339 0.0000000000
42796  -34.004  -45.318  71.664 0.0000000000
42778  -34.566  -45.341  72.735 0.0000000000
60987  -46.966  -27.766  54.007 0.0000000000
61011  -47.466  -27.309  53.275 0.0000000000
60989  -49.461  -27.875  54.388 0.0000000000
60966  -50.309  -28.032  55.054 0.0000000000
51328  -38.781  -36.274  68.867 0.0000000000
52212  -38.302  -35.973  67.806 0.0000000000
52211  -38.070  -35.653  67.450 0.0000000000
53189  -35.997  -34.724  63.741 0.0000000000
53172  -36.485  -34.788  64.867 0.0000000000
54172  -35.763  -34.087  63.988 0.0000000000
55225  -35.070  -33.072  63.854 0.0000000000
38417  -19.645  -48.231  70.240 0.0000000000
39678  -20.283  -47.786  70.350 0.0000000000
43872  -21.128  -43.980  67.048 0.0000000000
42854  -21.600  -44.416  68.273 0.0000000000
43851  -21.875  -43.801  67.988 0.0000000000
43835  -22.938  -43.335  69.524 0.0000000000
44901  -23.161  -42.722  69.048 0.0000000000
44965  -35.213  -43.107  66.228 0.0000000000
43903  -34.712  -43.681  66.791 0.0000000000
44920  -36.910  -43.212  67.987 0.0000000000
49328  -39.326  -38.925  68.900 0.0000000000
48211  -39.356  -39.187  69.663 0.0000000000
50348  -39.289  -38.330  68.895 0.0000000000
50334  -39.321  -37.950  69.458 0.0000000000
39693  -18.958  -47.751  69.015 0.0000000000
57489  -41.328  -30.977  65.307 0.0000000000
57490  -42.195  -30.937  65.403 0.0000000000
57507  -42.882  -30.724  64.457 0.0000000000
58734  -44.020  -29.817  61.440 0.0000000000
58704  -44.349  -30.000  62.421 0.0000000000
58707  -47.406  -30.208  62.683 0.0000000000
58708  -48.406  -30.221  62.727 0.0000000000
65208  -50.036  -23.668  51.988 0.0000000000
64207  -51.431  -24.363  52.674 0.0000000000
65210  -51.615  -23.701  52.538 0.0000000000
65201  -52.658  -23.602  53.020 0.0000000000
65188  -53.937  -23.784  54.180 0.0000000000
67298  -55.941  -21.684  55.448 0.0000000000
66207  -56.252  -21.846  56.294 0.0000000000
75850  -58.938  -13.849  49.247 0.0000000000
62115  -43.129  -26.666  50.963 0.0000000000
66269  -45.288  -22.697  50.357 0.0000000000
65236  -46.684  -23.395  50.697 0.0000000000
66270  -46.203  -22.594  50.492 0.0000000000
67354  -46.617  -21.585  50.301 0.0000000000
70515  -47.547  -18.869  49.058 0.0000000000
69495  -48.829  -18.954  49.615 0.0000000000
70517  -49.504  -18.203  49.263 0.0000000000
71581  -50.364  -17.710  48.920 0.0000000000
34728  -11.831  -51.917  78.427 0.0000000000
34727  -11.047  -52.275  78.492 0.0000000000
33623  -10.341  -52.720  78.528 0.0000000000
32483  -8.974  -53.810  80.319 0.0000000000
32481  -8.066  -54.686  79.917 0.0000000000
31364  -7.354  -55.353  79.342 0.0000000000
31371  -7.346  -55.087  78.829 0.0000000000
31363  -6.852  -55.913  79.272 0.0000000000
31362  -6.731  -55.975  79.139 0.0000000000
29066  -5.974  -57.081  79.080 0.0000000000
29065  -5.680  -57.246  78.695 0.0000000000
27937  -6.381  -57.390  79.565 0.0000000000
27944  -6.428  -57.794  79.728 0.0000000000
53082  -38.077  -34.042  69.588 0.0000000000
54108  -37.735  -33.595  69.295 0.0000000000
55170  -37.401  -32.829  69.672 0.0000000000
55169  -37.199  -32.044  69.934 0.0000000000
58591  -36.301  -30.438  66.986 0.0000000000
58579  -36.601  -30.474  67.555 0.0000000000
58592  -36.706  -30.108  67.120 0.0000000000
58580  -37.034  -30.210  67.781 0.0000000000
57448  -39.319  -30.845  67.316 0.0000000000
57549  -36.829  -29.903  61.148 0.0000000000
57567  -38.065  -30.304  60.524 0.0000000000
57585  -38.730  -30.241  59.641 0.0000000000
43738  -23.911  -44.335  76.636 0.0000000000
47163  -25.180  -40.114  64.850 0.0000000000
47145  -25.451  -40.526  65.234 0.0000000000
46048  -25.194  -41.392  67.549 0.0000000000
45015  -29.960  -41.889  64.116 0.0000000000
45014  -29.296  -41.825  64.233 0.0000000000
43838  -30.891  -44.558  69.465 0.0000000000
43853  -29.932  -43.808  68.381 0.0000000000
44904  -28.514  -43.374  69.748 0.0000000000
44891  -28.597  -43.508  70.756 0.0000000000
44864  -29.851  -43.433  73.004 0.0000000000
37083  -14.887  -50.305  71.028 0.0000000000
37082  -14.214  -50.477  71.059 0.0000000000
35921  -13.633  -50.513  70.716 0.0000000000
35880  -14.485  -50.959  73.472 0.0000000000
35869  -14.376  -51.225  74.351 0.0000000000
37024  -18.545  -50.467  77.055 0.0000000000
58879  -42.464  -29.259  55.497 0.0000000000
58859  -48.936  -29.564  56.761 0.0000000000
58858  -47.898  -29.637  56.732 0.0000000000
58819  -49.027  -29.821  58.691 0.0000000000
58798  -49.601  -29.822  59.878 0.0000000000
58742  -51.948  -29.513  61.638 0.0000000000
62050  -53.102  -26.257  55.880 0.0000000000
62025  -52.892  -26.811  56.100 0.0000000000
62007  -53.909  -26.845  57.038 0.0000000000
60930  -54.370  -27.205  57.635 0.0000000000
60912  -54.552  -27.932  58.581 0.0000000000
72665  -51.851  -17.147  48.532 0.0000000000
72666  -52.354  -16.916  48.450 0.0000000000
71620  -52.641  -17.252  47.894 0.0000000000
72683  -56.378  -16.298  46.816 0.0000000000
73801  -56.786  -15.569  47.259 0.0000000000
72684  -57.015  -16.366  46.320 0.0000000000
73814  -58.224  -16.069  46.174 0.0000000000
73854  -55.963  -15.232  42.022 0.0000000000
72719  -57.702  -16.671  43.806 0.0000000000
72720  -58.713  -16.662  43.783 0.0000000000
72712  -60.480  -16.175  44.577 0.0000000000
72713  -61.267  -16.029  44.565 0.0000000000
72754  -61.732  -17.054  41.735 0.0000000000
72773  -61.825  -17.034  40.653 0.0000000000
51348  -38.106  -36.444  66.851 0.0000000000
51358  -37.286  -36.352  65.160 0.0000000000
52250  -36.558  -35.606  64.304 0.0000000000
44955  -21.820  -43.011  66.575 0.0000000000
46060  -22.296  -42.591  66.544 0.0000000000
46137  -33.255  -40.488  62.858 0.0000000000
47182  -33.571  -40.354  62.923 0.0000000000
46119  -34.205  -40.523  63.694 0.0000000000
47166  -34.582  -40.395  63.833 0.0000000000
46101  -35.208  -40.876  64.702 0.0000000000
48268  -37.754  -39.345  65.251 0.0000000000
48250  -38.439  -39.547  65.995 0.0000000000
49347  -38.698  -38.878  66.453 0.0000000000
58700  -40.858  -30.111  62.140 0.0000000000
58675  -41.760  -30.201  62.873 0.0000000000
58732  -42.160  -29.713  61.325 0.0000000000
58764  -42.685  -29.533  60.442 0.0000000000
58765  -43.636  -29.650  60.462 0.0000000000
58766  -44.620  -29.791  60.501 0.0000000000
58794  -45.177  -29.838  59.527 0.0000000000
67342  -51.991  -21.370  52.097 0.0000000000
66245  -53.200  -22.208  52.660 0.0000000000
67331  -52.688  -21.494  52.285 0.0000000000
67333  -54.103  -21.575  53.012 0.0000000000
67325  -55.114  -21.642  53.997 0.0000000000
69443  -54.678  -20.422  53.024 0.0000000000
68430  -55.325  -20.930  53.956 0.0000000000
68404  -56.155  -20.901  55.519 0.0000000000
68396  -56.655  -20.449  56.614 0.0000000000
72605  -57.234  -16.056  53.083 0.0000000000
74829  -57.560  -14.654  50.547 0.0000000000
32577  -8.329  -53.725  72.466 0.0000000000
55193  -35.905  -32.296  66.282 0.0000000000
55184  -36.258  -32.022  67.134 0.0000000000
57465  -35.854  -30.477  66.304 0.0000000000
57464  -35.440  -30.458  65.808 0.0000000000
58606  -36.304  -30.080  66.525 0.0000000000
58650  -37.623  -30.180  64.726 0.0000000000
58697  -36.290  -29.729  62.605 0.0000000000
58728  -36.802  -29.859  61.876 0.0000000000
57582  -36.030  -30.144  59.527 0.0000000000
43765  -24.311  -43.497  74.531 0.0000000000
43754  -23.950  -43.781  75.694 0.0000000000
43739  -24.787  -43.605  76.561 0.0000000000
44801  -26.712  -43.103  76.101 0.0000000000
48296  -25.351  -39.868  63.928 0.0000000000
47146  -26.118  -40.716  64.918 0.0000000000
46077  -26.523  -41.126  65.443 0.0000000000
46065  -26.935  -41.486  66.059 0.0000000000
43900  -31.891  -43.774  67.010 0.0000000000
43855  -31.476  -44.584  68.521 0.0000000000
42836  -31.837  -44.837  69.102 0.0000000000
43839  -31.382  -44.698  69.105 0.0000000000
43824  -31.081  -44.595  70.623 0.0000000000
43808  -30.613  -44.078  71.732 0.0000000000
43792  -32.270  -44.468  72.954 0.0000000000
43793  -33.563  -45.095  72.989 0.0000000000
43776  -32.872  -44.628  73.762 0.0000000000
37140  -15.254  -49.234  68.598 0.0000000000
37085  -16.871  -50.068  71.241 0.0000000000
37084  -15.777  -50.172  71.036 0.0000000000
35882  -16.312  -50.866  73.496 0.0000000000
59977  -44.371  -27.941  53.696 0.0000000000
59932  -45.127  -28.518  54.979 0.0000000000
59934  -46.941  -28.685  55.217 0.0000000000
59957  -47.469  -28.309  54.628 0.0000000000
59935  -47.916  -28.802  55.283 0.0000000000
59914  -48.389  -29.217  55.989 0.0000000000
58860  -49.904  -29.391  56.728 0.0000000000
72692  -50.894  -16.675  45.330 0.0000000000
72704  -52.603  -16.550  45.110 0.0000000000
73855  -56.760  -15.288  41.489 0.0000000000
72770  -59.257  -16.610  41.415 0.0000000000
73883  -58.337  -15.207  39.656 0.0000000000
73871  -59.726  -16.490  40.361 0.0000000000
72793  -60.313  -16.679  40.321 0.0000000000
34774  -11.827  -51.756  74.625 0.0000000000
34753  -12.579  -51.752  76.292 0.0000000000
51313  -38.866  -35.934  69.755 0.0000000000
52189  -38.457  -35.111  69.186 0.0000000000
53094  -38.264  -34.459  69.436 0.0000000000
54121  -37.645  -33.748  68.486 0.0000000000
54129  -37.058  -33.377  67.217 0.0000000000
52224  -37.731  -35.690  66.418 0.0000000000
53141  -37.417  -34.677  66.725 0.0000000000
53156  -36.949  -34.661  65.859 0.0000000000
55194  -36.570  -32.835  66.719 0.0000000000
55214  -34.673  -32.267  64.296 0.0000000000
37062  -20.402  -49.116  73.018 0.0000000000
38378  -21.186  -48.195  72.621 0.0000000000
39658  -20.907  -47.869  71.180 0.0000000000
39638  -21.208  -47.813  71.736 0.0000000000
39639  -21.473  -47.609  72.458 0.0000000000
40723  -22.490  -45.753  72.387 0.0000000000
40781  -20.492  -46.116  68.391 0.0000000000
40763  -21.355  -46.092  69.698 0.0000000000
41826  -21.529  -45.381  69.106 0.0000000000
41804  -21.771  -45.717  70.040 0.0000000000
42793  -23.789  -43.515  72.037 0.0000000000
43821  -23.354  -43.383  70.695 0.0000000000
43805  -23.505  -43.456  71.256 0.0000000000
46115  -30.290  -41.622  63.379 0.0000000000
44983  -31.937  -42.771  65.713 0.0000000000
46117  -32.421  -41.265  63.470 0.0000000000
45002  -32.495  -42.220  65.051 0.0000000000
44962  -32.376  -43.241  66.375 0.0000000000
43880  -34.213  -44.187  67.386 0.0000000000
42878  -34.526  -44.531  67.957 0.0000000000
43826  -37.247  -43.717  69.750 0.0000000000
43841  -37.227  -43.317  69.338 0.0000000000
43827  -37.797  -43.284  70.010 0.0000000000
44894  -38.414  -42.435  70.205 0.0000000000
46012  -38.755  -41.516  70.292 0.0000000000
46052  -38.444  -41.440  68.180 0.0000000000
47118  -38.913  -40.675  67.806 0.0000000000
48200  -39.303  -39.072  70.378 0.0000000000
38414  -17.564  -48.982  69.647 0.0000000000
38432  -17.872  -48.508  69.150 0.0000000000
38415  -18.266  -48.722  69.696 0.0000000000
57434  -43.144  -30.607  68.480 0.0000000000
57471  -43.273  -30.829  66.647 0.0000000000
57453  -44.354  -30.319  67.745 0.0000000000
57473  -44.848  -30.222  66.970 0.0000000000
58676  -42.676  -30.301  63.339 0.0000000000
58651  -43.266  -30.405  63.787 0.0000000000
58652  -43.844  -30.450  64.124 0.0000000000
62106  -49.266  -26.330  52.535 0.0000000000
62091  -49.866  -26.416  52.926 0.0000000000
63146  -49.978  -25.940  52.628 0.0000000000
62093  -51.379  -26.365  53.832 0.0000000000
63130  -51.990  -25.918  54.189 0.0000000000
63149  -52.427  -25.005  53.795 0.0000000000
63131  -52.542  -25.710  54.583 0.0000000000
63114  -52.819  -25.868  55.218 0.0000000000
63095  -53.721  -25.835  56.192 0.0000000000
63096  -54.309  -25.617  56.536 0.0000000000
63086  -55.285  -25.520  57.456 0.0000000000
66235  -53.279  -22.960  53.021 0.0000000000
65203  -54.059  -23.511  54.033 0.0000000000
65189  -54.464  -23.609  54.590 0.0000000000
66206  -55.884  -22.631  56.085 0.0000000000
65168  -55.295  -23.452  55.724 0.0000000000
64161  -54.897  -24.076  55.735 0.0000000000
29078  -4.295  -56.995  75.959 0.0000000000
57669  -39.349  -30.119  55.079 0.0000000000
58876  -39.657  -30.048  55.268 0.0000000000
58898  -39.510  -29.877  54.610 0.0000000000
58919  -40.742  -29.158  53.623 0.0000000000
58920  -41.607  -28.873  53.773 0.0000000000
58921  -42.210  -28.593  53.673 0.0000000000
59952  -42.960  -28.413  53.868 0.0000000000
59987  -41.667  -28.182  52.334 0.0000000000
59988  -42.630  -27.954  52.476 0.0000000000
59976  -43.410  -27.990  53.197 0.0000000000
61007  -43.683  -27.773  52.727 0.0000000000
61008  -44.203  -27.705  52.978 0.0000000000
61025  -44.754  -27.384  52.480 0.0000000000
61041  -44.456  -27.082  51.784 0.0000000000
61026  -45.702  -27.046  52.428 0.0000000000
62103  -46.283  -26.686  51.976 0.0000000000
62104  -47.466  -26.463  52.014 0.0000000000
63170  -46.799  -25.417  51.051 0.0000000000
63157  -47.716  -25.911  51.587 0.0000000000
63172  -48.684  -25.013  51.557 0.0000000000
64217  -48.924  -24.206  51.573 0.0000000000
65237  -47.696  -23.452  51.113 0.0000000000
65219  -48.495  -23.474  51.407 0.0000000000
65220  -49.535  -23.564  51.751 0.0000000000
65221  -50.095  -23.334  51.950 0.0000000000
66255  -50.276  -22.658  51.827 0.0000000000
66256  -51.059  -22.054  51.952 0.0000000000
68459  -47.141  -20.947  50.203 0.0000000000
68476  -47.413  -20.216  49.882 0.0000000000
67356  -48.599  -21.441  50.823 0.0000000000
67357  -49.159  -21.413  51.029 0.0000000000
67339  -49.677  -21.603  51.285 0.0000000000
67340  -50.625  -21.514  51.603 0.0000000000
67341  -51.435  -21.343  51.891 0.0000000000
68449  -51.136  -20.511  51.420 0.0000000000
69465  -52.095  -19.657  51.363 0.0000000000
69476  -51.046  -19.346  50.734 0.0000000000
70491  -52.592  -18.624  51.057 0.0000000000
71553  -52.979  -17.795  50.813 0.0000000000
71569  -53.356  -17.058  50.526 0.0000000000
71568  -52.557  -17.144  50.362 0.0000000000
72641  -51.851  -16.806  49.367 0.0000000000
72640  -51.447  -16.973  49.061 0.0000000000
71594  -50.401  -17.902  48.485 0.0000000000
71595  -51.103  -17.482  48.668 0.0000000000
71596  -51.594  -17.270  48.594 0.0000000000
71619  -51.715  -17.525  48.095 0.0000000000
71651  -50.188  -17.474  45.717 0.0000000000
34773  -11.228  -52.048  74.746 0.0000000000
33656  -10.769  -52.513  74.735 0.0000000000
33647  -9.932  -53.036  75.594 0.0000000000
32530  -8.882  -53.906  75.607 0.0000000000
34713  -10.683  -52.567  80.059 0.0000000000
33617  -10.169  -52.774  79.437 0.0000000000
33622  -9.572  -53.156  78.568 0.0000000000
33607  -8.724  -53.741  80.012 0.0000000000
33621  -9.058  -53.409  78.934 0.0000000000
32507  -9.164  -53.536  77.569 0.0000000000
32515  -8.698  -53.987  76.676 0.0000000000
31376  -6.865  -55.426  78.255 0.0000000000
29073  -4.564  -57.408  77.130 0.0000000000
26836  -4.499  -58.789  77.941 0.0000000000
27949  -5.367  -58.198  78.821 0.0000000000
26831  -4.980  -58.661  78.558 0.0000000000
57374  -42.396  -30.567  71.347 0.0000000000
53058  -39.021  -34.621  73.223 0.0000000000
56289  -36.588  -31.873  67.949 0.0000000000
56272  -37.021  -31.516  69.511 0.0000000000
57408  -37.077  -30.973  69.460 0.0000000000
57390  -37.246  -31.219  69.921 0.0000000000
57370  -38.648  -31.418  71.506 0.0000000000
57371  -39.558  -31.223  71.497 0.0000000000
57394  -40.626  -30.882  70.530 0.0000000000
57468  -40.857  -31.090  66.233 0.0000000000
57502  -38.170  -30.523  63.915 0.0000000000
57532  -37.914  -30.308  62.126 0.0000000000
57520  -38.831  -30.598  63.088 0.0000000000
57535  -40.231  -30.397  62.527 0.0000000000
58730  -40.540  -29.961  61.291 0.0000000000
58761  -40.118  -29.944  60.527 0.0000000000
57586  -39.270  -30.072  59.197 0.0000000000
58810  -39.791  -29.931  58.755 0.0000000000
57530  -32.766  -30.054  62.215 0.0000000000
58757  -34.055  -29.467  60.576 0.0000000000
58786  -34.492  -29.702  59.886 0.0000000000
57581  -35.177  -30.008  59.519 0.0000000000
57599  -35.628  -30.389  58.842 0.0000000000
57617  -36.645  -30.672  57.724 0.0000000000
57647  -36.351  -30.978  55.720 0.0000000000
57649  -38.366  -30.440  55.724 0.0000000000
38337  -21.005  -48.652  74.050 0.0000000000
39581  -21.240  -48.366  74.952 0.0000000000
40680  -22.023  -47.317  75.240 0.0000000000
46075  -22.185  -42.308  65.934 0.0000000000
46046  -23.503  -42.021  67.459 0.0000000000
46033  -23.886  -41.948  68.337 0.0000000000
46018  -24.306  -42.014  69.165 0.0000000000
47081  -24.906  -41.710  68.549 0.0000000000
47080  -24.632  -41.834  68.693 0.0000000000
45994  -25.259  -42.386  70.841 0.0000000000
45979  -25.641  -42.456  71.547 0.0000000000
46112  -27.781  -41.098  63.517 0.0000000000
46094  -27.542  -41.268  64.334 0.0000000000
44978  -27.478  -41.633  65.770 0.0000000000
46037  -26.813  -42.129  68.292 0.0000000000
46009  -26.386  -42.327  70.188 0.0000000000
45980  -26.094  -42.511  71.805 0.0000000000
45966  -26.726  -42.972  72.987 0.0000000000
45952  -27.477  -43.273  73.978 0.0000000000
45968  -28.081  -43.286  73.682 0.0000000000
45953  -28.126  -43.302  74.304 0.0000000000
43790  -30.739  -43.896  72.506 0.0000000000
44865  -30.781  -43.818  73.044 0.0000000000
34793  -11.625  -51.565  72.713 0.0000000000
35877  -12.068  -51.270  73.297 0.0000000000
34776  -13.151  -51.420  74.676 0.0000000000
35850  -17.687  -50.554  77.124 0.0000000000
58835  -42.982  -29.275  57.527 0.0000000000
58795  -46.226  -29.955  59.577 0.0000000000
58882  -45.589  -28.843  55.609 0.0000000000
58856  -45.630  -29.298  56.451 0.0000000000
58838  -46.243  -29.743  57.537 0.0000000000
58738  -48.052  -30.128  61.721 0.0000000000
58739  -49.018  -30.119  61.783 0.0000000000
58771  -49.548  -29.960  60.989 0.0000000000
62069  -50.268  -27.110  53.737 0.0000000000
60990  -50.708  -27.520  54.535 0.0000000000
60968  -52.331  -27.131  55.701 0.0000000000
60945  -51.893  -27.965  56.139 0.0000000000
59918  -51.695  -28.344  56.367 0.0000000000
59903  -51.887  -28.655  57.120 0.0000000000
59892  -52.102  -28.928  57.815 0.0000000000
58822  -52.257  -29.056  58.543 0.0000000000
58801  -52.945  -29.072  59.769 0.0000000000
58800  -52.033  -29.219  59.497 0.0000000000
58774  -52.477  -29.230  60.604 0.0000000000
72630  -53.823  -16.513  50.278 0.0000000000
73752  -54.355  -15.963  50.080 0.0000000000
73765  -54.467  -15.584  49.576 0.0000000000
74839  -54.376  -15.514  49.234 0.0000000000
74840  -54.840  -15.164  49.484 0.0000000000
74841  -55.641  -14.721  49.519 0.0000000000
74842  -56.714  -14.291  49.512 0.0000000000
71654  -52.651  -17.737  46.758 0.0000000000
72680  -53.448  -17.234  47.367 0.0000000000
72668  -54.710  -16.122  47.792 0.0000000000
75848  -57.341  -13.909  49.147 0.0000000000
75860  -58.298  -13.871  48.431 0.0000000000
75861  -59.160  -13.976  48.482 0.0000000000
74874  -58.210  -14.493  47.548 0.0000000000
75872  -58.716  -14.005  48.030 0.0000000000
72708  -56.648  -16.808  44.827 0.0000000000
73815  -58.956  -15.964  45.993 0.0000000000
72710  -58.548  -16.629  44.634 0.0000000000
72700  -59.106  -16.301  45.335 0.0000000000
73804  -59.413  -15.468  46.459 0.0000000000
73805  -60.141  -15.413  46.372 0.0000000000
27942  -5.564  -57.578  78.743 0.0000000000
29060  -6.291  -56.847  79.330 0.0000000000
29061  -6.856  -57.113  79.681 0.0000000000
30224  -6.447  -56.366  79.039 0.0000000000
30225  -6.752  -56.254  79.361 0.0000000000
30231  -6.588  -55.790  78.350 0.0000000000
31369  -6.590  -56.032  78.958 0.0000000000
32477  -8.754  -54.339  80.375 0.0000000000
32478  -9.052  -54.131  80.474 0.0000000000
32489  -7.868  -54.688  79.539 0.0000000000
33615  -8.858  -53.531  79.517 0.0000000000
34782  -10.725  -52.421  73.711 0.0000000000
34785  -12.388  -51.370  73.833 0.0000000000
37141  -15.772  -49.077  68.617 0.0000000000
38338  -21.392  -48.110  73.856 0.0000000000
38418  -20.046  -48.222  70.672 0.0000000000
39677  -19.834  -47.875  70.011 0.0000000000
39695  -20.335  -47.308  69.755 0.0000000000
41845  -20.519  -45.477  67.875 0.0000000000
42814  -32.142  -44.962  69.885 0.0000000000
42835  -31.390  -44.725  69.368 0.0000000000
42856  -31.913  -44.761  68.573 0.0000000000
42857  -32.398  -44.814  68.419 0.0000000000
42874  -21.204  -44.277  67.562 0.0000000000
42875  -32.514  -44.663  68.045 0.0000000000
43875  -29.948  -43.649  67.992 0.0000000000
43899  -31.378  -43.718  67.028 0.0000000000
44916  -23.362  -42.418  68.697 0.0000000000
44956  -22.325  -42.805  66.940 0.0000000000
44997  -28.242  -41.658  64.805 0.0000000000
45951  -26.793  -43.133  73.725 0.0000000000
45993  -24.909  -42.253  70.345 0.0000000000
46019  -24.834  -41.851  69.206 0.0000000000
46034  -24.167  -41.692  67.769 0.0000000000
46062  -23.416  -41.781  66.731 0.0000000000
47098  -24.958  -41.549  67.982 0.0000000000
47164  -25.709  -40.222  64.490 0.0000000000
48277  -25.268  -39.955  64.464 0.0000000000
49316  -39.355  -38.675  69.341 0.0000000000
53093  -38.057  -34.377  68.911 0.0000000000
53140  -37.074  -34.400  66.316 0.0000000000
56263  -37.326  -31.499  70.193 0.0000000000
56280  -36.503  -30.982  68.094 0.0000000000
57369  -37.965  -31.392  71.143 0.0000000000
57509  -44.274  -30.675  65.438 0.0000000000
57651  -40.003  -30.072  56.260 0.0000000000
57668  -38.759  -30.214  54.743 0.0000000000
58578  -36.337  -30.652  67.327 0.0000000000
58701  -41.634  -29.956  62.090 0.0000000000
58760  -39.438  -30.150  60.648 0.0000000000
58843  -51.465  -29.085  57.527 0.0000000000
58897  -38.926  -30.014  54.259 0.0000000000
59904  -52.639  -28.340  57.333 0.0000000000
59936  -48.840  -28.811  55.317 0.0000000000
59937  -49.742  -28.521  55.244 0.0000000000
59939  -51.220  -28.345  55.923 0.0000000000
59954  -44.665  -28.225  54.323 0.0000000000
59973  -41.041  -28.844  53.182 0.0000000000
60946  -52.489  -27.773  56.518 0.0000000000
60965  -49.836  -28.149  54.893 0.0000000000
60985  -45.576  -27.811  53.941 0.0000000000
61027  -46.779  -26.967  52.623 0.0000000000
61042  -45.067  -27.004  52.050 0.0000000000
62026  -53.561  -26.286  56.377 0.0000000000
62072  -52.259  -26.321  54.840 0.0000000000
62090  -48.981  -26.767  52.888 0.0000000000
62092  -50.840  -26.420  53.432 0.0000000000
62119  -47.269  -25.896  51.437 0.0000000000
63115  -53.375  -25.656  55.596 0.0000000000
63158  -48.312  -25.814  51.780 0.0000000000
63169  -46.034  -25.855  51.003 0.0000000000
63173  -49.323  -24.682  51.791 0.0000000000
64160  -54.405  -24.300  55.342 0.0000000000
64182  -53.695  -24.292  54.408 0.0000000000
64198  -52.849  -24.337  53.585 0.0000000000
64206  -50.871  -24.307  52.418 0.0000000000
64218  -49.435  -24.198  51.784 0.0000000000
64233  -46.252  -24.200  50.579 0.0000000000
64235  -47.507  -24.122  51.090 0.0000000000
65167  -54.806  -23.770  55.297 0.0000000000
65190  -54.953  -23.388  55.138 0.0000000000
65200  -52.138  -23.826  52.800 0.0000000000
65202  -53.547  -23.745  53.687 0.0000000000
65209  -50.582  -23.466  52.148 0.0000000000
65218  -48.070  -23.729  51.289 0.0000000000
66189  -56.042  -22.817  56.594 0.0000000000
66223  -55.254  -22.722  54.963 0.0000000000
67282  -56.596  -21.302  56.896 0.0000000000
67324  -54.634  -21.666  53.462 0.0000000000
67332  -53.632  -21.530  52.664 0.0000000000
67367  -45.428  -21.297  49.907 0.0000000000
68405  -56.401  -20.433  55.838 0.0000000000
68415  -56.199  -20.500  55.376 0.0000000000
68429  -54.830  -20.782  53.334 0.0000000000
68447  -49.751  -21.077  51.128 0.0000000000
68458  -46.695  -21.076  50.127 0.0000000000
69455  -52.548  -20.153  51.864 0.0000000000
69457  -54.342  -19.996  52.568 0.0000000000
69464  -51.311  -19.869  51.159 0.0000000000
70481  -53.528  -19.074  51.616 0.0000000000
70565  -49.694  -18.380  46.883 0.0000000000
71541  -56.316  -17.092  52.645 0.0000000000
71555  -54.571  -17.312  51.179 0.0000000000
71621  -53.144  -17.151  47.728 0.0000000000
72604  -56.792  -16.379  52.605 0.0000000000
72628  -52.311  -16.694  49.895 0.0000000000
72632  -55.282  -16.514  51.025 0.0000000000
72649  -51.310  -17.128  48.918 0.0000000000
73750  -53.268  -16.292  49.829 0.0000000000
73751  -53.564  -16.173  49.851 0.0000000000
73773  -53.342  -16.160  49.241 0.0000000000
73789  -53.949  -15.802  48.647 0.0000000000
73793  -57.191  -15.021  47.455 0.0000000000
74875  -59.388  -14.699  47.481 0.0000000000
75859  -57.571  -13.841  48.667 0.0000000000
75862  -59.836  -14.312  48.311 0.0000000000
