#!ascii label  , from subject sub-01 vox2ras=TkReg
1308
90751  -39.614  1.196  43.261 0.0000000000
89903  -50.784  0.742  34.814 0.0000000000
96328  -47.616  7.325  43.320 0.0000000000
89803  -49.417  0.695  41.733 0.0000000000
85827  -48.287  -3.569  49.816 0.0000000000
93721  -42.023  4.748  34.954 0.0000000000
100040  -46.964  11.598  31.420 0.0000000000
100772  -44.946  12.843  39.133 0.0000000000
92678  -49.579  4.174  53.129 0.0000000000
88836  -43.310  -1.054  41.909 0.0000000000
90835  -45.328  1.948  37.522 0.0000000000
92776  -41.113  3.508  39.721 0.0000000000
98044  -51.872  9.835  42.925 0.0000000000
97288  -48.449  9.122  36.857 0.0000000000
98999  -51.231  10.437  36.981 0.0000000000
99972  -46.596  11.728  35.873 0.0000000000
101501  -49.459  13.159  40.438 0.0000000000
89920  -46.787  0.500  32.359 0.0000000000
94518  -39.034  5.206  45.131 0.0000000000
93671  -43.308  4.491  43.423 0.0000000000
89779  -53.460  0.632  43.288 0.0000000000
90727  -49.254  1.470  47.453 0.0000000000
87840  -43.312  -2.170  47.032 0.0000000000
88745  -43.591  -0.697  52.048 0.0000000000
92835  -47.723  3.685  33.852 0.0000000000
93769  -44.922  4.988  29.758 0.0000000000
96376  -43.066  7.967  38.871 0.0000000000
97314  -43.350  9.147  33.641 0.0000000000
97345  -42.520  8.818  27.948 0.0000000000
100034  -41.346  11.303  31.448 0.0000000000
99996  -40.489  11.475  34.512 0.0000000000
89788  -40.818  -0.099  42.198 0.0000000000
89815  -42.319  0.584  40.519 0.0000000000
91761  -40.591  2.291  41.373 0.0000000000
99879  -53.197  11.685  42.211 0.0000000000
98071  -52.650  9.454  39.371 0.0000000000
98961  -52.792  10.739  39.672 0.0000000000
99923  -50.679  10.944  39.497 0.0000000000
89913  -48.738  0.633  33.855 0.0000000000
96314  -38.443  7.674  44.796 0.0000000000
95410  -40.746  6.762  44.785 0.0000000000
87820  -49.503  -1.209  48.696 0.0000000000
88778  -45.727  -0.684  46.863 0.0000000000
87810  -46.927  -1.619  49.642 0.0000000000
90684  -45.464  1.632  52.403 0.0000000000
89720  -38.235  0.387  49.220 0.0000000000
90706  -35.580  2.223  47.568 0.0000000000
92703  -36.998  3.058  49.131 0.0000000000
90805  -50.718  1.551  39.848 0.0000000000
92804  -44.308  3.046  36.261 0.0000000000
91842  -46.557  2.462  36.059 0.0000000000
92832  -44.870  3.361  34.482 0.0000000000
92879  -45.883  3.788  31.752 0.0000000000
93745  -42.934  4.897  32.296 0.0000000000
95424  -45.357  5.832  42.840 0.0000000000
94553  -43.381  5.871  41.475 0.0000000000
96351  -45.250  7.502  40.758 0.0000000000
98128  -48.344  9.797  33.937 0.0000000000
98112  -45.547  9.531  34.984 0.0000000000
98153  -45.588  10.444  32.004 0.0000000000
97333  -42.509  8.888  29.871 0.0000000000
99069  -43.213  10.673  29.959 0.0000000000
98173  -41.488  9.369  29.050 0.0000000000
100037  -44.168  12.074  30.759 0.0000000000
99955  -45.209  11.688  37.119 0.0000000000
99984  -43.528  11.600  35.104 0.0000000000
99953  -43.071  11.508  37.168 0.0000000000
99966  -40.166  11.171  36.567 0.0000000000
100782  -42.491  12.072  38.797 0.0000000000
88852  -46.861  -0.599  41.634 0.0000000000
89837  -47.133  0.431  39.434 0.0000000000
89817  -44.652  0.166  40.001 0.0000000000
90816  -43.022  1.841  38.531 0.0000000000
93708  -41.808  4.309  37.093 0.0000000000
97212  -49.580  8.710  43.126 0.0000000000
97225  -47.814  8.195  40.074 0.0000000000
97243  -50.667  9.022  40.296 0.0000000000
97291  -51.333  9.283  36.417 0.0000000000
99027  -50.184  11.203  33.945 0.0000000000
100002  -47.017  12.031  33.596 0.0000000000
99958  -48.726  11.303  36.424 0.0000000000
99921  -48.014  11.496  38.659 0.0000000000
101498  -47.069  13.484  39.904 0.0000000000
89935  -44.902  0.996  30.651 0.0000000000
91729  -39.285  2.408  44.909 0.0000000000
92735  -41.304  3.282  43.574 0.0000000000
93662  -41.516  4.470  45.184 0.0000000000
94523  -44.090  5.650  45.099 0.0000000000
96322  -45.639  7.475  44.648 0.0000000000
98925  -45.940  10.362  44.376 0.0000000000
98031  -47.705  9.546  44.547 0.0000000000
91740  -51.666  3.162  44.492 0.0000000000
90729  -51.891  2.073  46.533 0.0000000000
89768  -48.756  0.891  44.852 0.0000000000
87873  -46.399  -0.911  44.496 0.0000000000
87870  -44.011  -1.666  44.708 0.0000000000
84766  -47.044  -4.754  51.566 0.0000000000
87755  -50.326  -1.109  55.584 0.0000000000
86809  -48.859  -2.470  53.865 0.0000000000
86826  -47.676  -2.665  51.879 0.0000000000
85823  -42.501  -3.363  49.801 0.0000000000
88792  -38.232  -0.291  45.248 0.0000000000
92823  -51.678  3.470  34.862 0.0000000000
90838  -48.011  1.578  37.306 0.0000000000
91862  -48.964  3.167  35.448 0.0000000000
92854  -50.107  2.906  33.449 0.0000000000
92883  -48.092  2.830  31.854 0.0000000000
92892  -46.115  3.358  30.214 0.0000000000
92903  -45.140  3.683  28.650 0.0000000000
93680  -41.632  4.503  41.583 0.0000000000
95451  -41.561  6.412  39.182 0.0000000000
96390  -41.569  7.345  37.007 0.0000000000
97272  -46.008  9.098  37.657 0.0000000000
98096  -43.417  8.886  35.943 0.0000000000
96409  -41.458  7.246  33.907 0.0000000000
95500  -42.509  6.699  30.684 0.0000000000
95516  -44.032  6.745  28.200 0.0000000000
93782  -43.079  4.845  28.759 0.0000000000
100014  -43.919  12.180  32.755 0.0000000000
100023  -40.046  11.215  32.991 0.0000000000
98135  -38.633  9.504  33.426 0.0000000000
99017  -38.044  10.985  34.869 0.0000000000
99964  -37.849  11.064  36.615 0.0000000000
89787  -40.219  0.329  42.611 0.0000000000
89798  -40.431  0.828  41.918 0.0000000000
90760  -40.132  1.290  42.283 0.0000000000
98950  -53.463  11.076  40.882 0.0000000000
100762  -52.322  12.527  40.270 0.0000000000
89902  -49.770  0.749  34.352 0.0000000000
86861  -49.115  -2.390  48.825 0.0000000000
87812  -48.787  -1.398  49.632 0.0000000000
86840  -48.854  -2.352  50.341 0.0000000000
91698  -39.405  2.461  49.420 0.0000000000
91696  -37.388  2.430  49.201 0.0000000000
90773  -50.850  1.859  41.907 0.0000000000
89822  -49.228  0.654  40.616 0.0000000000
92814  -43.052  3.723  36.108 0.0000000000
92816  -44.538  3.220  35.357 0.0000000000
93730  -43.258  3.994  34.561 0.0000000000
93737  -43.684  4.061  33.565 0.0000000000
93729  -42.571  4.515  34.175 0.0000000000
95425  -46.415  6.476  42.760 0.0000000000
95431  -45.712  6.447  41.972 0.0000000000
95432  -46.398  6.901  41.962 0.0000000000
99035  -48.195  10.479  32.390 0.0000000000
98140  -46.524  10.234  32.721 0.0000000000
99046  -46.800  10.711  31.792 0.0000000000
99057  -44.564  10.811  30.810 0.0000000000
99071  -44.726  11.232  30.671 0.0000000000
100049  -44.037  11.381  30.423 0.0000000000
100822  -45.849  12.080  31.144 0.0000000000
100785  -45.330  12.385  38.673 0.0000000000
99954  -44.117  11.614  37.114 0.0000000000
99937  -43.794  11.776  38.004 0.0000000000
99936  -42.804  11.664  38.073 0.0000000000
100783  -43.424  12.177  38.712 0.0000000000
88850  -44.802  -0.765  41.388 0.0000000000
88867  -45.240  -0.406  40.677 0.0000000000
88866  -44.222  -0.279  40.665 0.0000000000
90799  -41.580  2.075  39.716 0.0000000000
90800  -42.316  1.659  39.366 0.0000000000
91787  -42.172  2.336  38.832 0.0000000000
92792  -42.434  3.362  37.442 0.0000000000
92785  -41.434  3.509  38.688 0.0000000000
97217  -50.335  9.114  42.641 0.0000000000
97227  -49.636  8.693  40.989 0.0000000000
98060  -51.487  9.375  40.981 0.0000000000
98080  -52.793  10.029  38.469 0.0000000000
97260  -51.832  9.005  38.294 0.0000000000
98090  -51.817  9.623  36.900 0.0000000000
98117  -50.877  9.989  34.653 0.0000000000
99011  -51.013  10.572  36.017 0.0000000000
99975  -49.596  11.360  34.708 0.0000000000
98998  -50.330  10.715  36.597 0.0000000000
100760  -50.206  12.287  40.397 0.0000000000
99922  -49.252  11.186  39.064 0.0000000000
100759  -48.949  12.115  40.015 0.0000000000
100774  -47.106  12.642  39.568 0.0000000000
101500  -48.346  13.173  40.255 0.0000000000
89927  -46.101  0.624  31.546 0.0000000000
93660  -39.587  4.245  45.288 0.0000000000
92722  -40.191  3.259  45.083 0.0000000000
94519  -40.040  5.155  45.245 0.0000000000
96318  -41.996  7.608  44.611 0.0000000000
95412  -42.680  6.801  44.860 0.0000000000
95413  -43.573  6.856  44.891 0.0000000000
95415  -45.130  6.680  44.884 0.0000000000
96321  -44.743  7.556  44.692 0.0000000000
99847  -45.446  11.722  45.663 0.0000000000
98030  -46.636  9.381  44.362 0.0000000000
98927  -48.081  10.814  45.085 0.0000000000
98033  -49.556  9.711  44.859 0.0000000000
98910  -48.755  11.301  45.704 0.0000000000
92739  -53.717  2.992  43.523 0.0000000000
91741  -52.995  2.602  44.798 0.0000000000
88808  -50.922  -0.370  45.359 0.0000000000
90720  -50.875  1.961  47.710 0.0000000000
91731  -50.337  2.303  46.304 0.0000000000
89760  -48.468  0.976  46.091 0.0000000000
88807  -47.340  -0.357  44.549 0.0000000000
89758  -47.126  -0.134  45.625 0.0000000000
87841  -44.353  -1.549  46.725 0.0000000000
87856  -44.602  -1.456  45.673 0.0000000000
87855  -43.582  -1.791  45.786 0.0000000000
90655  -49.661  1.647  54.344 0.0000000000
89682  -47.402  -0.009  54.308 0.0000000000
88731  -46.020  -0.756  53.668 0.0000000000
86816  -47.879  -2.652  52.843 0.0000000000
87789  -45.326  -2.177  52.897 0.0000000000
85804  -44.962  -3.140  51.061 0.0000000000
86821  -42.799  -2.324  51.449 0.0000000000
89757  -37.884  0.640  45.324 0.0000000000
89756  -36.946  0.805  45.923 0.0000000000
92825  -53.313  2.901  35.621 0.0000000000
89851  -46.724  0.775  38.638 0.0000000000
90821  -48.329  0.963  38.042 0.0000000000
90837  -46.936  1.775  37.133 0.0000000000
92819  -47.390  3.282  34.685 0.0000000000
91861  -47.935  2.935  35.357 0.0000000000
92820  -48.373  3.549  34.640 0.0000000000
92837  -49.724  3.774  33.775 0.0000000000
92836  -48.703  3.807  33.766 0.0000000000
92869  -48.983  2.895  32.651 0.0000000000
92851  -47.921  3.827  32.955 0.0000000000
93756  -45.039  4.245  31.323 0.0000000000
93758  -46.341  3.720  31.151 0.0000000000
93786  -45.864  3.884  29.874 0.0000000000
92904  -45.670  3.495  29.446 0.0000000000
93785  -45.427  4.384  29.121 0.0000000000
93670  -42.584  4.098  43.727 0.0000000000
92743  -41.312  3.504  42.733 0.0000000000
93675  -42.281  4.310  42.760 0.0000000000
96349  -43.279  7.245  40.115 0.0000000000
95442  -42.360  6.545  40.148 0.0000000000
95452  -42.116  6.920  39.430 0.0000000000
95457  -41.230  6.259  38.040 0.0000000000
96375  -42.506  7.758  38.305 0.0000000000
97257  -48.446  8.619  38.592 0.0000000000
97239  -46.709  8.351  39.504 0.0000000000
97273  -47.065  9.055  37.689 0.0000000000
98125  -44.877  9.535  34.037 0.0000000000
98098  -45.100  9.406  35.954 0.0000000000
97307  -43.142  8.883  34.423 0.0000000000
97299  -42.178  8.176  35.529 0.0000000000
97312  -41.889  8.046  33.700 0.0000000000
96416  -41.598  7.415  32.851 0.0000000000
97319  -41.958  8.303  32.608 0.0000000000
97339  -42.726  8.781  28.614 0.0000000000
96437  -43.180  7.782  28.840 0.0000000000
96445  -43.104  7.916  27.831 0.0000000000
94640  -43.768  5.759  27.400 0.0000000000
95526  -42.760  7.091  27.711 0.0000000000
93781  -42.365  5.313  29.059 0.0000000000
95525  -42.027  7.123  28.047 0.0000000000
98166  -41.154  9.676  29.827 0.0000000000
96429  -40.578  7.809  29.838 0.0000000000
99987  -46.823  11.796  34.730 0.0000000000
100800  -45.413  12.413  33.210 0.0000000000
100000  -44.873  12.136  33.814 0.0000000000
99983  -42.441  11.456  35.235 0.0000000000
99998  -42.626  11.601  34.143 0.0000000000
100011  -40.701  11.514  33.533 0.0000000000
99033  -39.313  10.582  33.202 0.0000000000
99026  -39.158  11.024  33.869 0.0000000000
99025  -38.444  10.554  34.116 0.0000000000
99995  -39.371  11.317  34.592 0.0000000000
99950  -40.116  11.144  37.629 0.0000000000
99965  -38.988  10.967  36.821 0.0000000000
98996  -38.651  10.850  37.599 0.0000000000
98995  -37.864  10.929  37.400 0.0000000000
88835  -42.349  -0.839  41.977 0.0000000000
88865  -43.310  -0.115  40.719 0.0000000000
89800  -41.996  0.058  41.154 0.0000000000
90771  -41.054  1.200  40.982 0.0000000000
91773  -40.820  2.393  40.735 0.0000000000
98050  -52.181  9.640  41.714 0.0000000000
98051  -53.074  9.976  41.343 0.0000000000
98063  -53.305  10.676  40.295 0.0000000000
98972  -52.707  10.279  38.767 0.0000000000
98970  -50.584  10.601  38.647 0.0000000000
99924  -51.552  10.972  39.759 0.0000000000
100761  -51.345  12.411  40.348 0.0000000000
89921  -47.342  0.983  32.627 0.0000000000
95399  -38.505  6.272  44.970 0.0000000000
95401  -40.427  5.967  45.025 0.0000000000
96315  -39.146  7.496  44.695 0.0000000000
89729  -49.161  0.549  48.432 0.0000000000
89738  -47.116  0.349  47.110 0.0000000000
88767  -47.570  -0.064  48.509 0.0000000000
87819  -46.570  -1.112  48.884 0.0000000000
87817  -44.849  -2.075  48.546 0.0000000000
91680  -47.136  2.964  52.345 0.0000000000
90688  -44.261  1.612  51.479 0.0000000000
88763  -37.098  -0.398  48.323 0.0000000000
88776  -36.418  0.241  47.436 0.0000000000
90708  -36.615  1.462  48.719 0.0000000000
91705  -36.031  2.452  48.554 0.0000000000
91821  -44.526  2.582  37.058 0.0000000000
91823  -46.193  2.126  36.679 0.0000000000
92805  -44.984  2.847  35.880 0.0000000000
92817  -45.495  2.940  35.187 0.0000000000
92833  -45.801  3.279  34.211 0.0000000000
92850  -47.047  3.614  33.094 0.0000000000
92848  -45.082  3.548  33.501 0.0000000000
93747  -44.526  3.873  32.700 0.0000000000
93755  -44.144  4.997  30.645 0.0000000000
94531  -44.570  4.997  43.716 0.0000000000
94535  -44.023  5.284  42.575 0.0000000000
95423  -44.736  5.661  42.478 0.0000000000
95444  -44.576  6.865  41.086 0.0000000000
96365  -44.879  8.053  39.860 0.0000000000
98101  -48.497  9.337  36.022 0.0000000000
98100  -47.239  9.432  35.921 0.0000000000
98114  -47.829  9.570  34.931 0.0000000000
98126  -46.000  9.740  33.913 0.0000000000
98138  -44.012  9.565  33.057 0.0000000000
98151  -43.202  9.717  32.003 0.0000000000
98152  -44.349  10.327  31.707 0.0000000000
98160  -43.169  10.125  30.663 0.0000000000
98175  -42.399  9.375  28.502 0.0000000000
97344  -42.012  8.831  27.894 0.0000000000
99076  -42.294  9.891  28.867 0.0000000000
100047  -42.554  11.408  30.258 0.0000000000
100035  -42.121  11.625  30.942 0.0000000000
99956  -46.328  11.681  37.027 0.0000000000
99985  -44.627  11.767  34.989 0.0000000000
99970  -44.393  11.592  36.099 0.0000000000
99969  -43.312  11.476  36.175 0.0000000000
99968  -42.250  11.404  36.277 0.0000000000
99981  -40.302  11.336  35.514 0.0000000000
99952  -42.055  11.420  37.272 0.0000000000
99935  -41.853  11.602  38.198 0.0000000000
99934  -40.905  11.573  38.469 0.0000000000
88853  -47.795  -0.201  41.537 0.0000000000
89821  -48.380  0.358  40.377 0.0000000000
88869  -47.140  -0.221  40.846 0.0000000000
89836  -46.181  0.432  39.284 0.0000000000
89849  -45.260  1.072  38.647 0.0000000000
89816  -43.602  0.341  40.179 0.0000000000
90802  -44.478  1.210  38.826 0.0000000000
91804  -44.313  2.142  37.736 0.0000000000
91820  -43.765  2.626  37.378 0.0000000000
92802  -42.845  3.557  36.724 0.0000000000
93715  -41.953  4.614  35.961 0.0000000000
96329  -48.248  7.810  42.964 0.0000000000
96340  -47.822  7.786  41.531 0.0000000000
97215  -48.874  8.336  41.627 0.0000000000
97242  -49.664  8.664  39.817 0.0000000000
97258  -49.527  8.619  38.706 0.0000000000
98070  -51.782  9.184  39.791 0.0000000000
97259  -50.952  8.854  38.842 0.0000000000
97289  -49.304  8.944  36.898 0.0000000000
98116  -50.110  9.590  34.712 0.0000000000
98144  -50.163  9.933  33.163 0.0000000000
100018  -49.121  11.322  32.517 0.0000000000
100809  -47.106  12.139  32.162 0.0000000000
99989  -48.895  11.621  34.214 0.0000000000
99988  -47.926  11.823  34.510 0.0000000000
99973  -47.746  11.658  35.630 0.0000000000
99942  -49.476  10.820  38.030 0.0000000000
99941  -48.487  11.159  37.748 0.0000000000
99940  -47.212  11.561  37.939 0.0000000000
99920  -47.128  11.909  38.891 0.0000000000
99919  -46.537  12.286  39.025 0.0000000000
101513  -45.507  13.520  39.477 0.0000000000
91736  -39.600  2.132  44.445 0.0000000000
91744  -40.250  2.404  43.268 0.0000000000
92728  -40.349  2.853  44.590 0.0000000000
92730  -41.817  3.880  44.665 0.0000000000
93666  -42.526  4.155  44.404 0.0000000000
95402  -41.394  5.966  45.094 0.0000000000
94522  -43.163  5.100  45.112 0.0000000000
94527  -44.219  4.914  44.602 0.0000000000
94532  -45.157  5.502  44.115 0.0000000000
95416  -45.904  6.626  44.575 0.0000000000
95417  -46.644  6.790  44.232 0.0000000000
98028  -44.532  9.318  44.245 0.0000000000
98029  -45.574  9.321  44.276 0.0000000000
97202  -47.173  8.423  44.421 0.0000000000
96325  -48.134  7.845  43.726 0.0000000000
97207  -48.792  8.350  43.521 0.0000000000
97209  -50.097  9.272  44.151 0.0000000000
98035  -50.941  10.099  44.683 0.0000000000
91753  -51.400  2.674  43.086 0.0000000000
90761  -50.015  1.493  43.451 0.0000000000
88823  -52.046  -0.577  43.949 0.0000000000
89778  -52.746  0.859  43.987 0.0000000000
92715  -52.096  3.002  46.056 0.0000000000
90747  -50.303  2.200  45.037 0.0000000000
89790  -49.378  0.834  42.857 0.0000000000
88822  -47.931  -0.177  43.085 0.0000000000
88839  -46.510  -0.984  42.782 0.0000000000
87903  -44.865  -1.467  42.934 0.0000000000
88794  -46.044  -0.778  45.559 0.0000000000
87871  -44.982  -1.473  44.735 0.0000000000
87902  -43.885  -1.427  42.786 0.0000000000
87886  -42.387  -1.516  43.427 0.0000000000
84750  -48.483  -3.645  55.161 0.0000000000
89697  -48.326  1.279  53.983 0.0000000000
87765  -49.351  -1.263  54.685 0.0000000000
84760  -48.726  -3.774  54.198 0.0000000000
84764  -48.705  -3.969  53.189 0.0000000000
84778  -48.443  -3.990  51.530 0.0000000000
85817  -48.677  -3.304  51.193 0.0000000000
86838  -47.438  -2.472  50.964 0.0000000000
85826  -44.834  -3.054  49.921 0.0000000000
86857  -42.741  -3.084  48.587 0.0000000000
89766  -39.073  0.456  44.287 0.0000000000
90734  -38.546  1.492  44.940 0.0000000000
91728  -38.315  2.461  45.168 0.0000000000
92720  -37.980  3.403  45.284 0.0000000000
94517  -38.010  5.273  45.128 0.0000000000
90868  -53.708  1.836  35.815 0.0000000000
91865  -52.603  2.346  35.079 0.0000000000
91877  -51.723  2.295  34.545 0.0000000000
89839  -48.896  0.611  39.589 0.0000000000
90822  -49.330  0.963  38.522 0.0000000000
90852  -47.233  2.093  36.594 0.0000000000
91844  -48.377  2.454  36.049 0.0000000000
91846  -50.903  2.938  36.068 0.0000000000
92822  -50.617  3.558  34.843 0.0000000000
92838  -50.639  3.181  34.005 0.0000000000
90890  -50.653  2.007  34.016 0.0000000000
91889  -49.652  2.469  33.287 0.0000000000
91902  -48.564  2.434  32.562 0.0000000000
90906  -47.442  1.875  32.178 0.0000000000
92866  -47.115  3.702  32.216 0.0000000000
92881  -46.725  3.333  31.303 0.0000000000
90916  -46.229  1.983  31.039 0.0000000000
90915  -45.570  1.773  30.470 0.0000000000
90927  -45.073  2.295  29.565 0.0000000000
91932  -44.290  3.166  29.180 0.0000000000
91752  -40.781  3.025  42.599 0.0000000000
92752  -40.704  2.948  41.643 0.0000000000
92765  -40.871  3.401  40.877 0.0000000000
94540  -42.303  5.312  41.469 0.0000000000
94551  -41.785  5.507  40.660 0.0000000000
93697  -41.082  4.464  39.206 0.0000000000
94566  -41.132  5.403  38.654 0.0000000000
95463  -41.181  6.192  37.043 0.0000000000
95469  -41.271  6.186  36.088 0.0000000000
96353  -46.998  8.051  40.378 0.0000000000
97238  -45.641  8.405  39.222 0.0000000000
97253  -44.456  8.664  38.241 0.0000000000
98087  -45.591  9.346  36.810 0.0000000000
98086  -44.667  9.231  36.778 0.0000000000
97269  -43.215  8.519  37.327 0.0000000000
97285  -41.865  7.748  36.514 0.0000000000
97298  -41.637  7.537  35.586 0.0000000000
94586  -41.686  5.374  34.377 0.0000000000
94592  -41.665  5.757  33.331 0.0000000000
94616  -43.714  5.815  29.761 0.0000000000
96431  -42.395  7.686  30.370 0.0000000000
95507  -43.125  6.828  29.565 0.0000000000
94628  -44.562  5.661  28.575 0.0000000000
94642  -44.962  5.164  27.953 0.0000000000
92913  -44.112  4.040  28.264 0.0000000000
96435  -41.178  7.897  29.008 0.0000000000
100807  -45.357  12.521  32.365 0.0000000000
100027  -43.880  12.286  31.616 0.0000000000
100025  -41.944  11.667  32.143 0.0000000000
99999  -43.740  11.796  33.957 0.0000000000
100012  -41.717  11.651  33.260 0.0000000000
100024  -40.853  11.370  32.421 0.0000000000
98149  -39.531  9.625  32.335 0.0000000000
98148  -39.031  9.225  32.821 0.0000000000
97311  -38.358  8.627  33.662 0.0000000000
99980  -39.247  11.248  35.669 0.0000000000
99978  -37.384  11.088  35.815 0.0000000000
102222  -45.004  14.318  39.474 0.0000000000
102221  -44.041  14.285  39.441 0.0000000000
101511  -43.524  13.482  39.414 0.0000000000
100769  -42.056  12.583  39.336 0.0000000000
100768  -40.939  12.223  39.440 0.0000000000
89786  -39.744  0.716  43.017 0.0000000000
90759  -39.793  1.041  42.740 0.0000000000
90877  -50.475  1.411  34.272 0.0000000000
85838  -47.817  -3.684  48.808 0.0000000000
85854  -48.207  -3.271  47.931 0.0000000000
85839  -48.687  -3.020  48.998 0.0000000000
86851  -49.095  -2.536  49.389 0.0000000000
85828  -48.998  -3.071  50.036 0.0000000000
91699  -40.516  2.505  49.442 0.0000000000
90772  -50.129  1.330  42.334 0.0000000000
90788  -50.159  1.306  41.001 0.0000000000
93722  -42.773  4.096  35.348 0.0000000000
93723  -43.384  3.776  35.044 0.0000000000
93728  -42.041  4.851  34.401 0.0000000000
95426  -47.164  6.912  42.879 0.0000000000
96332  -46.910  7.032  42.290 0.0000000000
99061  -47.832  11.032  31.632 0.0000000000
99047  -47.668  10.769  31.825 0.0000000000
99060  -47.144  10.997  31.566 0.0000000000
99059  -46.435  11.236  31.334 0.0000000000
100039  -46.081  11.668  31.096 0.0000000000
100038  -44.976  11.653  30.864 0.0000000000
100823  -46.532  11.866  31.298 0.0000000000
100784  -44.395  12.273  38.678 0.0000000000
100771  -43.977  12.773  39.217 0.0000000000
88837  -44.339  -1.184  42.024 0.0000000000
88849  -43.775  -0.663  41.270 0.0000000000
91786  -41.597  2.606  39.253 0.0000000000
91801  -41.881  2.788  38.587 0.0000000000
98043  -50.941  9.516  43.280 0.0000000000
98049  -51.210  9.486  42.170 0.0000000000
99000  -52.009  10.115  37.380 0.0000000000
99012  -51.589  10.145  36.416 0.0000000000
89911  -46.973  -0.014  32.913 0.0000000000
88954  -45.993  -0.344  31.954 0.0000000000
97197  -42.277  8.446  44.418 0.0000000000
96319  -42.939  7.628  44.650 0.0000000000
96320  -43.850  7.619  44.666 0.0000000000
97199  -44.181  8.429  44.427 0.0000000000
98909  -48.206  11.469  45.661 0.0000000000
90756  -53.889  1.473  43.152 0.0000000000
90749  -53.411  1.959  43.744 0.0000000000
90755  -53.242  1.392  43.698 0.0000000000
90728  -49.731  1.900  47.072 0.0000000000
90736  -49.124  1.500  46.655 0.0000000000
89750  -47.688  0.646  46.606 0.0000000000
87854  -42.244  -2.105  45.874 0.0000000000
87839  -42.489  -2.374  46.819 0.0000000000
91670  -49.945  2.768  53.973 0.0000000000
88741  -45.503  -0.395  53.315 0.0000000000
87778  -45.183  -1.255  53.166 0.0000000000
87779  -45.693  -1.704  53.300 0.0000000000
87788  -44.782  -1.657  52.839 0.0000000000
86812  -44.360  -2.324  52.296 0.0000000000
87793  -43.182  -1.592  51.812 0.0000000000
87836  -37.492  -0.928  46.453 0.0000000000
88791  -37.490  -0.183  45.857 0.0000000000
88786  -36.781  -0.149  46.684 0.0000000000
91847  -52.014  3.156  36.334 0.0000000000
90819  -46.290  1.322  37.978 0.0000000000
92834  -46.771  3.433  33.994 0.0000000000
93770  -45.635  4.273  30.271 0.0000000000
93784  -45.153  5.075  28.915 0.0000000000
96364  -43.751  8.033  39.402 0.0000000000
96363  -42.694  7.421  39.345 0.0000000000
97274  -48.228  8.896  37.614 0.0000000000
97256  -47.422  8.715  38.550 0.0000000000
98124  -43.931  9.247  34.252 0.0000000000
97313  -42.612  8.738  33.469 0.0000000000
94638  -42.437  6.598  28.088 0.0000000000
96444  -42.344  8.011  27.719 0.0000000000
99054  -41.404  10.727  30.420 0.0000000000
97331  -40.444  8.703  30.393 0.0000000000
98159  -40.512  9.759  30.914 0.0000000000
99986  -45.727  11.829  34.889 0.0000000000
99982  -41.370  11.404  35.377 0.0000000000
99997  -41.546  11.501  34.337 0.0000000000
100010  -39.778  11.311  33.746 0.0000000000
99933  -40.036  11.310  38.530 0.0000000000
99949  -39.361  10.918  37.928 0.0000000000
88847  -41.888  -0.312  41.556 0.0000000000
90770  -40.551  1.431  41.550 0.0000000000
90785  -40.815  1.760  40.940 0.0000000000
98941  -52.963  10.744  42.330 0.0000000000
98949  -53.342  10.626  41.398 0.0000000000
98962  -53.197  11.199  40.294 0.0000000000
98960  -52.112  10.849  39.690 0.0000000000
89901  -49.175  0.188  34.387 0.0000000000
90887  -48.384  1.258  33.198 0.0000000000
96311  -38.610  7.105  44.837 0.0000000000
95408  -39.112  6.734  44.803 0.0000000000
87832  -49.742  -1.066  47.908 0.0000000000
88769  -49.427  -0.359  48.746 0.0000000000
88768  -48.511  -0.067  48.891 0.0000000000
87811  -48.128  -1.359  49.778 0.0000000000
88757  -47.075  -0.761  48.956 0.0000000000
87818  -45.667  -1.563  48.662 0.0000000000
87809  -46.065  -1.990  49.459 0.0000000000
89721  -39.211  0.415  49.560 0.0000000000
88764  -37.806  -0.575  48.889 0.0000000000
89727  -37.424  0.339  48.857 0.0000000000
89726  -36.831  0.495  48.513 0.0000000000
90709  -37.077  0.888  48.879 0.0000000000
91706  -36.697  2.419  48.985 0.0000000000
91840  -44.967  2.650  36.467 0.0000000000
92831  -43.956  3.636  34.657 0.0000000000
93736  -42.826  4.680  32.955 0.0000000000
93746  -43.642  4.558  32.062 0.0000000000
94537  -45.043  5.424  43.451 0.0000000000
94536  -44.533  5.315  42.946 0.0000000000
96338  -45.953  7.152  41.379 0.0000000000
96337  -45.220  6.811  41.412 0.0000000000
96350  -44.193  7.434  40.430 0.0000000000
98115  -49.034  9.600  34.871 0.0000000000
98139  -45.231  9.935  32.893 0.0000000000
99056  -43.836  10.678  30.464 0.0000000000
98161  -43.982  10.541  30.846 0.0000000000
98168  -42.631  9.699  29.390 0.0000000000
99077  -42.543  10.050  29.161 0.0000000000
100048  -43.233  11.414  30.179 0.0000000000
99055  -42.052  11.184  30.186 0.0000000000
100036  -43.108  11.968  30.829 0.0000000000
99967  -41.205  11.348  36.405 0.0000000000
100781  -41.680  11.929  38.932 0.0000000000
89818  -45.680  -0.009  39.930 0.0000000000
89835  -45.127  0.673  39.153 0.0000000000
89833  -43.022  0.907  39.704 0.0000000000
90801  -43.482  1.316  39.023 0.0000000000
90817  -43.993  1.720  38.371 0.0000000000
91803  -43.463  2.257  37.957 0.0000000000
93709  -42.366  3.801  36.898 0.0000000000
93716  -42.459  4.019  36.359 0.0000000000
97211  -48.895  8.297  42.577 0.0000000000
98061  -52.500  9.511  40.539 0.0000000000
97277  -51.461  8.957  37.486 0.0000000000
97276  -50.218  8.695  37.696 0.0000000000
97290  -50.577  8.952  36.578 0.0000000000
98102  -49.785  9.316  35.771 0.0000000000
98103  -50.803  9.390  35.588 0.0000000000
99028  -50.490  10.768  33.985 0.0000000000
98131  -50.511  10.242  33.686 0.0000000000
99039  -50.386  10.623  33.442 0.0000000000
99037  -49.663  10.632  32.736 0.0000000000
100005  -49.894  11.265  33.418 0.0000000000
100004  -49.014  11.633  33.332 0.0000000000
99990  -49.691  11.404  34.000 0.0000000000
99009  -49.347  11.264  35.914 0.0000000000
99974  -48.917  11.491  35.292 0.0000000000
98969  -49.918  10.757  38.381 0.0000000000
99957  -47.496  11.486  36.792 0.0000000000
101515  -47.036  13.104  39.785 0.0000000000
100773  -45.969  12.651  39.166 0.0000000000
101514  -46.676  13.467  39.771 0.0000000000
88960  -45.332  0.083  31.613 0.0000000000
91737  -40.136  2.434  44.087 0.0000000000
91730  -39.924  2.623  44.633 0.0000000000
92723  -41.235  3.766  45.092 0.0000000000
92724  -41.760  4.103  45.016 0.0000000000
93663  -42.298  4.436  44.958 0.0000000000
95404  -43.366  6.093  45.142 0.0000000000
95403  -42.404  5.978  45.154 0.0000000000
94528  -44.940  5.818  44.921 0.0000000000
94529  -45.400  6.257  44.745 0.0000000000
96323  -46.531  7.473  44.490 0.0000000000
99863  -45.168  11.157  44.849 0.0000000000
98923  -43.838  10.234  44.356 0.0000000000
98924  -44.868  10.276  44.367 0.0000000000
96324  -47.420  7.504  44.135 0.0000000000
97203  -48.361  8.601  44.363 0.0000000000
98034  -50.328  9.950  44.853 0.0000000000
98039  -50.592  9.588  44.197 0.0000000000
92747  -54.018  3.456  42.530 0.0000000000
92731  -52.395  3.386  44.079 0.0000000000
91747  -51.820  3.151  43.532 0.0000000000
90762  -50.747  2.111  43.025 0.0000000000
91746  -51.212  2.669  43.863 0.0000000000
89762  -51.542  1.035  46.185 0.0000000000
88809  -51.534  -0.101  44.781 0.0000000000
89770  -51.611  0.580  45.400 0.0000000000
88810  -52.237  0.222  44.230 0.0000000000
89763  -52.138  1.505  45.729 0.0000000000
90740  -52.553  2.008  45.433 0.0000000000
90746  -49.637  1.640  45.269 0.0000000000
90738  -50.166  2.155  45.759 0.0000000000
89769  -49.383  1.324  44.614 0.0000000000
89777  -49.290  1.119  43.920 0.0000000000
89776  -48.516  0.361  43.397 0.0000000000
89775  -47.967  -0.057  43.558 0.0000000000
88820  -46.808  -0.805  44.010 0.0000000000
87890  -46.146  -1.189  43.842 0.0000000000
87904  -45.683  -1.342  43.117 0.0000000000
88779  -46.447  -0.192  47.193 0.0000000000
88788  -46.252  -0.451  46.265 0.0000000000
88787  -45.718  -0.814  46.143 0.0000000000
87888  -44.442  -1.578  43.768 0.0000000000
87887  -43.427  -1.595  43.641 0.0000000000
87901  -42.889  -1.317  42.671 0.0000000000
84776  -46.835  -4.715  50.457 0.0000000000
88702  -50.572  -0.251  55.856 0.0000000000
85779  -49.517  -2.618  56.120 0.0000000000
85778  -48.842  -3.258  55.807 0.0000000000
85788  -49.561  -2.812  55.253 0.0000000000
90685  -46.393  2.227  52.526 0.0000000000
90673  -47.940  1.864  53.558 0.0000000000
90672  -46.822  1.657  53.121 0.0000000000
88716  -47.263  -0.774  54.345 0.0000000000
88717  -47.998  -0.644  54.542 0.0000000000
86793  -49.089  -1.997  54.365 0.0000000000
85798  -49.452  -2.907  54.488 0.0000000000
85801  -49.368  -3.044  53.948 0.0000000000
85800  -49.052  -3.352  53.523 0.0000000000
85806  -48.759  -3.413  52.562 0.0000000000
86827  -48.392  -2.942  52.098 0.0000000000
86839  -48.308  -2.614  50.909 0.0000000000
86825  -46.743  -2.648  51.732 0.0000000000
85813  -43.691  -3.231  50.705 0.0000000000
85815  -45.183  -3.024  50.399 0.0000000000
85825  -44.193  -3.213  49.889 0.0000000000
86847  -44.012  -3.000  49.259 0.0000000000
85837  -42.852  -3.237  49.174 0.0000000000
87850  -38.462  -1.106  45.518 0.0000000000
87851  -39.187  -1.370  45.252 0.0000000000
88793  -38.775  -0.706  44.986 0.0000000000
88803  -39.353  -0.478  44.378 0.0000000000
88802  -38.757  -0.125  44.694 0.0000000000
90742  -38.940  1.120  44.497 0.0000000000
89765  -38.553  0.534  44.806 0.0000000000
90733  -37.647  1.607  45.368 0.0000000000
90717  -35.798  1.465  47.319 0.0000000000
89747  -36.211  1.178  46.504 0.0000000000
90725  -35.887  1.918  46.477 0.0000000000
93657  -36.645  4.372  45.503 0.0000000000
93658  -37.545  4.348  45.322 0.0000000000
94516  -37.031  5.276  45.297 0.0000000000
95398  -37.447  6.256  45.163 0.0000000000
90855  -54.412  1.875  36.184 0.0000000000
91849  -54.031  2.649  36.092 0.0000000000
92824  -52.613  3.005  35.176 0.0000000000
91866  -53.204  2.460  35.513 0.0000000000
92840  -52.207  2.610  34.757 0.0000000000
91878  -52.185  2.177  34.795 0.0000000000
92839  -51.690  2.911  34.539 0.0000000000
89838  -48.023  0.436  39.538 0.0000000000
91824  -46.857  2.152  36.504 0.0000000000
91845  -49.559  2.404  36.352 0.0000000000
91863  -50.048  3.283  35.452 0.0000000000
91864  -50.661  3.362  35.410 0.0000000000
91876  -51.078  2.492  34.164 0.0000000000
92868  -48.500  3.092  32.331 0.0000000000
91913  -48.181  2.636  32.110 0.0000000000
91901  -47.929  2.239  32.263 0.0000000000
92865  -46.384  3.649  32.387 0.0000000000
92880  -46.435  3.703  31.634 0.0000000000
93771  -46.125  3.773  30.627 0.0000000000
91911  -46.842  2.541  31.365 0.0000000000
91921  -46.169  2.627  30.545 0.0000000000
91934  -45.388  2.765  29.408 0.0000000000
91933  -44.747  2.740  29.325 0.0000000000
91738  -40.703  2.848  43.703 0.0000000000
91745  -40.762  2.944  43.051 0.0000000000
93674  -41.576  3.978  42.253 0.0000000000
92753  -41.099  3.603  41.899 0.0000000000
94542  -43.738  5.541  42.032 0.0000000000
93682  -43.200  5.234  42.128 0.0000000000
95441  -41.646  6.021  39.966 0.0000000000
94561  -41.324  5.401  39.680 0.0000000000
93689  -41.210  4.489  40.306 0.0000000000
96383  -41.380  6.952  37.418 0.0000000000
94577  -41.442  5.330  36.545 0.0000000000
96354  -47.695  7.970  40.858 0.0000000000
97255  -46.368  8.747  38.510 0.0000000000
97254  -45.368  8.728  38.369 0.0000000000
98088  -46.626  9.343  36.829 0.0000000000
98099  -46.126  9.521  35.923 0.0000000000
98097  -44.143  9.202  36.066 0.0000000000
98085  -44.115  9.096  36.740 0.0000000000
97270  -44.074  8.877  37.393 0.0000000000
97287  -43.619  8.869  36.655 0.0000000000
97286  -42.782  8.480  36.392 0.0000000000
97305  -41.782  7.784  34.702 0.0000000000
96402  -41.372  7.054  34.869 0.0000000000
95475  -41.331  6.215  35.119 0.0000000000
95479  -41.351  6.355  34.124 0.0000000000
95485  -41.475  6.555  33.166 0.0000000000
95499  -42.058  6.840  31.371 0.0000000000
95491  -41.783  6.569  32.165 0.0000000000
95492  -42.289  6.298  31.483 0.0000000000
94615  -42.987  6.277  30.192 0.0000000000
97327  -42.474  9.251  31.193 0.0000000000
97332  -42.278  8.497  30.796 0.0000000000
96438  -43.649  7.301  28.332 0.0000000000
95515  -43.579  7.085  28.678 0.0000000000
94627  -44.090  6.254  28.811 0.0000000000
95517  -44.300  6.258  27.658 0.0000000000
93796  -43.494  5.393  27.893 0.0000000000
93797  -43.986  4.806  27.838 0.0000000000
93783  -43.732  4.309  28.379 0.0000000000
92901  -43.744  3.693  29.010 0.0000000000
93767  -42.587  4.354  29.568 0.0000000000
98174  -41.971  9.614  28.517 0.0000000000
97338  -41.512  8.779  28.558 0.0000000000
100802  -46.794  12.235  32.741 0.0000000000
100808  -46.271  12.431  32.196 0.0000000000
100801  -46.125  12.326  32.994 0.0000000000
100015  -44.787  12.474  32.890 0.0000000000
100026  -42.922  12.045  31.854 0.0000000000
100013  -42.793  11.860  33.012 0.0000000000
99042  -40.064  10.611  32.356 0.0000000000
99032  -38.801  10.161  33.403 0.0000000000
97317  -38.783  8.518  32.997 0.0000000000
98123  -38.147  9.482  34.078 0.0000000000
99024  -37.850  10.030  34.430 0.0000000000
99016  -37.380  10.465  35.118 0.0000000000
99008  -38.277  10.914  37.080 0.0000000000
99963  -36.917  11.106  36.311 0.0000000000
102220  -43.068  14.259  39.465 0.0000000000
101510  -42.553  13.412  39.518 0.0000000000
88833  -40.714  -0.374  42.640 0.0000000000
91751  -40.417  2.390  42.313 0.0000000000
98942  -53.372  11.147  41.646 0.0000000000
99908  -53.290  11.827  40.650 0.0000000000
99907  -52.849  11.740  40.188 0.0000000000
100763  -53.089  12.721  40.367 0.0000000000
101504  -52.608  13.365  39.994 0.0000000000
89914  -49.398  1.209  33.849 0.0000000000
97192  -37.997  8.207  44.864 0.0000000000
97193  -38.642  8.233  44.727 0.0000000000
86877  -48.893  -2.549  48.119 0.0000000000
86878  -49.356  -1.866  48.380 0.0000000000
88760  -49.054  -0.990  49.302 0.0000000000
86862  -49.292  -1.950  49.121 0.0000000000
87802  -48.993  -1.833  49.932 0.0000000000
87800  -47.813  -2.018  50.305 0.0000000000
90701  -38.772  1.417  49.405 0.0000000000
90700  -37.590  1.389  49.154 0.0000000000
91697  -38.303  2.431  49.349 0.0000000000
90789  -51.124  1.875  40.882 0.0000000000
90804  -49.797  1.038  39.712 0.0000000000
92803  -43.510  3.335  36.453 0.0000000000
92815  -43.645  3.545  35.613 0.0000000000
92847  -44.399  3.679  33.942 0.0000000000
98142  -48.756  10.135  33.119 0.0000000000
98141  -47.746  10.133  33.042 0.0000000000
99034  -47.404  10.484  32.314 0.0000000000
98154  -46.233  10.531  31.956 0.0000000000
99044  -45.197  10.734  31.355 0.0000000000
99045  -45.974  10.800  31.493 0.0000000000
99058  -45.438  11.203  31.024 0.0000000000
100050  -44.474  11.334  30.562 0.0000000000
100821  -45.095  12.190  31.112 0.0000000000
99938  -44.827  11.922  38.013 0.0000000000
100770  -43.012  12.730  39.211 0.0000000000
88851  -45.859  -0.860  41.522 0.0000000000
88868  -46.255  -0.436  40.733 0.0000000000
90787  -42.139  1.222  40.022 0.0000000000
89832  -42.462  1.104  39.916 0.0000000000
90815  -42.521  2.092  38.733 0.0000000000
91802  -42.566  2.568  38.221 0.0000000000
92786  -41.934  3.143  38.117 0.0000000000
92791  -41.722  3.735  37.882 0.0000000000
97216  -49.625  8.703  42.081 0.0000000000
97228  -50.475  9.110  41.515 0.0000000000
98072  -53.083  9.979  38.980 0.0000000000
98079  -52.358  9.570  38.172 0.0000000000
98104  -51.388  9.811  35.807 0.0000000000
98118  -51.201  10.151  35.276 0.0000000000
99019  -50.863  10.577  35.057 0.0000000000
99018  -50.236  11.109  34.521 0.0000000000
99010  -50.037  11.024  35.546 0.0000000000
98997  -49.605  11.041  36.329 0.0000000000
99904  -49.980  11.521  39.924 0.0000000000
100776  -48.754  11.701  39.549 0.0000000000
100775  -48.124  11.909  39.427 0.0000000000
100758  -47.876  12.640  39.864 0.0000000000
101499  -47.377  13.222  39.936 0.0000000000
88961  -45.668  0.251  31.518 0.0000000000
89926  -45.423  0.787  31.025 0.0000000000
92721  -38.999  3.331  45.193 0.0000000000
93661  -40.626  4.316  45.301 0.0000000000
94520  -41.017  5.166  45.263 0.0000000000
95411  -41.715  6.773  44.833 0.0000000000
95405  -44.116  6.276  45.133 0.0000000000
95406  -44.645  6.305  45.079 0.0000000000
95414  -44.365  6.866  44.932 0.0000000000
99864  -46.205  11.247  44.937 0.0000000000
98926  -46.995  10.468  44.625 0.0000000000
98032  -48.686  9.710  44.792 0.0000000000
98928  -49.125  10.516  45.301 0.0000000000
91748  -53.830  2.324  43.374 0.0000000000
92733  -53.292  2.917  44.324 0.0000000000
92725  -52.175  3.268  45.049 0.0000000000
89761  -51.024  0.453  46.695 0.0000000000
89753  -51.392  1.515  47.167 0.0000000000
91713  -51.052  2.411  47.128 0.0000000000
91720  -50.186  2.239  46.854 0.0000000000
90737  -49.761  1.903  46.274 0.0000000000
90745  -49.152  1.384  45.843 0.0000000000
89767  -47.954  0.094  44.221 0.0000000000
89759  -47.676  0.233  45.431 0.0000000000
88796  -47.149  -0.305  45.212 0.0000000000
87831  -45.172  -1.218  47.399 0.0000000000
87842  -45.178  -1.140  46.411 0.0000000000
87869  -42.890  -1.798  44.603 0.0000000000
90671  -45.983  0.798  53.198 0.0000000000
89694  -45.859  0.044  53.435 0.0000000000
88732  -46.705  -0.768  54.098 0.0000000000
87762  -47.054  -1.221  54.202 0.0000000000
86808  -48.040  -2.364  53.717 0.0000000000
86807  -47.254  -2.301  53.407 0.0000000000
86806  -46.496  -2.242  53.265 0.0000000000
86814  -45.970  -2.549  52.648 0.0000000000
86813  -45.074  -2.521  52.423 0.0000000000
85803  -44.282  -3.134  51.194 0.0000000000
85812  -42.841  -3.250  50.509 0.0000000000
86886  -38.814  -2.018  46.504 0.0000000000
87837  -38.165  -1.467  46.251 0.0000000000
87849  -37.915  -0.861  45.813 0.0000000000
90732  -36.853  1.778  45.663 0.0000000000
92809  -53.297  3.218  35.880 0.0000000000
92808  -52.457  3.328  35.796 0.0000000000
89852  -47.668  0.663  38.716 0.0000000000
90820  -47.325  1.151  37.954 0.0000000000
91860  -47.000  2.791  35.409 0.0000000000
92821  -49.438  3.668  34.644 0.0000000000
92853  -49.502  3.167  33.095 0.0000000000
92852  -48.799  3.726  32.900 0.0000000000
92867  -47.883  3.598  32.119 0.0000000000
93757  -45.974  3.991  31.110 0.0000000000
91935  -45.877  2.916  29.817 0.0000000000
93799  -45.140  4.540  28.230 0.0000000000
92744  -41.897  3.761  43.388 0.0000000000
95443  -43.623  6.473  40.953 0.0000000000
94552  -42.711  5.891  41.097 0.0000000000
96362  -42.034  7.186  38.941 0.0000000000
96374  -41.663  7.088  38.259 0.0000000000
96384  -41.873  7.533  37.485 0.0000000000
97240  -47.712  8.445  39.340 0.0000000000
98111  -44.546  9.329  35.090 0.0000000000
98110  -43.673  9.061  35.199 0.0000000000
97300  -42.911  8.685  35.350 0.0000000000
97306  -42.414  8.395  34.542 0.0000000000
96423  -41.871  7.578  31.600 0.0000000000
96446  -43.648  7.381  28.052 0.0000000000
95528  -44.141  6.141  27.229 0.0000000000
95527  -43.644  6.703  27.601 0.0000000000
94639  -42.912  5.981  27.900 0.0000000000
94626  -42.595  5.568  28.650 0.0000000000
94625  -41.873  6.024  28.913 0.0000000000
99067  -41.602  10.304  29.663 0.0000000000
97337  -41.042  8.721  29.406 0.0000000000
100001  -45.985  12.137  33.886 0.0000000000
99994  -38.597  11.188  34.923 0.0000000000
98981  -38.413  10.911  38.242 0.0000000000
88848  -42.691  -0.372  41.234 0.0000000000
89799  -41.141  0.380  41.470 0.0000000000
89814  -41.483  0.931  40.804 0.0000000000
90786  -41.466  1.570  40.306 0.0000000000
91774  -41.160  2.582  40.073 0.0000000000
98045  -52.565  10.042  42.282 0.0000000000
98062  -53.193  10.021  40.094 0.0000000000
98052  -53.358  10.439  40.786 0.0000000000
98987  -52.693  10.252  38.463 0.0000000000
98986  -52.387  10.159  38.278 0.0000000000
98985  -51.466  10.337  37.985 0.0000000000
98971  -51.833  10.503  39.055 0.0000000000
99906  -52.048  11.484  40.112 0.0000000000
99905  -50.972  11.528  40.123 0.0000000000
101502  -50.613  13.250  40.353 0.0000000000
95400  -39.495  6.013  44.966 0.0000000000
95409  -39.830  6.761  44.800 0.0000000000
96316  -40.070  7.572  44.622 0.0000000000
97194  -39.389  8.366  44.603 0.0000000000
96317  -41.028  7.598  44.600 0.0000000000
88782  -50.319  0.032  47.993 0.0000000000
90710  -49.650  0.882  48.322 0.0000000000
89739  -47.790  0.622  47.668 0.0000000000
89728  -48.340  0.466  48.344 0.0000000000
88780  -47.064  0.086  47.776 0.0000000000
88766  -46.577  -0.566  48.273 0.0000000000
88758  -47.811  -0.709  49.261 0.0000000000
88765  -45.878  -0.778  47.703 0.0000000000
87830  -44.395  -1.968  47.887 0.0000000000
87829  -43.661  -2.321  47.775 0.0000000000
91682  -48.720  3.211  53.063 0.0000000000
92675  -47.429  3.726  51.965 0.0000000000
91686  -46.514  3.095  51.912 0.0000000000
90689  -45.093  2.207  51.688 0.0000000000
89710  -44.169  0.713  52.018 0.0000000000
88777  -36.809  -0.406  47.614 0.0000000000
88762  -36.604  0.074  48.044 0.0000000000
89725  -36.316  0.774  48.038 0.0000000000
90707  -35.830  1.679  47.879 0.0000000000
90699  -37.030  1.898  49.123 0.0000000000
91704  -35.511  2.608  47.970 0.0000000000
90836  -45.849  1.768  37.372 0.0000000000
91822  -45.365  2.279  36.986 0.0000000000
91841  -45.688  2.598  36.132 0.0000000000
91859  -46.235  2.725  35.515 0.0000000000
92818  -46.456  3.034  34.820 0.0000000000
92849  -46.117  3.487  33.266 0.0000000000
92864  -45.508  3.688  32.466 0.0000000000
93738  -44.404  3.744  33.431 0.0000000000
93672  -44.026  4.823  43.229 0.0000000000
93676  -43.435  4.920  42.621 0.0000000000
93677  -44.028  5.061  42.843 0.0000000000
94543  -44.342  5.560  42.365 0.0000000000
95429  -43.849  5.969  41.554 0.0000000000
95430  -44.613  6.057  41.801 0.0000000000
98089  -47.693  9.230  36.838 0.0000000000
98113  -46.651  9.594  34.936 0.0000000000
98127  -47.182  9.786  33.900 0.0000000000
98137  -43.093  9.305  32.931 0.0000000000
98181  -42.323  9.167  28.099 0.0000000000
99068  -42.258  10.610  29.502 0.0000000000
98167  -41.693  9.952  29.236 0.0000000000
99971  -45.483  11.712  36.018 0.0000000000
99951  -41.061  11.366  37.426 0.0000000000
99918  -40.504  11.637  38.982 0.0000000000
88854  -48.340  0.016  41.889 0.0000000000
89802  -48.558  0.262  41.327 0.0000000000
89801  -47.988  0.095  40.885 0.0000000000
88870  -47.625  -0.052  40.890 0.0000000000
89820  -47.554  0.201  40.314 0.0000000000
89819  -46.653  0.081  40.100 0.0000000000
89850  -45.778  0.936  38.614 0.0000000000
90818  -45.143  1.583  38.165 0.0000000000
89834  -44.072  0.788  39.499 0.0000000000
90803  -45.000  1.125  38.688 0.0000000000
91805  -44.951  2.142  37.524 0.0000000000
92794  -43.883  2.941  36.853 0.0000000000
91819  -43.096  2.765  37.599 0.0000000000
92793  -43.268  3.111  37.085 0.0000000000
96333  -47.576  7.454  42.371 0.0000000000
96334  -48.308  7.904  42.075 0.0000000000
96341  -48.325  8.052  41.390 0.0000000000
97226  -48.574  8.306  40.663 0.0000000000
97241  -48.618  8.477  39.521 0.0000000000
97275  -49.158  8.686  37.881 0.0000000000
98078  -52.048  9.091  38.860 0.0000000000
98129  -49.408  9.754  33.869 0.0000000000
98130  -50.254  9.804  33.778 0.0000000000
99036  -49.007  10.516  32.505 0.0000000000
99049  -49.120  10.914  32.128 0.0000000000
100029  -47.764  11.455  31.847 0.0000000000
100810  -47.479  11.887  32.053 0.0000000000
100017  -48.014  11.778  32.569 0.0000000000
100003  -48.075  11.875  33.501 0.0000000000
98984  -50.382  10.604  37.678 0.0000000000
98983  -49.486  10.865  37.134 0.0000000000
99939  -46.041  12.094  38.286 0.0000000000
100786  -45.781  12.377  38.733 0.0000000000
90743  -39.473  1.416  44.022 0.0000000000
90744  -39.838  1.855  43.511 0.0000000000
92729  -41.009  3.193  44.404 0.0000000000
92736  -41.916  3.660  44.057 0.0000000000
93667  -43.358  4.398  44.239 0.0000000000
94521  -41.993  5.161  45.227 0.0000000000
93664  -43.009  4.499  44.720 0.0000000000
94526  -43.493  4.642  44.731 0.0000000000
93668  -43.991  4.564  43.859 0.0000000000
95419  -45.427  5.675  43.570 0.0000000000
94533  -45.519  6.023  44.473 0.0000000000
95420  -45.978  6.138  43.806 0.0000000000
95421  -46.952  6.753  43.578 0.0000000000
97200  -45.159  8.374  44.427 0.0000000000
97201  -46.156  8.359  44.476 0.0000000000
97204  -49.055  9.202  44.603 0.0000000000
97208  -49.502  8.977  44.159 0.0000000000
97213  -50.197  9.153  43.624 0.0000000000
98040  -51.402  9.904  44.035 0.0000000000
92738  -53.152  3.484  43.407 0.0000000000
92737  -52.477  3.397  43.067 0.0000000000
91754  -51.947  2.929  42.511 0.0000000000
90763  -51.291  2.390  42.452 0.0000000000
91734  -52.599  2.718  45.466 0.0000000000
91733  -51.522  3.005  45.420 0.0000000000
91722  -51.538  2.647  46.330 0.0000000000
91732  -50.805  2.552  45.796 0.0000000000
91739  -50.969  2.727  44.805 0.0000000000
90754  -50.523  2.150  44.108 0.0000000000
88841  -48.163  -0.091  42.445 0.0000000000
88840  -47.473  -0.468  42.497 0.0000000000
88821  -47.449  -0.437  43.531 0.0000000000
88838  -45.370  -1.237  42.236 0.0000000000
89749  -46.963  0.049  46.250 0.0000000000
88795  -46.671  -0.432  45.547 0.0000000000
88805  -46.358  -0.778  45.041 0.0000000000
87857  -45.417  -1.148  45.562 0.0000000000
87872  -45.844  -1.141  44.744 0.0000000000
87889  -45.361  -1.446  43.859 0.0000000000
87900  -42.008  -1.139  42.596 0.0000000000
87899  -41.641  -0.970  42.608 0.0000000000
88819  -40.957  -0.818  42.927 0.0000000000
88818  -40.367  -0.580  43.368 0.0000000000
89773  -39.600  0.379  43.545 0.0000000000
84786  -47.415  -4.172  49.661 0.0000000000
84738  -47.772  -3.708  55.829 0.0000000000
84749  -47.871  -4.073  54.843 0.0000000000
91668  -48.467  2.635  53.250 0.0000000000
88719  -49.657  -0.371  54.828 0.0000000000
89696  -47.557  0.911  53.882 0.0000000000
88718  -48.876  -0.467  54.657 0.0000000000
87766  -49.957  -1.157  55.031 0.0000000000
85787  -49.133  -3.355  54.814 0.0000000000
84748  -47.158  -4.436  54.528 0.0000000000
84759  -48.047  -4.328  53.875 0.0000000000
84763  -48.033  -4.406  52.895 0.0000000000
84767  -47.999  -4.432  51.927 0.0000000000
86817  -48.664  -2.878  53.183 0.0000000000
84768  -48.634  -4.005  52.199 0.0000000000
84777  -48.013  -4.104  50.822 0.0000000000
85816  -48.544  -3.486  50.486 0.0000000000
85829  -49.010  -2.736  50.461 0.0000000000
87799  -47.230  -2.163  50.377 0.0000000000
86824  -45.664  -2.871  51.486 0.0000000000
86836  -45.761  -2.727  50.485 0.0000000000
86849  -45.438  -2.499  49.623 0.0000000000
86860  -45.001  -2.305  48.954 0.0000000000
86876  -43.795  -2.478  48.218 0.0000000000
86875  -43.099  -2.671  47.970 0.0000000000
86820  -42.187  -2.192  51.242 0.0000000000
86834  -42.391  -2.827  51.006 0.0000000000
85822  -41.647  -3.286  49.902 0.0000000000
85835  -41.411  -3.344  49.120 0.0000000000
85836  -42.149  -3.360  49.024 0.0000000000
86874  -42.078  -3.078  48.056 0.0000000000
90735  -39.191  1.704  44.580 0.0000000000
93659  -38.532  4.295  45.236 0.0000000000
88785  -36.353  0.514  46.870 0.0000000000
89755  -36.546  1.374  45.991 0.0000000000
92719  -37.057  3.474  45.483 0.0000000000
96310  -37.854  7.282  44.992 0.0000000000
95397  -36.476  6.190  45.425 0.0000000000
96309  -36.850  7.192  45.296 0.0000000000
97189  -37.179  8.187  45.188 0.0000000000
89893  -53.343  1.160  35.821 0.0000000000
90867  -52.875  1.701  35.446 0.0000000000
90866  -52.291  1.328  35.227 0.0000000000
90879  -51.857  1.611  34.827 0.0000000000
90878  -51.172  1.687  34.429 0.0000000000
89853  -48.463  0.660  38.859 0.0000000000
90823  -50.339  1.411  38.750 0.0000000000
90853  -47.756  2.052  36.647 0.0000000000
91843  -47.390  2.398  36.074 0.0000000000
92807  -51.465  3.380  35.517 0.0000000000
90889  -49.949  1.742  33.804 0.0000000000
90888  -49.130  1.643  33.388 0.0000000000
91903  -49.202  2.686  32.848 0.0000000000
91888  -49.058  2.245  32.967 0.0000000000
90899  -48.605  1.856  32.948 0.0000000000
90898  -47.867  1.587  32.669 0.0000000000
90897  -47.210  1.316  32.318 0.0000000000
92882  -47.715  3.042  31.626 0.0000000000
91912  -47.593  2.426  31.829 0.0000000000
90905  -46.742  1.588  31.723 0.0000000000
90904  -45.982  1.325  31.131 0.0000000000
89936  -45.173  1.261  30.470 0.0000000000
91920  -45.641  2.445  29.974 0.0000000000
90928  -45.288  2.178  29.842 0.0000000000
90914  -44.820  1.796  30.072 0.0000000000
90752  -39.924  1.725  42.876 0.0000000000
92742  -40.805  3.128  42.245 0.0000000000
92764  -40.698  2.770  41.152 0.0000000000
93681  -42.624  4.981  42.078 0.0000000000
93703  -41.281  4.441  38.165 0.0000000000
94571  -41.233  5.316  37.582 0.0000000000
94582  -41.558  5.396  35.508 0.0000000000
96339  -46.926  7.541  41.451 0.0000000000
96352  -46.230  7.704  40.687 0.0000000000
96367  -46.437  8.038  40.153 0.0000000000
96366  -45.853  7.998  40.027 0.0000000000
97237  -44.694  8.407  38.989 0.0000000000
97236  -44.083  8.433  38.760 0.0000000000
97271  -45.021  9.069  37.578 0.0000000000
97252  -43.485  8.371  38.291 0.0000000000
97251  -42.896  8.236  37.832 0.0000000000
97268  -42.504  8.074  37.320 0.0000000000
97284  -41.513  7.329  36.108 0.0000000000
96397  -41.324  6.925  35.730 0.0000000000
94587  -42.062  4.914  34.111 0.0000000000
94593  -42.148  5.082  33.524 0.0000000000
94598  -41.721  6.050  32.698 0.0000000000
93768  -44.349  5.351  29.905 0.0000000000
97320  -42.486  9.055  32.329 0.0000000000
96430  -42.073  8.080  31.068 0.0000000000
96424  -42.172  7.188  30.999 0.0000000000
94617  -44.441  5.491  29.475 0.0000000000
92915  -44.943  4.272  28.079 0.0000000000
94641  -44.363  5.538  27.662 0.0000000000
92914  -44.594  4.183  28.138 0.0000000000
96436  -41.694  7.979  28.186 0.0000000000
95514  -41.387  7.068  28.729 0.0000000000
95513  -40.753  6.975  29.443 0.0000000000
100815  -46.460  12.206  31.573 0.0000000000
100814  -45.652  12.416  31.591 0.0000000000
100813  -44.775  12.391  31.563 0.0000000000
100806  -44.531  12.427  32.217 0.0000000000
99043  -40.674  10.681  31.519 0.0000000000
98150  -40.132  10.027  31.731 0.0000000000
97318  -39.235  8.610  32.371 0.0000000000
98122  -37.639  9.442  34.614 0.0000000000
99979  -38.151  11.195  35.650 0.0000000000
98994  -36.975  11.058  37.429 0.0000000000
102210  -49.933  14.045  40.196 0.0000000000
102207  -47.183  13.735  39.982 0.0000000000
102223  -46.011  14.413  39.608 0.0000000000
102909  -45.467  15.117  39.364 0.0000000000
101512  -44.496  13.518  39.400 0.0000000000
84728  -47.532  -3.606  56.444 0.0000000000
84739  -48.352  -3.536  55.654 0.0000000000
84758  -47.197  -4.590  53.614 0.0000000000
85777  -48.256  -3.476  55.944 0.0000000000
85797  -49.214  -3.327  54.158 0.0000000000
85805  -45.407  -2.992  50.864 0.0000000000
85811  -42.154  -3.194  50.460 0.0000000000
85814  -44.525  -3.208  50.530 0.0000000000
85818  -48.781  -2.753  50.719 0.0000000000
85821  -41.013  -3.098  49.621 0.0000000000
85824  -43.370  -3.268  49.719 0.0000000000
85834  -40.716  -3.205  49.050 0.0000000000
86767  -50.271  -1.606  56.015 0.0000000000
86782  -49.966  -2.120  55.628 0.0000000000
86783  -50.186  -1.639  55.611 0.0000000000
86792  -48.468  -2.017  54.198 0.0000000000
86794  -49.673  -2.094  54.824 0.0000000000
86795  -50.062  -1.648  55.313 0.0000000000
86810  -49.328  -2.587  54.160 0.0000000000
86815  -47.013  -2.532  52.658 0.0000000000
86818  -49.165  -2.865  53.679 0.0000000000
86822  -43.673  -2.622  51.705 0.0000000000
86823  -44.647  -2.875  51.760 0.0000000000
86835  -43.032  -2.991  51.180 0.0000000000
86837  -46.604  -2.492  50.630 0.0000000000
86848  -44.643  -2.789  49.369 0.0000000000
86850  -46.194  -2.311  49.932 0.0000000000
86852  -49.135  -2.266  49.839 0.0000000000
86858  -43.467  -2.923  48.786 0.0000000000
86859  -44.321  -2.520  48.697 0.0000000000
86885  -38.223  -1.807  46.771 0.0000000000
86890  -42.563  -2.580  47.374 0.0000000000
87741  -50.447  -0.957  56.289 0.0000000000
87763  -47.674  -1.562  54.243 0.0000000000
87764  -48.591  -1.360  54.502 0.0000000000
87780  -46.748  -1.619  53.821 0.0000000000
87781  -47.406  -2.026  53.863 0.0000000000
87787  -43.894  -1.633  52.321 0.0000000000
87801  -48.542  -1.913  50.164 0.0000000000
87813  -49.219  -1.420  49.370 0.0000000000
87815  -37.154  -0.827  47.828 0.0000000000
88730  -45.425  -0.961  53.357 0.0000000000
88740  -44.976  -0.613  53.015 0.0000000000
88759  -48.653  -0.798  49.306 0.0000000000
88770  -50.007  0.285  48.392 0.0000000000
88781  -49.771  -0.633  48.380 0.0000000000
88797  -50.841  -0.033  46.161 0.0000000000
88798  -51.277  0.242  45.580 0.0000000000
88806  -46.798  -0.615  44.817 0.0000000000
89681  -46.957  -0.334  54.187 0.0000000000
89683  -48.316  0.414  54.408 0.0000000000
89684  -49.250  0.501  54.607 0.0000000000
89695  -46.613  0.213  53.801 0.0000000000
89706  -45.357  0.326  53.027 0.0000000000
89730  -49.799  0.565  48.403 0.0000000000
89736  -35.821  1.371  46.972 0.0000000000
89737  -36.028  0.974  47.297 0.0000000000
89740  -48.723  0.989  47.909 0.0000000000
89742  -51.216  1.747  47.573 0.0000000000
89746  -35.851  1.574  46.744 0.0000000000
89748  -36.562  0.558  46.491 0.0000000000
89751  -48.437  1.164  47.091 0.0000000000
89752  -51.038  0.717  47.230 0.0000000000
89771  -52.171  1.014  45.049 0.0000000000
89789  -48.748  0.303  42.273 0.0000000000
90654  -48.897  1.186  54.265 0.0000000000
90656  -50.310  1.488  54.925 0.0000000000
90674  -48.886  2.012  53.805 0.0000000000
90675  -49.487  2.369  53.851 0.0000000000
90683  -44.571  1.126  52.172 0.0000000000
90716  -35.621  1.923  47.088 0.0000000000
90718  -49.493  1.177  48.065 0.0000000000
90721  -51.376  2.117  47.152 0.0000000000
90730  -52.331  2.314  45.970 0.0000000000
90739  -52.182  1.809  46.064 0.0000000000
90753  -49.883  1.625  44.412 0.0000000000
90880  -52.383  1.848  35.032 0.0000000000
91667  -47.702  2.477  53.016 0.0000000000
91669  -49.265  3.053  53.412 0.0000000000
91679  -46.236  2.601  52.171 0.0000000000
91681  -48.205  3.149  52.707 0.0000000000
91685  -45.781  3.007  51.588 0.0000000000
91711  -50.135  2.074  47.264 0.0000000000
91712  -50.527  2.206  47.273 0.0000000000
91721  -50.752  2.456  46.663 0.0000000000
91723  -52.183  2.691  46.049 0.0000000000
91742  -53.347  2.504  44.063 0.0000000000
91890  -50.390  2.530  33.726 0.0000000000
92667  -49.458  3.745  53.221 0.0000000000
92668  -49.896  3.698  53.528 0.0000000000
92677  -48.890  3.914  52.849 0.0000000000
92681  -46.883  3.857  51.644 0.0000000000
92714  -51.960  3.115  45.749 0.0000000000
92726  -52.388  3.080  45.568 0.0000000000
92732  -52.962  3.242  44.651 0.0000000000
92806  -50.944  3.389  35.425 0.0000000000
92902  -44.464  3.556  28.680 0.0000000000
93798  -44.709  4.747  27.845 0.0000000000
94524  -44.490  5.980  45.153 0.0000000000
94541  -42.986  5.481  41.726 0.0000000000
94629  -45.153  4.997  28.462 0.0000000000
95508  -43.747  6.576  28.938 0.0000000000
96355  -48.098  7.997  41.097 0.0000000000
96389  -41.332  7.007  36.568 0.0000000000
97224  -47.299  8.267  39.820 0.0000000000
97326  -42.138  8.485  31.603 0.0000000000
98038  -50.033  9.479  44.479 0.0000000000
98143  -49.612  10.099  33.128 0.0000000000
98145  -50.382  10.356  33.319 0.0000000000
98182  -42.557  9.101  28.081 0.0000000000
99007  -37.999  10.942  37.020 0.0000000000
99020  -51.305  10.243  35.683 0.0000000000
99038  -50.192  10.571  33.113 0.0000000000
99048  -48.398  10.903  31.895 0.0000000000
99070  -44.167  11.043  30.382 0.0000000000
100006  -50.215  11.205  33.506 0.0000000000
100016  -47.419  12.056  32.885 0.0000000000
100019  -49.959  10.972  33.018 0.0000000000
100020  -50.240  10.810  33.228 0.0000000000
100028  -47.227  11.587  31.608 0.0000000000
100030  -48.679  11.201  31.973 0.0000000000
100041  -47.454  11.301  31.550 0.0000000000
100757  -47.441  12.833  39.808 0.0000000000
100816  -47.065  11.803  31.629 0.0000000000
100817  -47.425  11.848  31.828 0.0000000000
100824  -46.777  11.842  31.384 0.0000000000
