#!ascii label  , from subject sub-01 vox2ras=TkReg
1103
38329  -7.098  -47.108  74.095 0.0000000000
48282  -32.307  -38.606  64.554 0.0000000000
57515  -28.913  -31.118  63.980 0.0000000000
51311  -24.660  -34.979  68.850 0.0000000000
66226  -36.840  -22.734  53.168 0.0000000000
62000  -31.631  -25.102  56.944 0.0000000000
48155  -32.242  -36.926  72.072 0.0000000000
49343  -28.018  -38.049  66.397 0.0000000000
65184  -43.448  -23.489  54.329 0.0000000000
70461  -46.206  -18.615  53.576 0.0000000000
74807  -48.751  -14.596  53.217 0.0000000000
61846  -30.261  -25.876  66.925 0.0000000000
61946  -28.045  -26.447  60.624 0.0000000000
62999  -33.409  -24.820  63.056 0.0000000000
60895  -37.521  -27.343  59.846 0.0000000000
47108  -17.619  -39.564  67.675 0.0000000000
37014  -5.088  -47.554  76.844 0.0000000000
54150  -32.465  -33.646  65.183 0.0000000000
58568  -28.914  -30.136  69.805 0.0000000000
50384  -19.268  -36.691  64.702 0.0000000000
52272  -24.421  -35.348  62.823 0.0000000000
75878  -46.584  -13.257  46.514 0.0000000000
77820  -50.345  -11.455  51.888 0.0000000000
62063  -36.037  -26.068  55.278 0.0000000000
62023  -41.092  -27.454  56.511 0.0000000000
39650  -8.168  -46.485  71.197 0.0000000000
33642  -2.918  -51.757  73.989 0.0000000000
68409  -45.063  -20.694  54.356 0.0000000000
62930  -31.492  -25.368  65.146 0.0000000000
46072  -15.217  -41.284  65.424 0.0000000000
37031  -6.136  -47.598  76.011 0.0000000000
52275  -33.406  -35.880  62.513 0.0000000000
52249  -32.752  -35.503  65.105 0.0000000000
52207  -21.821  -34.691  67.499 0.0000000000
52257  -22.404  -34.931  63.202 0.0000000000
51354  -24.594  -35.057  66.389 0.0000000000
48262  -29.824  -39.902  65.330 0.0000000000
49367  -27.648  -38.624  63.964 0.0000000000
49382  -29.887  -39.064  62.748 0.0000000000
52177  -22.407  -34.693  71.392 0.0000000000
51333  -20.135  -36.227  68.425 0.0000000000
72608  -41.579  -16.411  50.768 0.0000000000
74871  -45.226  -13.862  47.861 0.0000000000
76824  -49.263  -12.820  53.030 0.0000000000
61964  -29.797  -25.123  59.056 0.0000000000
62040  -33.647  -25.565  55.335 0.0000000000
60910  -39.351  -26.955  58.259 0.0000000000
43847  -12.857  -42.828  68.385 0.0000000000
41818  -11.549  -44.166  69.700 0.0000000000
39673  -10.991  -45.185  71.748 0.0000000000
40755  -9.664  -45.141  69.445 0.0000000000
33644  -3.688  -51.830  73.791 0.0000000000
47116  -31.698  -38.229  67.997 0.0000000000
51337  -32.488  -36.112  68.343 0.0000000000
53066  -33.153  -34.829  72.088 0.0000000000
50309  -26.412  -35.383  71.154 0.0000000000
50343  -26.734  -36.155  68.030 0.0000000000
49301  -28.523  -36.903  70.056 0.0000000000
48207  -29.855  -38.054  68.534 0.0000000000
66230  -39.827  -22.497  54.005 0.0000000000
68424  -41.581  -20.580  53.718 0.0000000000
70476  -43.594  -18.423  53.018 0.0000000000
72612  -44.939  -16.131  51.856 0.0000000000
73749  -46.199  -14.813  50.874 0.0000000000
71538  -48.036  -16.614  53.356 0.0000000000
59829  -27.784  -28.412  65.295 0.0000000000
59847  -27.612  -28.434  63.013 0.0000000000
61893  -28.339  -26.208  64.013 0.0000000000
63018  -30.628  -24.718  62.149 0.0000000000
61950  -33.465  -24.623  60.337 0.0000000000
61984  -35.209  -25.683  59.091 0.0000000000
61932  -35.762  -25.802  61.553 0.0000000000
44953  -16.267  -41.185  68.223 0.0000000000
44949  -13.834  -41.974  66.471 0.0000000000
78818  -51.137  -10.559  47.302 0.0000000000
38272  -3.984  -46.882  77.462 0.0000000000
53208  -32.134  -33.818  62.317 0.0000000000
56304  -30.194  -32.297  65.252 0.0000000000
55176  -31.149  -33.853  68.057 0.0000000000
57445  -29.890  -32.038  67.690 0.0000000000
58605  -29.019  -30.928  66.961 0.0000000000
60790  -28.594  -27.507  68.676 0.0000000000
50373  -26.196  -36.492  64.990 0.0000000000
49322  -19.445  -37.762  69.561 0.0000000000
49340  -18.493  -37.627  66.564 0.0000000000
75841  -47.781  -13.227  50.754 0.0000000000
76839  -48.288  -12.038  49.503 0.0000000000
77843  -49.614  -11.172  48.660 0.0000000000
77822  -52.268  -10.686  50.888 0.0000000000
37080  -6.245  -49.002  71.266 0.0000000000
35866  -5.087  -49.692  73.261 0.0000000000
63143  -36.072  -25.157  53.626 0.0000000000
60939  -36.371  -26.840  57.621 0.0000000000
60984  -37.746  -26.574  55.436 0.0000000000
64173  -39.200  -25.140  54.134 0.0000000000
63128  -42.051  -25.646  54.738 0.0000000000
38370  -7.337  -47.187  72.189 0.0000000000
35855  -4.345  -50.234  74.189 0.0000000000
35828  -3.666  -49.183  75.484 0.0000000000
37029  -2.645  -48.850  75.184 0.0000000000
37041  -6.313  -47.604  75.033 0.0000000000
49385  -32.521  -38.417  63.838 0.0000000000
50401  -33.015  -37.438  63.671 0.0000000000
50375  -32.200  -36.805  65.198 0.0000000000
52195  -22.663  -34.619  68.332 0.0000000000
52221  -22.896  -34.467  66.595 0.0000000000
51335  -24.339  -34.992  67.797 0.0000000000
48263  -30.816  -39.952  65.246 0.0000000000
48279  -30.402  -39.745  64.349 0.0000000000
48299  -31.067  -39.389  63.693 0.0000000000
49404  -31.545  -38.514  62.459 0.0000000000
51289  -24.613  -34.659  71.229 0.0000000000
52158  -23.846  -34.496  72.063 0.0000000000
51299  -23.193  -34.521  70.710 0.0000000000
52185  -22.005  -34.675  69.061 0.0000000000
74852  -44.561  -14.607  48.663 0.0000000000
56322  -29.335  -31.740  63.515 0.0000000000
57529  -28.658  -31.255  63.143 0.0000000000
61980  -30.647  -24.939  57.930 0.0000000000
61999  -30.335  -25.650  56.781 0.0000000000
62019  -32.626  -25.379  56.072 0.0000000000
43845  -11.760  -43.312  67.489 0.0000000000
42847  -12.511  -43.160  68.953 0.0000000000
41839  -10.853  -44.317  68.920 0.0000000000
41817  -10.326  -44.712  69.405 0.0000000000
41838  -10.253  -44.741  68.250 0.0000000000
48197  -32.070  -37.641  70.027 0.0000000000
49315  -32.513  -36.766  69.990 0.0000000000
50299  -33.080  -36.109  72.181 0.0000000000
49257  -27.878  -36.139  73.142 0.0000000000
49288  -27.675  -36.270  71.234 0.0000000000
49276  -28.381  -36.666  72.070 0.0000000000
48153  -31.390  -37.267  72.733 0.0000000000
48182  -29.911  -37.458  70.909 0.0000000000
47060  -31.200  -37.783  70.249 0.0000000000
47101  -30.861  -38.369  67.920 0.0000000000
65199  -41.860  -23.289  54.192 0.0000000000
67318  -40.229  -21.574  53.936 0.0000000000
66233  -42.732  -21.962  54.078 0.0000000000
69441  -45.965  -19.467  53.947 0.0000000000
69439  -44.148  -19.609  53.646 0.0000000000
70477  -44.693  -18.176  53.055 0.0000000000
71533  -44.095  -17.538  52.533 0.0000000000
71535  -45.874  -17.225  52.923 0.0000000000
72599  -46.527  -16.362  52.569 0.0000000000
70480  -47.137  -17.571  53.393 0.0000000000
61864  -28.565  -26.709  66.210 0.0000000000
60829  -27.828  -27.286  64.692 0.0000000000
61865  -29.460  -25.923  65.897 0.0000000000
62974  -32.722  -25.027  63.707 0.0000000000
62972  -30.609  -24.899  63.395 0.0000000000
62998  -32.346  -24.745  62.880 0.0000000000
61928  -31.097  -24.605  61.518 0.0000000000
61910  -33.068  -24.585  62.193 0.0000000000
61951  -34.643  -25.196  60.536 0.0000000000
61911  -34.164  -24.843  62.294 0.0000000000
47094  -18.135  -39.721  68.843 0.0000000000
46031  -17.743  -40.723  69.496 0.0000000000
46043  -16.976  -40.728  68.168 0.0000000000
44975  -14.839  -41.445  66.250 0.0000000000
77839  -52.465  -10.574  48.561 0.0000000000
78808  -52.846  -10.478  48.130 0.0000000000
37006  -4.512  -47.170  77.293 0.0000000000
53187  -33.266  -34.846  63.654 0.0000000000
52274  -33.212  -35.187  62.054 0.0000000000
54170  -32.406  -33.716  63.544 0.0000000000
55223  -31.148  -32.899  63.566 0.0000000000
55201  -31.370  -33.036  65.138 0.0000000000
54095  -32.249  -34.496  70.314 0.0000000000
54119  -31.818  -34.722  68.242 0.0000000000
54094  -31.717  -33.987  69.784 0.0000000000
57387  -29.458  -30.513  70.852 0.0000000000
56270  -30.213  -32.241  69.539 0.0000000000
57425  -29.387  -31.240  68.706 0.0000000000
57444  -29.451  -31.440  67.722 0.0000000000
58577  -28.922  -30.389  68.836 0.0000000000
58589  -28.554  -29.584  68.043 0.0000000000
59811  -28.521  -28.383  69.278 0.0000000000
52258  -23.581  -34.916  63.573 0.0000000000
49324  -27.687  -36.693  67.931 0.0000000000
50363  -26.161  -36.150  66.208 0.0000000000
49342  -27.413  -37.626  65.863 0.0000000000
49380  -27.493  -38.193  62.722 0.0000000000
49298  -19.606  -37.546  71.078 0.0000000000
51352  -19.896  -35.886  66.394 0.0000000000
50361  -19.325  -36.603  67.195 0.0000000000
50371  -18.843  -37.016  65.215 0.0000000000
49364  -18.003  -38.260  64.033 0.0000000000
74813  -47.695  -14.596  51.888 0.0000000000
74824  -46.794  -14.437  50.818 0.0000000000
75834  -48.182  -13.697  51.755 0.0000000000
76825  -49.880  -11.980  52.606 0.0000000000
76829  -49.192  -12.267  51.629 0.0000000000
77828  -49.675  -11.641  50.997 0.0000000000
77842  -48.836  -11.543  48.915 0.0000000000
77829  -50.408  -11.173  50.639 0.0000000000
77830  -51.261  -10.854  50.227 0.0000000000
77821  -51.340  -10.915  51.432 0.0000000000
60864  -27.514  -27.164  61.439 0.0000000000
58721  -27.450  -29.743  61.150 0.0000000000
63155  -35.378  -25.187  52.959 0.0000000000
63142  -35.528  -25.270  53.510 0.0000000000
60906  -35.952  -27.202  59.314 0.0000000000
60938  -35.783  -26.338  57.893 0.0000000000
60923  -36.895  -27.583  58.174 0.0000000000
62004  -40.292  -27.157  57.732 0.0000000000
60942  -38.959  -27.677  56.732 0.0000000000
60964  -39.870  -27.440  55.557 0.0000000000
62066  -38.590  -26.383  55.092 0.0000000000
62045  -40.200  -27.060  54.907 0.0000000000
63127  -41.072  -26.333  54.586 0.0000000000
63109  -41.450  -26.946  55.142 0.0000000000
39672  -9.967  -45.414  71.348 0.0000000000
39651  -9.123  -45.890  72.028 0.0000000000
38371  -8.260  -46.494  72.834 0.0000000000
38395  -8.125  -46.591  72.002 0.0000000000
38394  -7.287  -47.326  71.059 0.0000000000
39669  -7.444  -47.263  70.147 0.0000000000
34780  -4.696  -51.484  72.575 0.0000000000
35856  -4.823  -49.472  74.207 0.0000000000
34771  -4.446  -51.407  73.244 0.0000000000
33643  -3.251  -51.919  73.812 0.0000000000
33635  -3.460  -51.090  74.222 0.0000000000
34747  -2.980  -50.687  74.438 0.0000000000
35827  -3.282  -49.087  75.501 0.0000000000
34746  -2.856  -50.326  74.545 0.0000000000
48131  -29.205  -37.127  73.140 0.0000000000
65185  -44.326  -23.413  54.671 0.0000000000
67304  -43.440  -21.887  54.229 0.0000000000
67306  -45.455  -21.486  54.771 0.0000000000
61866  -30.854  -25.618  65.983 0.0000000000
47139  -16.920  -39.417  65.255 0.0000000000
46074  -16.408  -40.132  66.035 0.0000000000
38284  -6.713  -46.628  77.568 0.0000000000
37021  -5.465  -47.721  76.402 0.0000000000
51396  -33.107  -37.049  62.293 0.0000000000
52260  -33.337  -35.801  63.377 0.0000000000
53154  -32.541  -34.758  65.768 0.0000000000
59805  -28.651  -28.276  70.241 0.0000000000
51353  -20.691  -35.158  65.711 0.0000000000
52243  -20.599  -35.612  63.892 0.0000000000
52231  -21.650  -34.764  65.051 0.0000000000
52245  -22.655  -34.697  64.313 0.0000000000
52247  -24.694  -35.241  64.458 0.0000000000
48244  -28.895  -38.999  66.502 0.0000000000
49354  -27.849  -38.748  65.274 0.0000000000
48261  -28.713  -39.351  65.388 0.0000000000
49381  -28.706  -38.962  63.082 0.0000000000
49422  -30.559  -38.155  61.184 0.0000000000
51287  -21.522  -35.291  71.777 0.0000000000
50328  -19.988  -36.708  70.262 0.0000000000
52184  -21.273  -35.110  69.410 0.0000000000
51334  -20.665  -35.463  68.053 0.0000000000
71546  -40.740  -17.276  51.203 0.0000000000
75877  -45.904  -13.533  46.913 0.0000000000
74798  -50.144  -14.749  55.147 0.0000000000
75827  -49.203  -13.850  53.637 0.0000000000
61947  -29.092  -25.328  60.251 0.0000000000
62061  -33.242  -26.093  54.098 0.0000000000
62062  -34.559  -25.664  54.669 0.0000000000
61954  -38.342  -25.833  59.869 0.0000000000
60896  -38.274  -26.723  59.569 0.0000000000
63065  -39.183  -25.505  59.050 0.0000000000
42870  -14.128  -42.654  68.614 0.0000000000
41841  -13.727  -43.303  69.529 0.0000000000
40736  -12.768  -44.758  71.586 0.0000000000
40735  -11.749  -44.794  71.279 0.0000000000
40733  -9.712  -45.203  70.193 0.0000000000
40732  -8.639  -45.930  69.971 0.0000000000
39692  -7.841  -47.152  69.287 0.0000000000
40777  -8.505  -46.610  68.831 0.0000000000
48247  -31.551  -38.514  66.528 0.0000000000
49345  -32.302  -37.008  66.608 0.0000000000
49326  -32.603  -37.031  68.491 0.0000000000
52187  -32.568  -35.631  69.999 0.0000000000
50319  -25.500  -35.040  70.356 0.0000000000
50329  -25.495  -35.280  69.277 0.0000000000
50330  -26.435  -35.773  68.909 0.0000000000
49312  -27.854  -36.604  68.982 0.0000000000
49325  -28.347  -37.124  68.294 0.0000000000
48181  -29.243  -37.237  71.223 0.0000000000
48193  -29.409  -37.363  70.157 0.0000000000
48220  -29.390  -37.823  68.060 0.0000000000
47112  -29.892  -38.898  67.088 0.0000000000
47130  -30.930  -39.273  66.414 0.0000000000
50297  -26.490  -35.390  72.701 0.0000000000
66229  -38.817  -22.508  53.913 0.0000000000
67315  -37.588  -21.611  53.137 0.0000000000
67317  -39.255  -21.607  53.870 0.0000000000
69435  -39.921  -19.981  53.547 0.0000000000
69452  -41.125  -18.947  53.144 0.0000000000
68426  -43.759  -20.517  54.034 0.0000000000
69453  -42.165  -18.773  53.147 0.0000000000
70474  -41.403  -18.097  52.545 0.0000000000
71548  -42.569  -16.754  51.863 0.0000000000
72610  -43.038  -16.085  51.395 0.0000000000
73746  -43.810  -15.329  50.594 0.0000000000
73762  -44.728  -14.820  49.931 0.0000000000
73732  -45.368  -15.554  51.344 0.0000000000
73734  -47.287  -15.373  52.221 0.0000000000
73722  -48.469  -15.445  53.159 0.0000000000
70464  -48.848  -17.560  54.149 0.0000000000
73705  -49.530  -15.365  54.345 0.0000000000
58643  -28.073  -29.473  64.832 0.0000000000
58666  -27.974  -29.482  63.748 0.0000000000
59839  -27.724  -28.402  64.187 0.0000000000
60840  -27.670  -27.263  63.529 0.0000000000
61906  -28.116  -26.280  62.809 0.0000000000
62947  -29.950  -25.175  64.104 0.0000000000
62971  -29.574  -25.084  63.258 0.0000000000
61926  -28.746  -25.497  61.448 0.0000000000
61948  -30.401  -24.631  60.204 0.0000000000
61965  -31.111  -24.512  59.082 0.0000000000
63063  -32.303  -24.525  58.723 0.0000000000
61982  -33.208  -24.784  58.219 0.0000000000
61968  -34.357  -25.149  59.599 0.0000000000
61969  -35.316  -25.779  59.909 0.0000000000
60880  -36.324  -27.218  60.813 0.0000000000
61933  -36.507  -25.859  61.637 0.0000000000
60867  -37.204  -26.053  60.786 0.0000000000
43870  -15.887  -42.010  69.338 0.0000000000
46058  -15.472  -41.061  66.664 0.0000000000
44951  -14.951  -41.414  67.135 0.0000000000
43868  -14.595  -42.327  68.404 0.0000000000
44929  -13.524  -42.163  67.179 0.0000000000
56323  -30.051  -32.171  63.789 0.0000000000
57516  -29.588  -31.681  64.326 0.0000000000
52223  -32.283  -35.650  66.508 0.0000000000
53138  -31.917  -34.881  66.510 0.0000000000
55192  -31.517  -33.960  66.403 0.0000000000
56279  -30.458  -32.875  68.463 0.0000000000
56296  -30.759  -33.188  66.408 0.0000000000
57483  -30.019  -32.238  66.399 0.0000000000
57482  -29.801  -31.888  65.875 0.0000000000
58644  -28.722  -30.478  65.457 0.0000000000
59821  -28.210  -29.349  66.601 0.0000000000
60814  -28.401  -27.459  67.181 0.0000000000
61845  -28.895  -26.607  67.051 0.0000000000
61783  -29.186  -26.509  69.649 0.0000000000
61800  -29.574  -26.227  68.840 0.0000000000
50353  -25.686  -35.768  67.091 0.0000000000
51356  -25.717  -35.810  65.482 0.0000000000
51378  -25.673  -36.068  63.649 0.0000000000
49353  -27.061  -38.013  64.769 0.0000000000
50398  -26.511  -37.174  63.031 0.0000000000
48204  -19.128  -38.557  69.906 0.0000000000
48217  -18.699  -38.517  68.793 0.0000000000
50341  -19.739  -37.023  69.488 0.0000000000
49332  -18.930  -37.318  68.000 0.0000000000
48241  -18.120  -38.321  66.777 0.0000000000
48256  -17.386  -38.838  65.206 0.0000000000
74837  -46.025  -14.039  49.718 0.0000000000
75845  -46.433  -13.537  49.435 0.0000000000
75858  -47.015  -12.742  48.884 0.0000000000
76828  -48.397  -12.920  51.394 0.0000000000
75847  -47.793  -12.670  50.017 0.0000000000
76845  -47.409  -12.314  48.448 0.0000000000
76856  -47.985  -11.830  47.231 0.0000000000
77855  -48.756  -11.425  47.663 0.0000000000
77862  -49.748  -10.946  46.465 0.0000000000
77844  -50.480  -10.853  48.441 0.0000000000
77837  -51.219  -10.820  49.181 0.0000000000
37058  -6.365  -47.890  73.144 0.0000000000
37050  -6.257  -47.845  74.013 0.0000000000
35889  -5.603  -50.057  72.049 0.0000000000
57546  -27.799  -30.814  61.747 0.0000000000
64192  -36.619  -24.072  53.443 0.0000000000
62002  -34.110  -25.305  57.645 0.0000000000
62041  -35.191  -25.973  56.101 0.0000000000
62042  -36.032  -26.309  56.028 0.0000000000
60924  -37.846  -27.623  57.943 0.0000000000
60961  -37.237  -26.857  56.481 0.0000000000
60983  -37.148  -26.526  55.755 0.0000000000
62088  -37.217  -25.929  54.672 0.0000000000
63144  -37.452  -25.379  54.261 0.0000000000
64193  -37.796  -24.258  53.831 0.0000000000
64195  -39.390  -24.494  53.946 0.0000000000
65181  -40.837  -24.035  54.128 0.0000000000
64176  -42.181  -24.564  54.499 0.0000000000
38330  -8.203  -46.464  74.304 0.0000000000
38350  -8.781  -46.319  73.704 0.0000000000
38349  -7.416  -46.958  73.255 0.0000000000
37068  -6.504  -47.901  72.267 0.0000000000
37097  -6.512  -49.434  70.360 0.0000000000
37049  -5.560  -48.600  74.090 0.0000000000
37030  -5.453  -48.075  75.751 0.0000000000
35830  -4.801  -48.379  75.878 0.0000000000
34760  -4.072  -51.156  73.943 0.0000000000
35843  -4.047  -49.722  74.964 0.0000000000
35817  -4.087  -48.437  76.264 0.0000000000
37019  -3.628  -48.470  76.161 0.0000000000
37010  -3.197  -47.944  76.377 0.0000000000
33651  -2.453  -52.118  73.478 0.0000000000
35854  -2.448  -49.906  74.323 0.0000000000
38316  -7.761  -46.621  75.043 0.0000000000
38315  -6.879  -47.182  74.708 0.0000000000
49386  -32.777  -37.776  64.364 0.0000000000
49370  -32.459  -37.657  64.782 0.0000000000
51324  -23.826  -34.712  68.503 0.0000000000
52196  -23.637  -34.702  67.949 0.0000000000
48281  -31.971  -39.069  64.727 0.0000000000
48280  -31.308  -39.547  64.569 0.0000000000
48300  -31.900  -39.170  63.998 0.0000000000
49384  -31.798  -38.986  63.176 0.0000000000
51300  -24.535  -34.740  69.918 0.0000000000
51310  -23.558  -34.553  69.447 0.0000000000
74851  -43.905  -14.982  48.671 0.0000000000
62001  -32.951  -25.006  57.224 0.0000000000
42868  -10.806  -44.513  66.937 0.0000000000
42846  -11.282  -43.720  68.215 0.0000000000
42845  -10.605  -44.395  67.696 0.0000000000
48186  -32.001  -37.330  70.776 0.0000000000
49290  -32.414  -36.766  71.088 0.0000000000
49278  -32.492  -36.691  71.882 0.0000000000
49275  -27.828  -36.214  72.535 0.0000000000
49258  -28.243  -36.367  73.189 0.0000000000
48172  -31.572  -37.355  71.797 0.0000000000
48184  -31.298  -37.615  71.000 0.0000000000
48185  -31.686  -37.492  70.851 0.0000000000
47071  -31.630  -37.825  70.023 0.0000000000
50267  -27.872  -35.949  73.830 0.0000000000
65183  -42.461  -23.469  54.209 0.0000000000
66232  -42.016  -22.555  54.054 0.0000000000
66218  -42.949  -22.719  54.033 0.0000000000
69442  -46.529  -19.004  53.965 0.0000000000
70460  -45.328  -18.777  53.484 0.0000000000
70478  -45.609  -17.999  53.178 0.0000000000
70479  -46.465  -17.818  53.304 0.0000000000
71536  -46.687  -16.968  52.996 0.0000000000
46044  -17.549  -40.384  68.655 0.0000000000
47107  -16.972  -40.208  67.415 0.0000000000
77832  -52.591  -10.614  49.316 0.0000000000
77847  -52.407  -10.530  48.148 0.0000000000
78802  -53.172  -10.464  48.808 0.0000000000
37008  -5.508  -46.916  77.518 0.0000000000
37007  -5.022  -47.093  77.379 0.0000000000
38274  -4.915  -46.630  77.668 0.0000000000
54161  -32.881  -33.899  64.984 0.0000000000
53186  -32.920  -34.139  63.867 0.0000000000
54160  -32.686  -33.774  64.429 0.0000000000
55213  -32.092  -33.267  64.777 0.0000000000
55202  -31.853  -33.384  65.454 0.0000000000
55160  -31.909  -33.813  70.676 0.0000000000
57406  -29.483  -30.958  69.753 0.0000000000
58576  -28.605  -29.394  69.012 0.0000000000
58567  -28.707  -29.218  69.922 0.0000000000
50396  -19.258  -36.905  64.022 0.0000000000
51375  -19.855  -36.465  63.571 0.0000000000
49333  -27.611  -37.168  66.907 0.0000000000
50372  -19.144  -36.769  65.941 0.0000000000
50383  -18.764  -37.299  64.482 0.0000000000
76858  -47.103  -12.623  46.771 0.0000000000
74806  -48.253  -14.838  52.646 0.0000000000
75830  -48.333  -14.294  52.431 0.0000000000
77819  -49.730  -11.776  51.605 0.0000000000
77835  -49.459  -11.449  49.818 0.0000000000
77814  -51.425  -11.097  52.753 0.0000000000
60877  -27.435  -27.594  60.726 0.0000000000
62085  -34.101  -26.157  53.381 0.0000000000
62086  -35.274  -25.500  53.871 0.0000000000
60894  -36.569  -27.428  60.001 0.0000000000
60907  -36.747  -27.611  59.122 0.0000000000
60927  -40.348  -27.457  57.308 0.0000000000
60943  -39.971  -27.698  56.540 0.0000000000
60944  -40.645  -27.561  56.830 0.0000000000
62022  -40.586  -27.580  55.933 0.0000000000
62046  -41.135  -27.226  55.414 0.0000000000
62047  -41.484  -27.295  56.149 0.0000000000
39671  -8.858  -45.791  70.889 0.0000000000
38396  -8.728  -46.241  72.518 0.0000000000
39649  -7.702  -46.880  70.707 0.0000000000
34772  -4.663  -50.526  73.251 0.0000000000
33634  -3.011  -51.005  74.305 0.0000000000
33633  -2.933  -51.201  74.195 0.0000000000
34759  -2.844  -51.167  74.153 0.0000000000
61867  -32.059  -25.569  66.021 0.0000000000
47138  -16.184  -40.263  65.054 0.0000000000
37023  -6.797  -47.074  76.597 0.0000000000
38291  -6.998  -46.828  77.104 0.0000000000
37022  -6.321  -47.138  76.961 0.0000000000
50415  -32.857  -37.539  62.354 0.0000000000
51367  -32.761  -36.207  64.493 0.0000000000
51380  -33.054  -36.463  63.933 0.0000000000
52248  -33.093  -35.586  64.513 0.0000000000
52234  -32.890  -35.189  65.314 0.0000000000
52220  -21.707  -34.674  66.217 0.0000000000
52222  -23.884  -34.770  66.857 0.0000000000
52233  -23.869  -34.657  65.943 0.0000000000
52246  -24.011  -34.872  64.765 0.0000000000
51364  -24.584  -35.039  65.606 0.0000000000
48245  -29.466  -39.441  66.161 0.0000000000
48298  -30.149  -39.418  63.474 0.0000000000
48297  -29.488  -39.282  63.329 0.0000000000
49402  -29.615  -38.451  62.042 0.0000000000
49403  -30.651  -38.542  62.173 0.0000000000
49423  -31.463  -38.106  61.674 0.0000000000
52169  -23.142  -34.548  71.591 0.0000000000
52157  -22.962  -34.716  72.633 0.0000000000
52168  -22.225  -34.961  72.206 0.0000000000
52156  -22.261  -35.316  73.018 0.0000000000
51308  -20.854  -35.587  70.323 0.0000000000
51298  -21.722  -34.891  70.903 0.0000000000
52194  -21.392  -35.000  68.600 0.0000000000
51343  -20.692  -35.194  66.933 0.0000000000
71565  -41.039  -16.814  50.719 0.0000000000
61963  -28.549  -26.228  59.104 0.0000000000
61979  -29.413  -25.756  57.861 0.0000000000
61955  -38.864  -25.403  60.457 0.0000000000
61971  -38.788  -25.516  59.776 0.0000000000
63067  -40.690  -25.387  58.515 0.0000000000
42848  -13.458  -42.819  68.806 0.0000000000
42849  -14.241  -43.028  69.257 0.0000000000
42828  -12.248  -43.604  69.439 0.0000000000
41819  -12.893  -43.641  69.862 0.0000000000
40756  -11.554  -44.566  70.591 0.0000000000
41798  -10.735  -44.721  70.131 0.0000000000
40754  -9.008  -45.676  69.128 0.0000000000
40753  -8.430  -46.366  69.416 0.0000000000
48235  -32.025  -38.022  67.420 0.0000000000
48236  -32.307  -37.465  67.089 0.0000000000
48223  -32.406  -37.538  68.006 0.0000000000
51301  -33.045  -36.119  71.163 0.0000000000
51312  -32.718  -35.979  70.347 0.0000000000
52179  -32.900  -35.584  70.949 0.0000000000
50320  -26.254  -35.426  69.858 0.0000000000
49300  -28.038  -36.582  70.037 0.0000000000
49299  -27.231  -35.926  69.909 0.0000000000
49313  -28.406  -37.002  69.253 0.0000000000
48133  -30.157  -37.249  73.472 0.0000000000
48150  -29.395  -37.214  72.702 0.0000000000
48194  -30.111  -37.810  69.649 0.0000000000
48206  -29.401  -37.640  69.095 0.0000000000
48221  -29.748  -38.410  67.567 0.0000000000
47083  -30.174  -38.295  68.043 0.0000000000
47102  -31.380  -38.336  68.385 0.0000000000
47114  -30.637  -38.905  67.132 0.0000000000
47115  -31.214  -38.626  67.312 0.0000000000
48246  -31.205  -38.978  66.267 0.0000000000
51290  -25.547  -34.958  71.379 0.0000000000
68423  -40.584  -20.697  53.742 0.0000000000
69436  -40.877  -19.810  53.528 0.0000000000
69451  -40.130  -19.204  53.169 0.0000000000
67305  -44.336  -21.466  54.393 0.0000000000
67322  -43.652  -21.267  54.239 0.0000000000
69438  -43.122  -19.390  53.460 0.0000000000
69454  -42.866  -18.672  53.105 0.0000000000
70475  -42.538  -18.141  52.744 0.0000000000
71531  -42.067  -17.426  52.187 0.0000000000
71532  -43.076  -17.502  52.417 0.0000000000
71550  -44.504  -16.768  52.239 0.0000000000
71549  -43.543  -16.769  52.080 0.0000000000
72611  -43.996  -16.158  51.700 0.0000000000
73730  -43.549  -15.743  51.148 0.0000000000
73731  -44.412  -15.650  51.229 0.0000000000
73747  -44.774  -15.166  50.580 0.0000000000
72600  -47.137  -16.349  52.751 0.0000000000
72614  -46.770  -15.867  52.297 0.0000000000
72601  -47.873  -16.040  52.932 0.0000000000
73721  -47.918  -15.244  52.584 0.0000000000
72602  -48.434  -15.990  53.289 0.0000000000
72584  -49.532  -16.211  54.336 0.0000000000
62929  -30.322  -25.413  65.028 0.0000000000
62948  -31.031  -25.114  64.267 0.0000000000
62997  -31.243  -24.734  62.536 0.0000000000
62996  -30.175  -24.790  62.615 0.0000000000
62995  -29.137  -25.192  62.368 0.0000000000
63016  -29.347  -25.005  61.739 0.0000000000
61927  -29.715  -24.842  61.188 0.0000000000
61929  -32.578  -24.521  61.282 0.0000000000
61949  -31.973  -24.453  60.112 0.0000000000
61966  -32.098  -24.464  59.113 0.0000000000
61967  -33.085  -24.609  59.182 0.0000000000
61931  -34.879  -25.286  61.454 0.0000000000
61952  -35.612  -26.042  60.663 0.0000000000
60878  -35.518  -26.764  60.452 0.0000000000
61953  -35.761  -26.414  61.045 0.0000000000
61914  -37.417  -25.666  62.329 0.0000000000
61934  -37.035  -25.872  61.390 0.0000000000
60853  -38.292  -25.574  61.296 0.0000000000
46030  -17.224  -41.047  69.064 0.0000000000
44931  -16.580  -41.582  69.134 0.0000000000
43871  -16.356  -42.075  69.641 0.0000000000
44930  -15.952  -41.596  68.680 0.0000000000
46073  -15.850  -40.664  65.895 0.0000000000
46059  -16.253  -40.584  67.166 0.0000000000
44950  -14.427  -41.608  66.728 0.0000000000
43895  -15.037  -41.855  68.167 0.0000000000
43894  -14.510  -41.865  67.603 0.0000000000
43867  -13.964  -42.253  67.708 0.0000000000
38271  -3.908  -47.120  77.282 0.0000000000
54185  -31.656  -33.598  62.501 0.0000000000
56314  -30.809  -32.607  64.853 0.0000000000
55211  -30.756  -32.539  64.045 0.0000000000
56313  -30.200  -32.213  64.590 0.0000000000
50365  -32.350  -36.521  66.903 0.0000000000
51347  -32.361  -36.087  67.266 0.0000000000
54106  -31.524  -34.212  68.745 0.0000000000
53121  -31.958  -35.091  67.457 0.0000000000
54118  -31.487  -34.343  67.779 0.0000000000
54127  -31.586  -34.475  66.865 0.0000000000
55183  -31.276  -34.040  67.214 0.0000000000
56278  -30.145  -32.423  68.569 0.0000000000
56286  -30.219  -32.542  67.634 0.0000000000
56287  -30.550  -33.038  67.424 0.0000000000
56295  -30.330  -32.647  66.746 0.0000000000
57463  -30.037  -32.202  67.016 0.0000000000
57462  -29.648  -31.692  66.785 0.0000000000
58624  -29.250  -31.092  66.165 0.0000000000
58623  -28.642  -30.254  66.363 0.0000000000
59814  -28.428  -28.476  68.319 0.0000000000
59818  -28.216  -28.472  67.220 0.0000000000
60802  -28.502  -27.492  67.767 0.0000000000
61820  -28.949  -26.666  68.203 0.0000000000
60765  -28.864  -27.124  70.594 0.0000000000
61767  -29.548  -26.189  70.303 0.0000000000
61801  -30.622  -25.898  68.707 0.0000000000
52244  -21.521  -35.054  63.992 0.0000000000
52255  -20.504  -35.882  63.290 0.0000000000
52256  -21.215  -35.506  62.883 0.0000000000
50342  -25.619  -35.634  68.108 0.0000000000
51366  -25.713  -35.970  64.547 0.0000000000
48203  -18.722  -39.009  69.616 0.0000000000
48218  -19.208  -38.071  69.298 0.0000000000
51322  -20.391  -35.993  69.137 0.0000000000
50340  -19.918  -36.648  68.820 0.0000000000
49341  -18.737  -37.267  66.971 0.0000000000
48242  -18.476  -37.787  66.990 0.0000000000
48230  -18.558  -37.986  67.573 0.0000000000
47140  -17.376  -38.928  65.570 0.0000000000
48257  -17.707  -38.398  65.464 0.0000000000
74823  -45.866  -14.594  50.340 0.0000000000
74836  -45.159  -14.516  49.551 0.0000000000
75840  -47.215  -13.731  50.492 0.0000000000
74838  -46.726  -13.773  50.056 0.0000000000
75846  -47.102  -13.167  49.718 0.0000000000
75857  -46.339  -13.163  48.619 0.0000000000
75835  -48.649  -13.024  52.140 0.0000000000
76836  -48.968  -11.907  50.414 0.0000000000
76835  -48.402  -12.505  50.622 0.0000000000
76838  -47.515  -12.563  49.335 0.0000000000
76855  -47.460  -12.165  47.420 0.0000000000
76846  -48.091  -11.808  48.215 0.0000000000
77861  -48.974  -11.324  46.533 0.0000000000
77856  -49.693  -10.988  47.543 0.0000000000
77831  -51.976  -10.704  49.768 0.0000000000
37067  -5.950  -48.968  72.181 0.0000000000
58692  -27.802  -29.724  62.513 0.0000000000
63156  -35.811  -24.563  52.986 0.0000000000
61983  -34.217  -25.173  58.632 0.0000000000
62003  -35.134  -25.692  58.175 0.0000000000
60959  -35.786  -26.292  57.102 0.0000000000
60960  -36.361  -26.518  56.686 0.0000000000
60909  -38.630  -26.962  58.662 0.0000000000
60925  -38.766  -27.463  57.704 0.0000000000
60962  -38.088  -27.144  56.016 0.0000000000
60941  -37.958  -27.526  56.967 0.0000000000
62064  -37.075  -26.233  55.081 0.0000000000
63125  -38.733  -25.902  54.755 0.0000000000
63124  -38.007  -25.816  54.673 0.0000000000
63145  -38.364  -25.025  54.150 0.0000000000
64194  -38.742  -24.332  53.916 0.0000000000
64175  -41.336  -24.937  54.205 0.0000000000
65182  -41.645  -23.916  54.307 0.0000000000
38393  -6.611  -48.454  70.701 0.0000000000
38412  -6.621  -48.906  70.136 0.0000000000
37057  -5.634  -48.970  73.018 0.0000000000
35845  -4.983  -48.611  75.265 0.0000000000
35844  -4.348  -49.528  74.836 0.0000000000
33652  -3.887  -52.422  73.515 0.0000000000
33645  -4.097  -51.715  73.596 0.0000000000
34748  -3.486  -50.161  74.724 0.0000000000
34749  -3.872  -50.470  74.464 0.0000000000
34737  -3.828  -49.810  74.960 0.0000000000
35829  -4.137  -49.075  75.497 0.0000000000
35826  -2.971  -49.068  75.407 0.0000000000
37018  -3.248  -48.468  76.031 0.0000000000
37017  -2.952  -48.412  75.886 0.0000000000
38290  -2.839  -47.690  76.170 0.0000000000
34770  -2.307  -50.937  73.693 0.0000000000
50416  -33.044  -37.452  62.954 0.0000000000
50400  -32.934  -37.942  63.076 0.0000000000
50387  -32.551  -36.917  64.625 0.0000000000
51368  -32.464  -36.010  65.109 0.0000000000
52208  -23.176  -34.564  67.486 0.0000000000
52209  -23.965  -34.827  67.470 0.0000000000
51344  -24.539  -35.122  67.146 0.0000000000
49383  -30.858  -39.108  62.864 0.0000000000
49405  -32.356  -38.300  62.796 0.0000000000
51278  -24.558  -34.574  72.340 0.0000000000
51288  -23.724  -34.520  71.209 0.0000000000
51309  -22.140  -34.675  69.852 0.0000000000
51323  -22.838  -34.591  69.048 0.0000000000
72626  -42.087  -15.939  50.438 0.0000000000
74870  -44.643  -14.547  47.728 0.0000000000
55221  -29.667  -32.375  63.055 0.0000000000
62020  -33.955  -25.462  56.563 0.0000000000
43846  -12.287  -43.073  67.962 0.0000000000
42827  -11.886  -43.565  69.129 0.0000000000
41816  -9.705  -45.114  68.909 0.0000000000
41837  -9.502  -45.600  68.210 0.0000000000
47103  -31.885  -38.211  68.860 0.0000000000
48209  -32.442  -37.506  68.928 0.0000000000
48198  -32.332  -37.393  69.752 0.0000000000
49291  -32.621  -36.486  70.889 0.0000000000
51280  -33.237  -35.712  71.973 0.0000000000
50298  -27.212  -35.831  72.065 0.0000000000
50310  -27.143  -35.867  71.346 0.0000000000
49289  -28.358  -36.780  70.919 0.0000000000
48170  -30.331  -37.435  71.830 0.0000000000
48171  -31.014  -37.494  71.837 0.0000000000
48183  -30.687  -37.684  70.654 0.0000000000
47069  -30.682  -38.166  69.315 0.0000000000
47084  -30.584  -38.312  68.426 0.0000000000
47070  -31.200  -38.076  69.596 0.0000000000
47086  -31.551  -38.224  69.246 0.0000000000
50283  -27.428  -35.801  73.277 0.0000000000
65198  -41.271  -23.248  54.170 0.0000000000
66231  -40.838  -22.439  54.070 0.0000000000
67319  -41.249  -21.534  53.896 0.0000000000
67320  -42.214  -21.384  53.920 0.0000000000
68428  -45.365  -20.047  54.084 0.0000000000
68427  -44.643  -20.175  54.021 0.0000000000
69440  -45.001  -19.516  53.720 0.0000000000
70459  -44.440  -18.915  53.413 0.0000000000
71534  -45.029  -17.384  52.749 0.0000000000
71551  -45.392  -16.678  52.442 0.0000000000
72613  -45.921  -16.028  52.135 0.0000000000
71552  -46.080  -16.631  52.640 0.0000000000
71537  -47.552  -16.890  53.272 0.0000000000
60821  -28.037  -27.386  65.760 0.0000000000
61882  -28.493  -26.443  65.231 0.0000000000
61883  -29.226  -25.691  64.705 0.0000000000
62949  -32.101  -25.257  64.371 0.0000000000
62973  -31.680  -24.966  63.526 0.0000000000
61909  -31.964  -24.648  62.087 0.0000000000
61930  -33.868  -24.665  61.355 0.0000000000
47077  -18.272  -40.081  69.624 0.0000000000
77859  -51.701  -10.539  47.584 0.0000000000
78819  -51.490  -10.531  47.243 0.0000000000
78820  -52.068  -10.501  47.320 0.0000000000
78821  -52.956  -10.361  47.328 0.0000000000
38282  -4.206  -47.213  77.243 0.0000000000
53210  -33.313  -35.150  62.823 0.0000000000
54186  -32.153  -33.645  62.985 0.0000000000
54169  -31.737  -33.325  63.403 0.0000000000
54159  -32.126  -33.361  64.069 0.0000000000
55212  -31.489  -32.952  64.270 0.0000000000
53091  -32.391  -35.198  69.715 0.0000000000
53105  -32.155  -35.212  68.605 0.0000000000
54107  -31.969  -34.670  69.269 0.0000000000
55168  -31.178  -33.614  69.138 0.0000000000
56260  -30.274  -32.009  70.181 0.0000000000
57407  -29.873  -31.717  69.608 0.0000000000
57426  -29.786  -31.920  68.622 0.0000000000
58590  -28.925  -30.648  67.865 0.0000000000
58604  -28.502  -29.940  67.162 0.0000000000
50344  -27.230  -36.389  67.877 0.0000000000
50354  -26.353  -36.165  67.237 0.0000000000
50355  -27.123  -36.501  67.408 0.0000000000
50364  -26.954  -36.718  66.500 0.0000000000
50374  -26.787  -37.018  65.419 0.0000000000
49310  -19.565  -37.691  70.187 0.0000000000
51342  -19.991  -35.981  67.555 0.0000000000
50352  -19.598  -36.697  68.170 0.0000000000
49351  -18.472  -37.572  65.691 0.0000000000
49365  -18.035  -37.981  64.674 0.0000000000
49378  -18.462  -37.917  63.728 0.0000000000
74812  -47.054  -14.891  51.622 0.0000000000
74825  -47.555  -13.955  51.129 0.0000000000
76840  -48.889  -11.738  49.830 0.0000000000
77834  -48.866  -11.668  49.529 0.0000000000
77836  -50.413  -11.018  49.497 0.0000000000
35902  -5.933  -50.116  71.338 0.0000000000
59855  -27.444  -28.396  61.659 0.0000000000
59866  -27.399  -28.753  60.252 0.0000000000
62101  -34.674  -25.878  52.571 0.0000000000
60921  -35.757  -26.391  58.764 0.0000000000
60922  -36.180  -27.087  58.466 0.0000000000
60926  -39.735  -27.396  57.575 0.0000000000
60963  -39.117  -27.388  55.785 0.0000000000
62043  -38.464  -26.761  55.373 0.0000000000
62044  -39.221  -26.766  55.088 0.0000000000
63108  -39.471  -26.421  54.838 0.0000000000
63126  -39.891  -26.105  54.421 0.0000000000
62067  -40.493  -26.653  54.575 0.0000000000
63110  -41.979  -26.728  55.714 0.0000000000
39652  -10.282  -45.616  72.196 0.0000000000
39630  -9.852  -45.841  72.566 0.0000000000
38413  -6.947  -48.266  69.878 0.0000000000
34781  -4.925  -50.696  72.563 0.0000000000
34762  -4.439  -50.547  73.747 0.0000000000
32528  -3.412  -52.757  73.694 0.0000000000
35842  -3.269  -49.760  75.004 0.0000000000
35841  -2.992  -49.818  74.922 0.0000000000
35840  -2.775  -49.816  74.740 0.0000000000
49237  -28.931  -36.770  73.560 0.0000000000
48136  -31.688  -37.020  73.368 0.0000000000
66219  -43.913  -22.617  54.355 0.0000000000
66220  -44.854  -22.515  54.777 0.0000000000
69426  -46.772  -19.532  54.335 0.0000000000
70462  -47.186  -18.485  53.885 0.0000000000
62931  -32.572  -25.438  65.223 0.0000000000
62950  -33.107  -25.307  64.493 0.0000000000
63000  -34.358  -25.114  63.145 0.0000000000
47121  -16.857  -39.754  66.690 0.0000000000
37015  -5.801  -47.104  77.265 0.0000000000
51413  -33.333  -36.358  62.234 0.0000000000
51397  -33.177  -36.766  62.785 0.0000000000
53171  -33.084  -34.447  64.741 0.0000000000
54151  -32.683  -34.074  65.476 0.0000000000
58560  -28.968  -29.149  70.769 0.0000000000
51362  -20.008  -35.949  64.987 0.0000000000
51363  -20.819  -35.213  64.709 0.0000000000
52232  -22.804  -34.533  65.462 0.0000000000
52259  -24.488  -35.248  63.892 0.0000000000
48243  -28.576  -38.272  66.880 0.0000000000
48260  -28.345  -38.782  66.119 0.0000000000
49355  -28.228  -39.203  65.029 0.0000000000
49368  -28.325  -39.209  64.451 0.0000000000
48278  -29.329  -39.501  64.161 0.0000000000
50318  -20.304  -36.571  71.332 0.0000000000
51297  -20.954  -35.653  71.292 0.0000000000
71545  -40.009  -17.823  51.021 0.0000000000
75871  -46.280  -12.977  47.540 0.0000000000
74801  -49.311  -14.701  54.039 0.0000000000
75823  -49.710  -14.137  54.499 0.0000000000
76820  -49.706  -13.244  54.206 0.0000000000
60891  -27.635  -27.381  59.705 0.0000000000
60882  -37.723  -26.292  60.207 0.0000000000
61970  -38.731  -25.792  59.207 0.0000000000
61985  -39.209  -26.060  58.534 0.0000000000
61986  -40.118  -26.450  58.128 0.0000000000
62005  -40.853  -27.074  57.478 0.0000000000
62024  -41.581  -27.094  56.849 0.0000000000
41840  -13.198  -43.167  69.323 0.0000000000
41820  -13.904  -43.681  70.198 0.0000000000
41799  -11.193  -44.617  70.341 0.0000000000
40734  -10.829  -44.859  70.858 0.0000000000
39670  -8.061  -46.525  70.303 0.0000000000
40731  -8.206  -46.475  69.760 0.0000000000
48265  -31.968  -38.363  65.315 0.0000000000
48266  -31.990  -37.837  65.478 0.0000000000
48248  -32.013  -37.753  66.284 0.0000000000
49335  -32.496  -37.018  67.515 0.0000000000
50356  -32.507  -36.544  67.933 0.0000000000
50331  -32.568  -36.634  69.431 0.0000000000
50345  -32.600  -36.484  69.047 0.0000000000
52197  -32.486  -35.726  69.130 0.0000000000
53080  -32.497  -34.949  70.409 0.0000000000
52159  -33.310  -35.227  72.450 0.0000000000
49311  -27.236  -36.232  68.614 0.0000000000
49334  -28.208  -37.504  67.349 0.0000000000
49259  -28.704  -36.835  72.714 0.0000000000
48180  -28.747  -36.974  71.512 0.0000000000
48192  -28.844  -37.089  70.578 0.0000000000
48205  -28.898  -37.217  69.607 0.0000000000
48219  -28.873  -37.410  68.649 0.0000000000
48231  -28.824  -37.678  67.684 0.0000000000
48232  -29.169  -38.372  67.232 0.0000000000
48233  -29.518  -38.961  66.862 0.0000000000
47128  -29.913  -39.284  66.630 0.0000000000
47100  -30.409  -38.525  67.624 0.0000000000
47113  -30.198  -39.004  67.067 0.0000000000
47148  -30.489  -39.772  65.927 0.0000000000
47149  -30.962  -39.699  65.820 0.0000000000
48264  -31.390  -39.246  65.618 0.0000000000
51265  -25.613  -34.906  73.498 0.0000000000
51279  -25.473  -34.933  72.194 0.0000000000
50308  -25.556  -34.952  70.998 0.0000000000
66228  -37.861  -22.447  53.672 0.0000000000
66227  -37.102  -22.529  53.274 0.0000000000
67316  -38.341  -21.589  53.663 0.0000000000
68422  -39.635  -20.787  53.741 0.0000000000
69434  -39.093  -20.186  53.424 0.0000000000
67321  -43.063  -21.233  54.102 0.0000000000
68425  -42.614  -20.445  53.812 0.0000000000
69437  -41.918  -19.633  53.517 0.0000000000
70489  -40.435  -17.759  51.909 0.0000000000
70490  -41.225  -17.417  51.896 0.0000000000
71547  -41.585  -16.822  51.459 0.0000000000
72609  -42.195  -16.253  51.197 0.0000000000
72627  -42.529  -15.937  50.957 0.0000000000
73745  -42.895  -15.656  50.665 0.0000000000
73760  -43.198  -15.237  49.782 0.0000000000
73761  -44.086  -14.979  49.934 0.0000000000
74835  -44.358  -14.797  49.328 0.0000000000
73748  -45.661  -15.023  50.815 0.0000000000
73733  -46.396  -15.235  51.522 0.0000000000
70463  -48.240  -18.058  54.054 0.0000000000
71523  -47.697  -17.636  53.636 0.0000000000
71524  -48.265  -17.136  53.690 0.0000000000
72594  -48.844  -16.038  53.653 0.0000000000
73714  -49.080  -15.387  53.801 0.0000000000
74797  -49.722  -14.915  54.602 0.0000000000
58667  -28.517  -30.364  64.406 0.0000000000
57514  -28.298  -30.457  63.451 0.0000000000
60851  -27.594  -27.291  62.382 0.0000000000
61925  -28.029  -26.387  61.810 0.0000000000
61894  -29.108  -25.479  63.859 0.0000000000
62970  -28.750  -25.611  63.150 0.0000000000
62994  -28.600  -25.721  62.612 0.0000000000
61907  -28.499  -25.811  62.197 0.0000000000
61981  -32.063  -24.637  58.202 0.0000000000
63064  -32.627  -24.586  58.637 0.0000000000
60905  -35.614  -26.488  59.562 0.0000000000
60893  -35.719  -27.152  60.149 0.0000000000
60881  -37.270  -27.075  60.711 0.0000000000
61912  -35.098  -25.296  62.435 0.0000000000
61913  -36.224  -25.480  62.959 0.0000000000
60865  -36.094  -26.556  61.200 0.0000000000
60866  -36.745  -26.518  61.137 0.0000000000
60883  -38.208  -25.725  60.405 0.0000000000
60869  -38.445  -25.542  60.888 0.0000000000
46057  -15.110  -41.281  66.380 0.0000000000
44952  -15.625  -41.372  67.838 0.0000000000
43896  -15.511  -41.832  68.668 0.0000000000
42869  -13.689  -42.572  68.243 0.0000000000
43866  -13.074  -42.527  67.637 0.0000000000
44928  -13.273  -42.304  66.664 0.0000000000
43865  -12.112  -42.960  66.961 0.0000000000
78809  -53.659  -10.274  48.069 0.0000000000
55222  -30.461  -32.759  63.220 0.0000000000
55235  -29.939  -32.851  62.644 0.0000000000
57498  -29.111  -31.159  64.848 0.0000000000
49357  -32.138  -37.310  65.463 0.0000000000
50376  -32.170  -36.581  65.828 0.0000000000
52235  -32.429  -35.519  65.596 0.0000000000
52210  -32.264  -35.634  67.701 0.0000000000
53139  -32.144  -35.281  66.571 0.0000000000
53155  -32.405  -35.238  65.857 0.0000000000
54140  -32.050  -34.327  66.012 0.0000000000
54139  -32.082  -33.783  65.758 0.0000000000
55167  -30.793  -33.107  69.333 0.0000000000
55175  -30.777  -33.359  68.270 0.0000000000
55182  -30.989  -33.576  67.090 0.0000000000
55191  -31.394  -33.558  66.057 0.0000000000
56306  -31.169  -33.261  65.687 0.0000000000
56305  -30.513  -32.695  65.755 0.0000000000
57499  -29.697  -31.797  65.118 0.0000000000
59830  -28.171  -29.438  65.831 0.0000000000
59820  -27.960  -28.373  66.330 0.0000000000
59817  -28.022  -28.060  66.770 0.0000000000
60813  -28.258  -27.443  66.664 0.0000000000
61821  -29.842  -26.027  67.920 0.0000000000
60777  -28.689  -27.402  69.569 0.0000000000
61799  -28.903  -26.783  68.985 0.0000000000
51325  -24.730  -35.155  68.138 0.0000000000
51336  -25.039  -35.392  67.509 0.0000000000
51345  -25.223  -35.459  66.733 0.0000000000
50362  -25.713  -35.748  66.609 0.0000000000
51355  -25.186  -35.367  65.923 0.0000000000
51365  -25.051  -35.370  64.993 0.0000000000
51377  -25.129  -35.567  64.180 0.0000000000
51392  -25.021  -35.587  63.479 0.0000000000
50386  -26.602  -37.248  64.306 0.0000000000
49366  -26.901  -37.991  63.609 0.0000000000
50385  -26.082  -36.664  64.003 0.0000000000
51379  -25.945  -36.423  63.029 0.0000000000
47078  -18.682  -39.711  70.170 0.0000000000
47095  -18.512  -39.403  69.426 0.0000000000
48216  -18.209  -39.140  68.291 0.0000000000
49321  -19.395  -37.447  68.884 0.0000000000
48229  -18.259  -38.707  67.835 0.0000000000
47122  -17.428  -39.051  66.264 0.0000000000
48273  -17.718  -38.293  64.873 0.0000000000
74853  -45.246  -14.000  48.712 0.0000000000
74854  -45.945  -13.639  48.975 0.0000000000
75856  -45.686  -13.590  48.364 0.0000000000
76844  -46.761  -12.692  48.201 0.0000000000
75831  -48.698  -13.703  52.713 0.0000000000
76854  -46.883  -12.578  47.466 0.0000000000
76859  -47.593  -12.377  46.432 0.0000000000
76860  -48.251  -11.822  46.464 0.0000000000
77857  -50.640  -10.675  47.372 0.0000000000
77845  -51.251  -10.680  48.279 0.0000000000
77838  -51.899  -10.690  48.864 0.0000000000
77823  -52.708  -10.599  50.136 0.0000000000
35876  -5.251  -50.075  72.529 0.0000000000
57528  -28.135  -30.756  62.676 0.0000000000
65193  -36.773  -23.064  53.248 0.0000000000
62021  -35.044  -25.819  57.220 0.0000000000
60908  -37.703  -27.497  58.910 0.0000000000
60940  -37.101  -27.187  57.303 0.0000000000
60982  -36.572  -26.446  56.060 0.0000000000
62087  -36.503  -25.752  54.483 0.0000000000
62065  -37.896  -26.172  54.890 0.0000000000
65194  -37.374  -23.279  53.589 0.0000000000
65195  -38.318  -23.398  53.833 0.0000000000
65196  -39.476  -23.653  53.954 0.0000000000
64174  -40.177  -24.863  53.964 0.0000000000
65180  -40.217  -23.952  54.046 0.0000000000
65197  -40.407  -23.294  54.091 0.0000000000
64177  -43.031  -24.299  54.548 0.0000000000
63090  -41.967  -26.251  56.980 0.0000000000
37081  -6.669  -47.916  71.505 0.0000000000
39691  -7.368  -47.703  69.628 0.0000000000
37040  -5.515  -48.281  75.062 0.0000000000
35819  -4.836  -48.041  76.404 0.0000000000
33653  -4.200  -52.252  73.300 0.0000000000
34761  -4.199  -51.132  73.809 0.0000000000
34750  -4.136  -50.509  74.276 0.0000000000
35818  -4.570  -48.192  76.323 0.0000000000
37013  -4.540  -47.675  76.834 0.0000000000
37012  -4.043  -47.760  76.844 0.0000000000
37011  -3.581  -47.863  76.605 0.0000000000
38280  -3.551  -47.257  76.919 0.0000000000
33641  -2.695  -52.516  73.623 0.0000000000
34758  -2.667  -51.012  74.098 0.0000000000
34736  -3.821  -49.531  75.202 0.0000000000
35831  -5.181  -48.206  75.862 0.0000000000
37020  -5.052  -47.924  76.427 0.0000000000
38275  -5.405  -46.570  77.823 0.0000000000
38281  -3.939  -47.293  77.160 0.0000000000
39541  -3.723  -46.621  77.437 0.0000000000
43893  -14.135  -41.817  67.198 0.0000000000
47059  -30.905  -37.884  69.901 0.0000000000
47061  -31.474  -37.660  70.523 0.0000000000
47068  -30.274  -38.210  68.809 0.0000000000
47072  -31.890  -37.805  69.973 0.0000000000
47085  -31.058  -38.366  68.844 0.0000000000
47087  -31.914  -37.990  69.588 0.0000000000
47099  -30.081  -38.617  67.436 0.0000000000
47129  -30.345  -39.387  66.538 0.0000000000
47131  -31.184  -38.870  66.628 0.0000000000
47147  -30.007  -39.641  66.128 0.0000000000
48132  -29.546  -37.190  73.269 0.0000000000
48149  -29.016  -37.073  72.886 0.0000000000
48167  -28.721  -36.882  72.016 0.0000000000
48168  -29.013  -37.065  72.173 0.0000000000
48173  -31.948  -37.193  71.595 0.0000000000
48174  -32.069  -37.137  71.320 0.0000000000
48187  -32.218  -37.192  70.529 0.0000000000
48195  -30.618  -37.856  69.846 0.0000000000
48196  -31.866  -37.627  70.309 0.0000000000
48208  -32.189  -37.852  69.290 0.0000000000
48222  -32.170  -37.961  68.448 0.0000000000
48234  -31.607  -38.338  67.344 0.0000000000
48249  -32.220  -37.365  66.570 0.0000000000
48272  -17.590  -38.688  64.461 0.0000000000
48301  -32.256  -38.882  64.263 0.0000000000
49262  -32.802  -36.419  72.308 0.0000000000
49277  -28.708  -36.864  72.265 0.0000000000
49279  -32.744  -36.417  71.629 0.0000000000
49287  -27.134  -35.899  70.905 0.0000000000
49302  -32.434  -36.948  70.275 0.0000000000
49303  -32.538  -36.570  70.314 0.0000000000
49314  -32.552  -36.933  69.465 0.0000000000
49323  -27.256  -36.343  68.126 0.0000000000
49344  -32.139  -37.270  66.215 0.0000000000
49352  -18.694  -37.277  66.307 0.0000000000
49356  -32.204  -37.887  65.057 0.0000000000
49358  -32.140  -37.009  66.042 0.0000000000
49369  -32.468  -38.145  64.658 0.0000000000
50284  -27.893  -36.078  73.394 0.0000000000
50311  -33.090  -35.957  71.409 0.0000000000
50321  -32.718  -36.234  70.633 0.0000000000
50332  -32.564  -36.450  69.801 0.0000000000
50346  -32.573  -36.351  69.459 0.0000000000
50388  -32.254  -36.489  65.104 0.0000000000
50397  -26.008  -36.648  63.437 0.0000000000
51291  -33.104  -35.741  71.406 0.0000000000
51321  -20.168  -36.336  68.789 0.0000000000
51326  -32.579  -36.096  68.980 0.0000000000
51327  -32.586  -36.086  69.545 0.0000000000
51346  -25.635  -35.689  66.221 0.0000000000
51357  -32.272  -36.021  66.192 0.0000000000
52170  -23.861  -34.503  71.487 0.0000000000
52171  -33.182  -35.362  71.694 0.0000000000
52178  -22.911  -34.544  71.195 0.0000000000
52186  -32.488  -35.551  69.636 0.0000000000
52198  -32.558  -35.835  69.570 0.0000000000
53075  -32.937  -35.058  71.357 0.0000000000
53092  -32.463  -35.124  70.083 0.0000000000
53120  -31.750  -34.845  67.054 0.0000000000
53170  -33.013  -34.059  64.330 0.0000000000
54128  -31.712  -34.716  67.483 0.0000000000
58645  -29.339  -31.297  65.546 0.0000000000
60854  -38.576  -25.482  61.223 0.0000000000
60868  -37.887  -25.777  60.795 0.0000000000
60879  -35.660  -26.903  60.839 0.0000000000
60892  -35.520  -26.519  60.138 0.0000000000
61844  -28.556  -26.889  66.637 0.0000000000
61908  -31.434  -24.650  62.056 0.0000000000
61916  -38.651  -25.475  61.490 0.0000000000
62068  -40.778  -26.934  54.767 0.0000000000
63017  -30.000  -24.803  61.933 0.0000000000
63032  -39.447  -25.061  60.561 0.0000000000
63045  -32.234  -24.479  58.944 0.0000000000
63046  -32.475  -24.517  58.914 0.0000000000
63047  -39.053  -25.448  59.282 0.0000000000
63107  -39.199  -26.314  54.996 0.0000000000
66217  -42.485  -22.923  54.023 0.0000000000
68408  -44.456  -20.698  54.246 0.0000000000
69425  -46.284  -19.788  54.232 0.0000000000
70458  -43.835  -19.076  53.397 0.0000000000
72615  -47.282  -15.904  52.550 0.0000000000
73729  -43.154  -15.813  51.090 0.0000000000
73744  -42.457  -15.706  50.364 0.0000000000
74822  -45.251  -14.811  50.243 0.0000000000
76830  -49.770  -11.843  51.926 0.0000000000
77846  -51.934  -10.563  48.043 0.0000000000
77858  -51.353  -10.576  47.661 0.0000000000
78807  -52.432  -10.493  47.807 0.0000000000
