#!ascii label  , from subject sub-01 vox2ras=TkReg
1059
101491  -53.447  13.428  40.787 0.0000000000
114125  -46.991  31.123  35.114 0.0000000000
109770  -46.443  24.341  40.708 0.0000000000
105413  -49.710  18.214  31.077 0.0000000000
111480  -46.544  26.390  27.963 0.0000000000
109096  -45.466  23.695  33.127 0.0000000000
106992  -43.766  20.558  27.277 0.0000000000
104538  -44.097  17.996  33.105 0.0000000000
99849  -47.511  11.736  45.792 0.0000000000
102163  -50.180  14.301  44.532 0.0000000000
116551  -41.941  34.596  38.566 0.0000000000
113512  -41.844  29.878  33.239 0.0000000000
114833  -44.757  31.486  27.995 0.0000000000
106866  -51.299  20.284  42.462 0.0000000000
112113  -49.071  27.733  38.097 0.0000000000
106910  -47.068  20.260  37.626 0.0000000000
104482  -52.869  16.964  36.967 0.0000000000
104498  -48.018  17.148  36.470 0.0000000000
103715  -42.987  16.370  38.505 0.0000000000
101504  -52.608  13.365  39.994 0.0000000000
111508  -44.518  25.994  25.282 0.0000000000
109908  -43.857  23.970  26.918 0.0000000000
108445  -41.786  22.536  26.411 0.0000000000
106973  -42.695  20.490  28.972 0.0000000000
101445  -49.460  13.105  46.212 0.0000000000
102176  -47.942  14.275  44.006 0.0000000000
118332  -42.434  37.834  39.935 0.0000000000
114181  -42.726  30.624  30.499 0.0000000000
106851  -49.166  20.916  43.403 0.0000000000
108333  -48.989  23.039  42.755 0.0000000000
115339  -47.541  32.291  38.985 0.0000000000
114089  -49.747  29.939  37.539 0.0000000000
106956  -47.328  20.583  31.014 0.0000000000
108383  -46.459  22.618  34.900 0.0000000000
106201  -48.955  19.202  33.280 0.0000000000
106162  -50.484  19.021  36.957 0.0000000000
105376  -51.614  17.777  33.635 0.0000000000
103765  -51.194  16.391  35.381 0.0000000000
104543  -49.509  16.856  33.133 0.0000000000
104510  -43.910  17.915  35.726 0.0000000000
113525  -47.274  29.074  31.789 0.0000000000
112819  -48.025  28.401  34.005 0.0000000000
110690  -46.318  26.008  30.560 0.0000000000
107729  -44.798  21.715  29.634 0.0000000000
105443  -46.922  19.081  28.440 0.0000000000
104577  -47.305  17.576  31.183 0.0000000000
104601  -44.614  17.714  29.852 0.0000000000
105411  -42.035  18.525  31.710 0.0000000000
98929  -49.950  10.495  45.346 0.0000000000
100718  -51.317  12.399  45.105 0.0000000000
102179  -52.011  14.781  43.798 0.0000000000
117687  -44.978  37.213  41.725 0.0000000000
116539  -45.096  35.163  39.526 0.0000000000
115348  -44.819  32.528  37.521 0.0000000000
113483  -44.521  29.655  34.597 0.0000000000
112864  -44.476  27.971  31.565 0.0000000000
112899  -44.375  27.987  27.583 0.0000000000
113603  -44.057  29.126  25.465 0.0000000000
115468  -44.749  31.765  26.334 0.0000000000
103655  -48.750  17.095  42.965 0.0000000000
104423  -51.189  17.623  43.532 0.0000000000
104447  -51.974  16.933  41.857 0.0000000000
110601  -47.366  25.149  38.048 0.0000000000
110631  -49.041  25.462  35.626 0.0000000000
109067  -47.888  23.657  37.284 0.0000000000
108348  -47.444  22.806  40.282 0.0000000000
106898  -48.996  20.161  40.223 0.0000000000
105320  -51.632  18.408  39.589 0.0000000000
102918  -53.294  15.313  39.148 0.0000000000
102933  -51.503  15.387  38.209 0.0000000000
102931  -49.407  15.764  38.563 0.0000000000
102910  -46.436  15.469  39.346 0.0000000000
104523  -46.410  18.073  34.085 0.0000000000
104479  -45.454  17.280  37.238 0.0000000000
102907  -43.634  15.064  39.405 0.0000000000
100736  -53.295  12.484  41.874 0.0000000000
99908  -53.290  11.827  40.650 0.0000000000
101505  -53.250  13.704  39.943 0.0000000000
111506  -42.997  26.118  25.177 0.0000000000
109923  -42.810  24.380  25.141 0.0000000000
109914  -41.733  24.161  25.887 0.0000000000
108436  -41.499  22.524  27.246 0.0000000000
109032  -47.729  23.988  41.854 0.0000000000
114749  -47.568  31.751  37.968 0.0000000000
106218  -48.944  18.859  31.033 0.0000000000
106209  -48.026  19.612  32.660 0.0000000000
106211  -49.546  18.681  31.710 0.0000000000
105374  -50.508  18.689  33.735 0.0000000000
105406  -50.589  17.817  32.030 0.0000000000
103788  -50.561  16.823  32.698 0.0000000000
104561  -49.471  17.079  32.289 0.0000000000
112211  -47.537  26.930  29.570 0.0000000000
111443  -47.552  27.376  31.310 0.0000000000
110720  -47.362  25.844  29.225 0.0000000000
108446  -43.339  22.174  26.986 0.0000000000
108430  -43.607  22.519  28.421 0.0000000000
107749  -44.544  21.120  28.279 0.0000000000
106974  -45.965  20.522  29.009 0.0000000000
105449  -45.446  19.459  27.878 0.0000000000
105431  -45.865  18.086  28.669 0.0000000000
106244  -43.926  19.225  28.101 0.0000000000
106224  -42.933  19.379  30.416 0.0000000000
102149  -49.630  13.667  45.226 0.0000000000
100713  -50.244  12.541  46.009 0.0000000000
101461  -50.771  13.363  45.143 0.0000000000
101463  -52.042  13.235  44.109 0.0000000000
102846  -51.230  14.567  44.348 0.0000000000
117120  -42.223  36.164  39.226 0.0000000000
117707  -44.022  36.892  39.831 0.0000000000
117136  -43.396  35.122  38.858 0.0000000000
115936  -44.401  33.709  38.425 0.0000000000
115943  -42.878  33.282  38.118 0.0000000000
114120  -41.652  30.308  35.344 0.0000000000
114121  -42.589  30.367  35.618 0.0000000000
113481  -42.441  29.689  34.621 0.0000000000
112831  -44.404  28.547  33.090 0.0000000000
112830  -43.248  28.747  32.951 0.0000000000
114191  -43.667  30.438  28.837 0.0000000000
113545  -43.352  29.579  29.417 0.0000000000
113572  -44.089  29.474  27.516 0.0000000000
113583  -44.420  29.053  25.995 0.0000000000
114235  -44.405  30.326  26.119 0.0000000000
114234  -44.019  30.465  25.627 0.0000000000
114849  -45.028  31.437  27.071 0.0000000000
106111  -44.073  19.640  41.945 0.0000000000
104432  -43.873  17.767  42.320 0.0000000000
105296  -45.661  18.438  42.340 0.0000000000
103672  -46.824  16.583  42.615 0.0000000000
105297  -46.912  18.682  42.503 0.0000000000
106852  -50.161  20.853  43.483 0.0000000000
105286  -50.213  18.925  43.397 0.0000000000
106105  -51.225  19.594  43.213 0.0000000000
104437  -51.585  17.396  43.017 0.0000000000
105307  -51.632  18.675  41.885 0.0000000000
112790  -47.351  28.159  37.880 0.0000000000
112110  -46.092  27.327  37.639 0.0000000000
111376  -47.535  26.622  37.612 0.0000000000
111416  -45.843  26.202  33.549 0.0000000000
112132  -48.421  26.632  35.387 0.0000000000
110638  -46.673  25.251  34.674 0.0000000000
106925  -46.473  20.835  35.969 0.0000000000
108376  -46.683  22.797  35.996 0.0000000000
108370  -46.590  22.502  36.967 0.0000000000
108363  -47.241  23.225  38.095 0.0000000000
107673  -46.550  21.635  38.521 0.0000000000
106886  -47.672  21.036  40.457 0.0000000000
106149  -47.774  20.164  39.078 0.0000000000
105334  -51.797  18.331  37.012 0.0000000000
106153  -51.133  18.786  37.612 0.0000000000
105328  -52.406  17.708  37.564 0.0000000000
104461  -52.293  17.296  39.829 0.0000000000
103743  -53.049  16.190  37.512 0.0000000000
102935  -53.002  15.256  38.425 0.0000000000
102952  -52.642  15.861  37.212 0.0000000000
103763  -49.283  16.783  35.741 0.0000000000
103740  -50.039  16.152  37.382 0.0000000000
103739  -48.887  16.526  37.342 0.0000000000
102911  -47.636  15.572  39.203 0.0000000000
103737  -46.685  16.795  37.962 0.0000000000
104558  -45.566  17.765  32.280 0.0000000000
104559  -46.734  17.719  32.236 0.0000000000
105391  -45.361  18.216  33.777 0.0000000000
104477  -43.471  17.342  37.208 0.0000000000
104494  -44.193  17.606  36.433 0.0000000000
103734  -43.710  16.862  37.883 0.0000000000
102926  -44.240  15.740  39.054 0.0000000000
102925  -43.283  15.756  39.035 0.0000000000
102219  -42.049  14.221  39.607 0.0000000000
98940  -52.366  10.370  42.959 0.0000000000
101502  -50.613  13.250  40.353 0.0000000000
111501  -45.688  25.821  26.395 0.0000000000
110724  -45.852  24.892  27.330 0.0000000000
109925  -44.059  24.400  25.687 0.0000000000
109162  -43.137  23.403  25.982 0.0000000000
106999  -43.071  21.045  26.829 0.0000000000
106254  -43.290  19.865  27.758 0.0000000000
107747  -42.346  21.222  27.499 0.0000000000
99833  -48.416  12.313  46.554 0.0000000000
101443  -47.986  13.145  46.582 0.0000000000
102177  -49.078  14.387  44.066 0.0000000000
117133  -40.310  35.751  38.906 0.0000000000
114167  -42.129  30.202  31.852 0.0000000000
115410  -44.443  32.574  29.241 0.0000000000
115411  -45.170  32.662  28.492 0.0000000000
106863  -47.879  20.943  42.993 0.0000000000
108320  -49.095  22.945  43.337 0.0000000000
108335  -50.404  22.160  42.976 0.0000000000
112780  -49.861  28.471  38.242 0.0000000000
108399  -46.185  22.018  31.943 0.0000000000
109097  -46.077  23.153  33.460 0.0000000000
107706  -46.406  21.511  33.319 0.0000000000
106935  -47.119  20.039  34.340 0.0000000000
106191  -47.929  19.577  34.955 0.0000000000
106170  -48.731  19.444  36.725 0.0000000000
106182  -49.869  19.142  35.126 0.0000000000
105357  -51.175  18.661  35.096 0.0000000000
104515  -52.365  17.060  34.897 0.0000000000
103766  -52.137  16.439  35.332 0.0000000000
103773  -51.465  16.547  34.265 0.0000000000
103772  -50.528  16.537  34.540 0.0000000000
103770  -48.877  17.020  35.274 0.0000000000
105371  -44.125  18.339  34.423 0.0000000000
109797  -45.140  24.695  38.868 0.0000000000
114156  -47.623  30.288  33.607 0.0000000000
114146  -48.456  30.040  34.186 0.0000000000
112853  -48.320  28.867  32.773 0.0000000000
111442  -46.939  27.006  31.794 0.0000000000
109854  -44.462  25.056  32.089 0.0000000000
109890  -44.547  24.687  28.861 0.0000000000
109130  -44.007  23.238  30.009 0.0000000000
109118  -44.797  23.032  31.464 0.0000000000
107731  -46.029  21.302  30.159 0.0000000000
106976  -47.274  20.102  29.553 0.0000000000
104605  -48.677  18.079  29.536 0.0000000000
104592  -48.692  17.657  30.119 0.0000000000
104603  -46.790  17.784  29.372 0.0000000000
104589  -45.351  17.598  30.521 0.0000000000
104588  -44.290  17.584  30.755 0.0000000000
106225  -43.416  18.958  29.723 0.0000000000
104587  -43.228  17.681  30.944 0.0000000000
99852  -49.811  11.992  46.247 0.0000000000
98913  -50.880  11.177  45.453 0.0000000000
98932  -52.095  11.004  44.260 0.0000000000
99872  -52.259  11.653  44.006 0.0000000000
101469  -52.492  13.268  43.336 0.0000000000
101480  -52.945  13.373  42.304 0.0000000000
117102  -46.132  35.900  42.293 0.0000000000
117709  -45.804  36.689  40.442 0.0000000000
116534  -46.890  34.714  41.007 0.0000000000
115923  -46.193  34.213  39.664 0.0000000000
115337  -46.091  32.903  38.540 0.0000000000
114759  -45.555  31.894  36.802 0.0000000000
115345  -41.479  32.461  37.628 0.0000000000
114746  -42.909  32.018  37.043 0.0000000000
114103  -44.626  31.154  36.014 0.0000000000
114143  -45.806  30.325  34.637 0.0000000000
113501  -45.906  29.438  33.477 0.0000000000
112865  -45.634  28.102  31.557 0.0000000000
112209  -45.743  27.291  29.476 0.0000000000
113524  -42.871  29.111  31.099 0.0000000000
112222  -43.986  27.893  28.971 0.0000000000
112238  -45.686  26.661  27.340 0.0000000000
112249  -44.884  27.160  26.501 0.0000000000
112262  -44.323  27.288  25.523 0.0000000000
113582  -43.059  29.328  25.710 0.0000000000
114233  -43.477  30.364  25.847 0.0000000000
115412  -45.749  33.082  28.062 0.0000000000
102879  -47.807  15.528  42.912 0.0000000000
102860  -50.008  15.269  43.816 0.0000000000
105284  -48.754  19.279  43.022 0.0000000000
104421  -49.597  18.009  43.212 0.0000000000
102861  -50.869  15.593  44.006 0.0000000000
103658  -51.500  16.426  43.534 0.0000000000
103675  -52.118  16.025  43.008 0.0000000000
102889  -52.840  15.153  41.142 0.0000000000
109798  -46.117  24.682  38.895 0.0000000000
112811  -49.082  28.494  35.425 0.0000000000
112134  -49.546  27.694  36.029 0.0000000000
110615  -50.105  26.343  37.138 0.0000000000
109090  -47.086  23.848  35.086 0.0000000000
109824  -48.768  24.608  35.878 0.0000000000
109808  -49.129  24.930  37.462 0.0000000000
109801  -48.335  24.816  37.738 0.0000000000
109053  -47.542  23.725  39.348 0.0000000000
109046  -47.453  23.666  40.602 0.0000000000
108338  -47.861  23.156  41.513 0.0000000000
107648  -48.675  21.781  41.738 0.0000000000
106889  -50.250  20.382  41.071 0.0000000000
106151  -49.366  19.453  38.568 0.0000000000
106143  -50.126  19.437  39.388 0.0000000000
105314  -51.584  18.776  40.822 0.0000000000
104454  -51.818  17.906  41.028 0.0000000000
103693  -52.616  16.164  40.501 0.0000000000
102213  -53.332  14.661  40.427 0.0000000000
101518  -53.129  14.261  39.481 0.0000000000
102229  -52.201  14.412  39.246 0.0000000000
102227  -50.386  14.667  39.593 0.0000000000
103742  -51.630  15.846  37.108 0.0000000000
102932  -50.432  15.699  38.181 0.0000000000
102226  -49.343  14.745  39.755 0.0000000000
102225  -48.246  14.726  39.764 0.0000000000
102224  -47.121  14.505  39.760 0.0000000000
104560  -48.030  17.452  32.238 0.0000000000
104524  -47.316  17.625  34.439 0.0000000000
104513  -47.261  17.518  35.601 0.0000000000
105356  -45.214  18.289  35.001 0.0000000000
104495  -45.221  17.649  36.393 0.0000000000
104480  -46.422  17.191  37.307 0.0000000000
103736  -45.688  16.826  38.011 0.0000000000
102908  -44.573  15.055  39.341 0.0000000000
101481  -53.377  13.101  41.499 0.0000000000
100749  -53.474  12.541  41.037 0.0000000000
100763  -53.089  12.721  40.367 0.0000000000
110731  -42.545  25.658  25.508 0.0000000000
110738  -42.130  24.608  25.569 0.0000000000
110730  -42.075  25.222  26.003 0.0000000000
109748  -47.101  24.394  42.241 0.0000000000
109756  -47.005  24.378  41.455 0.0000000000
114769  -47.421  31.216  35.807 0.0000000000
114761  -47.941  31.245  36.728 0.0000000000
114104  -48.330  30.828  35.909 0.0000000000
105420  -49.055  18.538  30.425 0.0000000000
106219  -49.423  18.561  31.251 0.0000000000
105405  -50.251  18.435  32.231 0.0000000000
105414  -50.230  17.893  31.480 0.0000000000
104562  -50.426  17.294  31.998 0.0000000000
104579  -49.531  17.612  31.127 0.0000000000
112225  -47.021  26.703  28.825 0.0000000000
111470  -47.584  26.439  29.576 0.0000000000
111481  -47.148  26.155  28.531 0.0000000000
107748  -43.934  21.410  27.793 0.0000000000
106993  -44.733  20.511  27.826 0.0000000000
106257  -45.364  19.995  27.888 0.0000000000
106256  -44.700  19.785  27.596 0.0000000000
105448  -45.113  19.162  27.798 0.0000000000
106255  -43.853  19.750  27.397 0.0000000000
98909  -48.206  11.469  45.661 0.0000000000
102150  -50.232  13.627  45.172 0.0000000000
102164  -50.859  13.979  44.771 0.0000000000
102845  -50.869  14.786  44.312 0.0000000000
117134  -41.511  35.475  38.859 0.0000000000
117135  -42.568  35.324  38.848 0.0000000000
116552  -42.913  34.510  38.594 0.0000000000
115935  -43.332  33.791  38.382 0.0000000000
115934  -42.398  33.732  38.364 0.0000000000
114154  -40.710  30.962  33.899 0.0000000000
114119  -40.661  30.639  35.197 0.0000000000
114141  -41.100  30.392  34.465 0.0000000000
113480  -41.806  29.990  34.818 0.0000000000
113498  -42.633  29.337  33.723 0.0000000000
114832  -44.161  30.904  28.389 0.0000000000
114205  -43.985  30.371  28.231 0.0000000000
114206  -44.366  30.669  27.898 0.0000000000
113573  -44.421  29.384  26.757 0.0000000000
114220  -44.553  30.418  27.227 0.0000000000
106860  -44.459  20.606  42.014 0.0000000000
106112  -45.140  19.591  42.094 0.0000000000
106113  -46.295  19.658  42.340 0.0000000000
106853  -50.887  20.649  43.141 0.0000000000
106104  -50.619  19.825  43.463 0.0000000000
106854  -51.345  20.071  42.924 0.0000000000
106116  -51.484  19.502  42.570 0.0000000000
112792  -48.847  28.305  38.346 0.0000000000
112791  -48.296  28.242  38.127 0.0000000000
112112  -48.002  27.487  37.734 0.0000000000
111377  -48.521  26.667  37.743 0.0000000000
109842  -45.372  24.686  33.429 0.0000000000
110650  -45.939  25.088  34.099 0.0000000000
106916  -46.459  20.841  37.048 0.0000000000
107687  -46.298  21.738  36.485 0.0000000000
107680  -46.364  21.676  37.520 0.0000000000
106909  -46.543  20.860  38.099 0.0000000000
106904  -47.205  20.445  38.632 0.0000000000
105335  -52.373  17.731  36.395 0.0000000000
104467  -52.795  16.859  38.256 0.0000000000
103756  -52.644  16.193  36.523 0.0000000000
103752  -48.562  16.919  36.503 0.0000000000
103738  -47.741  16.820  37.437 0.0000000000
104557  -44.516  17.760  32.345 0.0000000000
104539  -45.033  17.986  33.079 0.0000000000
103733  -42.731  16.970  37.926 0.0000000000
103716  -43.963  16.310  38.500 0.0000000000
102924  -42.279  15.795  39.059 0.0000000000
98941  -52.963  10.744  42.330 0.0000000000
100761  -51.345  12.411  40.348 0.0000000000
101503  -51.730  13.410  40.186 0.0000000000
111509  -45.124  25.529  25.765 0.0000000000
110742  -45.035  25.080  25.812 0.0000000000
110741  -44.439  24.929  25.353 0.0000000000
108465  -42.243  23.190  25.682 0.0000000000
109169  -43.031  23.716  25.589 0.0000000000
108455  -42.293  22.658  26.052 0.0000000000
107767  -42.743  21.836  26.536 0.0000000000
107766  -42.246  22.008  26.520 0.0000000000
107756  -42.539  21.353  26.854 0.0000000000
107755  -41.900  21.786  26.940 0.0000000000
108428  -41.506  22.335  28.304 0.0000000000
101442  -46.976  13.225  46.749 0.0000000000
101460  -49.011  13.639  45.316 0.0000000000
115401  -43.600  32.498  30.120 0.0000000000
116006  -44.320  33.191  29.828 0.0000000000
115988  -43.928  33.596  30.408 0.0000000000
109006  -48.283  23.771  43.343 0.0000000000
108319  -48.080  23.157  43.648 0.0000000000
108321  -50.045  22.285  43.330 0.0000000000
108334  -49.769  22.608  42.936 0.0000000000
115925  -47.616  33.113  40.271 0.0000000000
113442  -50.086  29.154  37.890 0.0000000000
107719  -46.701  21.190  31.151 0.0000000000
107711  -46.639  21.281  32.245 0.0000000000
106943  -47.216  20.110  33.239 0.0000000000
106200  -47.978  19.530  33.804 0.0000000000
106181  -48.854  19.388  35.601 0.0000000000
106192  -48.950  19.278  34.451 0.0000000000
105394  -51.012  18.287  32.864 0.0000000000
105375  -50.939  18.633  33.991 0.0000000000
105358  -51.726  18.212  34.689 0.0000000000
105359  -52.104  17.543  34.443 0.0000000000
103774  -52.106  16.773  34.447 0.0000000000
104526  -51.818  17.048  33.773 0.0000000000
103787  -50.046  16.740  33.047 0.0000000000
103780  -50.662  16.593  33.548 0.0000000000
103779  -49.749  16.745  33.846 0.0000000000
103771  -49.625  16.714  34.880 0.0000000000
103778  -49.033  16.951  34.464 0.0000000000
113514  -47.409  29.454  32.298 0.0000000000
113503  -47.960  29.898  32.941 0.0000000000
112852  -48.190  28.703  32.104 0.0000000000
111456  -47.235  26.552  30.941 0.0000000000
111455  -46.510  26.531  31.414 0.0000000000
110674  -45.697  26.253  31.692 0.0000000000
110673  -45.039  25.685  31.283 0.0000000000
109909  -44.601  24.452  27.088 0.0000000000
109901  -45.463  24.865  27.651 0.0000000000
109899  -43.996  24.110  27.767 0.0000000000
108431  -44.092  21.921  28.931 0.0000000000
109138  -43.776  22.813  29.216 0.0000000000
109117  -44.240  23.683  30.862 0.0000000000
108409  -44.600  22.659  30.650 0.0000000000
108423  -45.628  21.844  30.690 0.0000000000
107730  -45.144  21.557  29.763 0.0000000000
106247  -46.824  19.764  28.833 0.0000000000
106236  -47.080  19.918  29.166 0.0000000000
105444  -47.370  19.322  28.876 0.0000000000
106238  -48.326  19.086  29.689 0.0000000000
105433  -47.843  18.673  28.986 0.0000000000
104604  -47.857  17.885  29.322 0.0000000000
105432  -46.905  18.365  28.762 0.0000000000
105430  -44.832  18.030  28.950 0.0000000000
104602  -45.666  17.690  29.546 0.0000000000
106243  -43.191  19.761  28.506 0.0000000000
106234  -43.133  19.688  29.429 0.0000000000
106216  -42.291  19.411  31.374 0.0000000000
105418  -42.663  18.495  30.998 0.0000000000
100709  -49.231  12.789  46.520 0.0000000000
99834  -49.131  12.358  46.571 0.0000000000
99835  -49.498  12.476  46.454 0.0000000000
100714  -50.793  12.442  45.601 0.0000000000
99853  -50.567  11.838  45.802 0.0000000000
99866  -51.179  11.691  45.342 0.0000000000
98931  -51.473  10.729  44.818 0.0000000000
99867  -51.762  11.630  44.758 0.0000000000
100719  -51.904  12.434  44.493 0.0000000000
102166  -52.183  13.763  43.759 0.0000000000
102180  -52.386  14.292  43.195 0.0000000000
117673  -44.700  36.553  42.029 0.0000000000
117674  -45.462  36.515  42.061 0.0000000000
117101  -45.221  35.820  42.342 0.0000000000
117688  -45.924  36.869  41.672 0.0000000000
118310  -42.509  38.385  40.235 0.0000000000
118333  -43.550  37.813  40.006 0.0000000000
117122  -44.606  36.039  39.639 0.0000000000
117708  -45.100  36.901  40.184 0.0000000000
117123  -45.636  35.925  40.042 0.0000000000
117115  -46.498  35.911  40.983 0.0000000000
116533  -46.291  35.392  40.485 0.0000000000
116541  -46.493  34.705  40.384 0.0000000000
116540  -45.957  34.729  39.851 0.0000000000
115945  -44.354  32.954  37.879 0.0000000000
115336  -45.176  33.058  38.183 0.0000000000
115349  -45.705  32.383  37.616 0.0000000000
114747  -45.872  32.117  37.238 0.0000000000
115357  -45.187  32.235  37.224 0.0000000000
114745  -42.013  31.918  37.125 0.0000000000
113467  -43.879  29.960  35.151 0.0000000000
114102  -44.040  31.036  36.077 0.0000000000
114123  -44.864  30.648  35.382 0.0000000000
114142  -45.174  30.062  34.752 0.0000000000
113485  -46.203  29.997  33.960 0.0000000000
113484  -45.445  29.734  34.233 0.0000000000
112849  -45.016  28.259  32.308 0.0000000000
112177  -45.026  27.766  30.959 0.0000000000
112178  -46.009  27.846  30.936 0.0000000000
112191  -45.454  27.592  30.286 0.0000000000
114175  -42.370  30.622  31.215 0.0000000000
113523  -42.604  29.598  31.434 0.0000000000
113533  -42.886  29.552  30.494 0.0000000000
112898  -43.907  28.473  28.110 0.0000000000
112888  -43.606  28.684  29.096 0.0000000000
112223  -44.723  27.490  28.507 0.0000000000
112237  -44.974  27.336  27.500 0.0000000000
112910  -44.475  28.231  26.749 0.0000000000
113604  -44.231  29.104  25.645 0.0000000000
112935  -44.211  28.541  25.630 0.0000000000
112934  -43.833  28.339  25.387 0.0000000000
112261  -43.513  27.314  25.229 0.0000000000
112933  -43.273  28.333  25.422 0.0000000000
113602  -43.679  29.172  25.445 0.0000000000
114865  -44.341  31.282  25.926 0.0000000000
114864  -43.886  30.922  25.760 0.0000000000
114847  -43.607  31.405  26.175 0.0000000000
114848  -44.051  31.820  25.907 0.0000000000
115426  -45.308  32.433  27.553 0.0000000000
102877  -46.099  15.740  42.772 0.0000000000
104436  -47.655  17.651  42.644 0.0000000000
103673  -47.843  16.311  42.730 0.0000000000
102859  -48.665  15.497  43.257 0.0000000000
106864  -48.515  20.848  43.216 0.0000000000
106115  -48.434  20.112  43.019 0.0000000000
106102  -49.161  19.883  43.186 0.0000000000
104422  -50.443  17.803  43.493 0.0000000000
103657  -50.660  16.604  43.669 0.0000000000
103685  -51.928  16.885  42.156 0.0000000000
103674  -51.859  16.778  42.663 0.0000000000
103686  -52.246  16.289  41.894 0.0000000000
102880  -52.434  15.234  42.452 0.0000000000
111375  -46.559  26.606  37.576 0.0000000000
110599  -45.578  25.316  38.248 0.0000000000
112820  -48.500  28.854  34.357 0.0000000000
113486  -48.707  29.459  34.766 0.0000000000
112143  -48.442  28.123  34.833 0.0000000000
112133  -48.888  27.322  35.462 0.0000000000
111397  -49.648  26.672  36.133 0.0000000000
111386  -50.040  26.617  36.671 0.0000000000
110632  -49.537  25.742  36.020 0.0000000000
108388  -46.245  22.459  33.897 0.0000000000
109089  -46.554  23.571  34.489 0.0000000000
109082  -46.913  23.403  35.315 0.0000000000
109075  -47.538  23.509  36.402 0.0000000000
109084  -48.132  24.065  36.120 0.0000000000
109076  -48.426  24.099  36.612 0.0000000000
109816  -49.178  24.605  36.767 0.0000000000
109068  -48.567  24.312  37.292 0.0000000000
109061  -48.491  24.558  37.570 0.0000000000
108355  -47.440  23.143  39.062 0.0000000000
109787  -47.220  24.148  39.616 0.0000000000
106897  -48.536  20.324  40.167 0.0000000000
107661  -48.049  21.615  41.198 0.0000000000
106875  -49.148  21.136  41.427 0.0000000000
106876  -49.875  21.029  41.540 0.0000000000
106888  -49.295  20.388  40.667 0.0000000000
106171  -49.739  19.226  36.269 0.0000000000
106161  -49.545  19.265  37.410 0.0000000000
105327  -51.759  18.369  38.206 0.0000000000
106144  -51.018  18.975  38.892 0.0000000000
106135  -50.961  19.679  40.495 0.0000000000
104460  -51.768  18.088  40.305 0.0000000000
103704  -53.093  16.004  39.157 0.0000000000
102917  -53.212  15.522  39.365 0.0000000000
102897  -53.220  15.292  39.864 0.0000000000
102898  -53.359  14.950  39.464 0.0000000000
102214  -53.380  14.507  39.776 0.0000000000
102231  -53.213  14.725  39.192 0.0000000000
102934  -52.405  15.139  38.371 0.0000000000
102235  -52.545  14.695  38.828 0.0000000000
102915  -51.766  14.867  38.790 0.0000000000
102228  -51.323  14.546  39.392 0.0000000000
102914  -50.901  15.154  38.931 0.0000000000
103755  -51.794  15.987  36.452 0.0000000000
103754  -50.708  16.343  36.379 0.0000000000
103722  -49.742  15.962  38.051 0.0000000000
102913  -49.888  15.324  39.114 0.0000000000
102912  -48.827  15.402  39.241 0.0000000000
103703  -46.974  15.861  39.087 0.0000000000
102223  -46.011  14.413  39.608 0.0000000000
102909  -45.467  15.117  39.364 0.0000000000
104578  -48.529  17.438  31.106 0.0000000000
104541  -47.221  17.706  33.284 0.0000000000
105354  -43.629  18.238  35.087 0.0000000000
105355  -44.459  18.269  35.082 0.0000000000
104478  -44.453  17.294  37.198 0.0000000000
104496  -46.300  17.512  36.425 0.0000000000
99879  -53.197  11.685  42.211 0.0000000000
99892  -53.431  11.777  41.366 0.0000000000
99907  -52.849  11.740  40.188 0.0000000000
111521  -43.363  25.529  24.870 0.0000000000
110752  -43.492  24.885  24.887 0.0000000000
110751  -42.993  24.978  24.828 0.0000000000
109922  -42.170  24.166  25.371 0.0000000000
109160  -41.883  23.315  25.750 0.0000000000
109154  -41.469  23.377  26.569 0.0000000000
109022  -47.788  24.234  42.846 0.0000000000
109023  -48.518  23.751  42.809 0.0000000000
115351  -47.159  32.251  38.476 0.0000000000
114088  -49.294  30.462  37.159 0.0000000000
106226  -48.050  19.721  30.479 0.0000000000
106950  -47.289  20.422  32.138 0.0000000000
106217  -48.095  19.722  31.552 0.0000000000
106210  -48.922  19.181  32.137 0.0000000000
106193  -50.065  18.836  33.956 0.0000000000
106202  -49.723  18.805  32.748 0.0000000000
105395  -51.191  17.697  32.639 0.0000000000
104544  -51.406  17.263  32.979 0.0000000000
104563  -51.022  17.407  32.358 0.0000000000
112877  -47.477  28.184  30.929 0.0000000000
112867  -47.718  28.385  31.286 0.0000000000
112193  -47.506  27.655  30.570 0.0000000000
110691  -47.431  26.154  30.161 0.0000000000
110704  -46.089  25.525  29.379 0.0000000000
109155  -43.281  23.098  26.829 0.0000000000
109147  -43.452  23.246  27.689 0.0000000000
108437  -43.595  22.019  27.713 0.0000000000
108438  -43.866  21.820  28.348 0.0000000000
107739  -44.769  21.527  29.277 0.0000000000
107740  -45.562  20.880  29.191 0.0000000000
107750  -45.259  20.746  28.646 0.0000000000
106246  -46.066  19.586  28.197 0.0000000000
105442  -45.908  18.881  28.202 0.0000000000
105441  -44.902  18.616  28.126 0.0000000000
105440  -44.240  18.615  28.680 0.0000000000
106963  -42.766  20.412  29.957 0.0000000000
98911  -49.522  11.227  45.774 0.0000000000
101452  -49.807  13.335  45.724 0.0000000000
101446  -49.970  13.014  46.062 0.0000000000
101453  -50.415  13.133  45.590 0.0000000000
101454  -50.913  12.935  45.302 0.0000000000
101462  -51.355  13.238  44.793 0.0000000000
102165  -51.722  14.170  44.179 0.0000000000
118295  -45.114  37.840  41.358 0.0000000000
117705  -41.787  36.993  39.530 0.0000000000
117706  -42.907  36.956  39.627 0.0000000000
117121  -43.414  35.956  39.323 0.0000000000
116538  -44.198  35.222  39.151 0.0000000000
116554  -44.765  34.493  39.061 0.0000000000
116553  -43.842  34.488  38.695 0.0000000000
115944  -43.569  33.129  37.960 0.0000000000
114098  -40.164  30.941  35.807 0.0000000000
114100  -42.067  30.783  36.094 0.0000000000
113466  -43.004  29.907  35.199 0.0000000000
113482  -43.378  29.507  34.582 0.0000000000
113500  -44.962  29.105  33.775 0.0000000000
113499  -43.843  29.030  33.862 0.0000000000
112848  -43.850  28.278  32.213 0.0000000000
114182  -43.180  30.542  29.689 0.0000000000
113559  -43.737  29.599  28.392 0.0000000000
112909  -44.240  28.715  27.295 0.0000000000
114258  -44.233  29.506  25.675 0.0000000000
114257  -44.068  29.784  25.502 0.0000000000
114866  -44.589  31.287  26.266 0.0000000000
107634  -43.982  21.616  42.415 0.0000000000
106874  -43.965  20.506  41.922 0.0000000000
105295  -44.516  18.614  42.190 0.0000000000
103671  -45.828  16.654  42.610 0.0000000000
104435  -46.403  17.565  42.530 0.0000000000
106103  -49.860  19.946  43.328 0.0000000000
105287  -50.985  18.757  43.606 0.0000000000
105299  -51.498  18.480  42.933 0.0000000000
104446  -51.780  17.527  42.122 0.0000000000
112789  -46.379  28.003  37.777 0.0000000000
110611  -47.023  25.831  37.695 0.0000000000
112152  -46.959  27.361  33.875 0.0000000000
112142  -47.806  27.420  34.744 0.0000000000
112141  -47.109  26.683  34.626 0.0000000000
111405  -46.970  25.970  34.898 0.0000000000
110639  -47.469  25.303  35.166 0.0000000000
107695  -46.293  21.741  35.420 0.0000000000
108377  -46.946  23.008  36.645 0.0000000000
108371  -47.122  23.097  37.221 0.0000000000
108354  -46.899  22.424  38.960 0.0000000000
107659  -46.970  22.091  39.890 0.0000000000
107660  -47.509  21.584  40.563 0.0000000000
107668  -47.141  21.434  39.944 0.0000000000
106140  -47.791  20.319  39.457 0.0000000000
106141  -48.176  20.150  39.528 0.0000000000
106163  -51.201  18.725  36.542 0.0000000000
105321  -52.250  17.768  38.672 0.0000000000
103724  -53.239  15.775  38.495 0.0000000000
102936  -53.181  15.430  38.657 0.0000000000
103744  -53.233  16.005  37.867 0.0000000000
102944  -52.869  15.621  37.839 0.0000000000
102943  -52.117  15.599  37.401 0.0000000000
103764  -50.186  16.512  35.538 0.0000000000
103753  -49.615  16.529  36.466 0.0000000000
103721  -49.138  16.187  38.061 0.0000000000
102930  -48.502  15.909  38.665 0.0000000000
103720  -48.221  16.338  38.151 0.0000000000
103719  -47.216  16.254  38.581 0.0000000000
103702  -46.653  16.026  39.045 0.0000000000
104576  -46.082  17.618  31.319 0.0000000000
104540  -46.049  18.028  33.214 0.0000000000
105392  -45.891  18.234  33.862 0.0000000000
104493  -43.230  17.632  36.436 0.0000000000
103735  -44.689  16.819  37.909 0.0000000000
102220  -43.068  14.259  39.465 0.0000000000
102906  -42.643  15.070  39.443 0.0000000000
111491  -46.218  26.130  27.068 0.0000000000
111492  -46.736  25.810  27.730 0.0000000000
111502  -46.216  25.500  26.982 0.0000000000
109917  -45.010  24.665  26.693 0.0000000000
109916  -44.547  24.510  26.218 0.0000000000
109924  -43.449  24.273  25.362 0.0000000000
109915  -43.666  24.003  26.131 0.0000000000
108457  -43.082  22.660  26.486 0.0000000000
107000  -43.275  21.296  26.910 0.0000000000
106991  -43.028  20.505  27.223 0.0000000000
106982  -42.719  20.496  28.016 0.0000000000
107746  -41.755  21.798  27.741 0.0000000000
107738  -42.112  21.480  28.478 0.0000000000
99850  -48.284  11.839  46.121 0.0000000000
100707  -47.734  12.764  46.759 0.0000000000
100708  -48.574  12.771  46.647 0.0000000000
101444  -48.783  13.143  46.393 0.0000000000
101449  -47.532  13.402  46.409 0.0000000000
101450  -48.222  13.443  46.127 0.0000000000
101451  -49.079  13.394  45.831 0.0000000000
102162  -49.359  13.969  44.731 0.0000000000
102178  -49.708  14.445  44.271 0.0000000000
117119  -41.176  36.277  39.198 0.0000000000
116550  -40.868  34.694  38.571 0.0000000000
114811  -42.628  31.485  30.768 0.0000000000
114812  -43.130  31.462  30.087 0.0000000000
114820  -43.888  31.529  29.068 0.0000000000
114821  -44.568  32.082  28.640 0.0000000000
116007  -45.064  33.455  29.428 0.0000000000
107627  -48.634  22.118  43.575 0.0000000000
107628  -49.670  21.877  43.596 0.0000000000
108322  -50.404  21.949  43.223 0.0000000000
107630  -50.650  21.558  43.015 0.0000000000
112779  -49.287  28.517  38.457 0.0000000000
112097  -49.609  28.072  38.216 0.0000000000
109106  -45.755  22.811  32.594 0.0000000000
109843  -45.977  24.101  33.865 0.0000000000
108393  -46.187  22.196  32.896 0.0000000000
106942  -46.615  20.761  33.808 0.0000000000
107701  -46.306  21.641  34.350 0.0000000000
106934  -46.539  20.807  34.877 0.0000000000
106926  -47.083  20.109  35.461 0.0000000000
106917  -47.060  20.186  36.560 0.0000000000
106169  -47.807  19.769  37.171 0.0000000000
106180  -47.873  19.681  36.080 0.0000000000
106183  -50.595  18.852  34.702 0.0000000000
106172  -50.818  18.887  35.795 0.0000000000
105343  -51.578  18.444  35.826 0.0000000000
105344  -52.267  17.700  35.317 0.0000000000
104499  -52.599  16.987  35.854 0.0000000000
103781  -51.284  16.748  33.210 0.0000000000
104514  -48.176  17.219  35.895 0.0000000000
105389  -43.724  18.244  33.786 0.0000000000
105370  -43.325  18.314  34.436 0.0000000000
104509  -43.007  17.942  35.686 0.0000000000
104476  -42.486  17.392  37.188 0.0000000000
103714  -41.992  16.391  38.491 0.0000000000
114144  -46.927  30.607  34.285 0.0000000000
114145  -47.998  30.515  34.245 0.0000000000
114157  -48.213  30.140  33.684 0.0000000000
113504  -48.406  29.596  33.709 0.0000000000
112835  -48.055  28.524  32.981 0.0000000000
112179  -47.885  28.045  31.453 0.0000000000
112165  -47.782  27.979  32.316 0.0000000000
112164  -47.253  27.641  32.938 0.0000000000
111429  -46.533  27.214  32.883 0.0000000000
110648  -45.218  25.745  32.807 0.0000000000
109855  -44.795  24.298  32.735 0.0000000000
110719  -46.960  25.527  28.640 0.0000000000
110703  -45.060  25.171  29.144 0.0000000000
109137  -43.670  23.492  28.502 0.0000000000
109882  -44.182  24.314  29.131 0.0000000000
110689  -45.090  25.428  30.176 0.0000000000
109869  -44.377  24.801  31.031 0.0000000000
109104  -44.427  23.992  31.833 0.0000000000
109105  -45.069  23.340  32.314 0.0000000000
108398  -45.518  22.550  31.759 0.0000000000
108411  -45.922  21.872  31.124 0.0000000000
106955  -46.988  20.866  30.847 0.0000000000
107741  -46.084  20.831  29.584 0.0000000000
106964  -46.874  20.786  30.408 0.0000000000
106965  -47.393  20.273  29.988 0.0000000000
106227  -48.489  19.066  30.087 0.0000000000
104606  -49.080  18.112  29.761 0.0000000000
104593  -49.282  17.926  30.156 0.0000000000
104591  -47.676  17.603  30.156 0.0000000000
104590  -46.505  17.597  30.305 0.0000000000
104575  -44.949  17.628  31.473 0.0000000000
106235  -43.643  19.079  28.971 0.0000000000
105429  -43.894  18.258  29.440 0.0000000000
105419  -43.266  18.368  30.252 0.0000000000
104600  -43.792  17.777  30.184 0.0000000000
99851  -49.023  11.780  46.303 0.0000000000
98912  -50.266  11.203  45.688 0.0000000000
98930  -50.678  10.577  45.200 0.0000000000
98040  -51.402  9.904  44.035 0.0000000000
98936  -52.053  10.363  43.821 0.0000000000
98937  -52.397  10.934  43.424 0.0000000000
99878  -52.659  11.635  43.070 0.0000000000
100724  -52.385  12.441  43.666 0.0000000000
100735  -52.870  12.473  42.770 0.0000000000
101490  -53.294  13.699  41.525 0.0000000000
118313  -45.670  37.560  41.074 0.0000000000
118334  -44.446  37.561  40.223 0.0000000000
117693  -45.633  37.129  40.562 0.0000000000
118296  -45.792  37.359  41.263 0.0000000000
117689  -46.374  36.396  41.479 0.0000000000
117111  -46.707  35.669  41.536 0.0000000000
116529  -47.113  34.613  41.857 0.0000000000
115920  -47.148  34.166  40.741 0.0000000000
115924  -46.783  33.964  40.094 0.0000000000
115325  -47.253  32.923  39.567 0.0000000000
115937  -45.703  33.874  39.162 0.0000000000
115938  -46.555  33.267  39.236 0.0000000000
115338  -46.866  32.640  38.836 0.0000000000
115350  -46.629  32.334  38.120 0.0000000000
114760  -46.763  31.556  36.587 0.0000000000
114768  -46.639  31.291  35.676 0.0000000000
115933  -41.388  33.809  38.388 0.0000000000
115335  -42.449  33.188  38.074 0.0000000000
115346  -42.624  32.702  37.638 0.0000000000
115347  -43.831  32.391  37.292 0.0000000000
114101  -43.058  30.938  36.117 0.0000000000
114757  -43.573  31.618  36.635 0.0000000000
115355  -44.149  31.925  36.855 0.0000000000
114766  -45.072  31.368  36.081 0.0000000000
114767  -45.837  31.374  35.879 0.0000000000
114124  -46.186  30.884  35.168 0.0000000000
113502  -46.931  29.803  33.211 0.0000000000
112851  -46.844  29.150  32.051 0.0000000000
112832  -45.497  28.786  32.964 0.0000000000
112850  -46.077  28.673  32.135 0.0000000000
112866  -46.931  28.505  31.274 0.0000000000
112192  -46.636  27.685  30.426 0.0000000000
112210  -46.853  27.262  29.492 0.0000000000
112224  -45.938  26.891  28.468 0.0000000000
113513  -42.359  29.519  32.511 0.0000000000
112862  -42.893  28.967  31.405 0.0000000000
112175  -43.715  28.140  30.865 0.0000000000
112875  -43.376  28.698  30.052 0.0000000000
112207  -43.848  28.004  29.750 0.0000000000
112190  -44.444  27.740  30.340 0.0000000000
112208  -44.667  27.557  29.559 0.0000000000
112250  -45.530  26.412  26.613 0.0000000000
111500  -45.076  26.387  25.925 0.0000000000
112920  -44.489  28.081  26.016 0.0000000000
111507  -43.795  26.307  25.018 0.0000000000
114256  -43.698  29.851  25.566 0.0000000000
102175  -46.735  14.237  44.005 0.0000000000
102878  -47.086  15.598  42.785 0.0000000000
102858  -47.476  14.885  43.245 0.0000000000
106114  -47.408  19.855  42.660 0.0000000000
105298  -47.984  18.982  42.799 0.0000000000
104420  -48.712  18.350  42.955 0.0000000000
105285  -49.419  19.073  43.184 0.0000000000
103656  -49.749  16.722  43.362 0.0000000000
102844  -50.526  14.970  44.137 0.0000000000
102862  -51.539  15.219  43.988 0.0000000000
103659  -51.829  15.766  43.548 0.0000000000
102863  -52.121  15.262  43.414 0.0000000000
102190  -52.859  14.323  41.934 0.0000000000
102198  -53.348  14.245  41.043 0.0000000000
109786  -46.630  24.374  39.766 0.0000000000
114127  -48.596  30.244  35.136 0.0000000000
113451  -49.469  29.627  36.280 0.0000000000
112812  -49.528  28.278  36.048 0.0000000000
113453  -50.165  28.473  36.934 0.0000000000
112794  -50.242  28.104  37.228 0.0000000000
112115  -50.203  27.533  37.424 0.0000000000
111379  -49.972  26.805  37.472 0.0000000000
109832  -46.469  24.480  34.433 0.0000000000
109833  -47.119  24.443  35.009 0.0000000000
109823  -47.906  24.717  35.420 0.0000000000
109074  -47.202  23.430  35.816 0.0000000000
109083  -47.642  23.977  35.599 0.0000000000
109825  -49.366  25.163  35.891 0.0000000000
109817  -49.559  25.132  36.348 0.0000000000
110614  -49.686  25.901  37.381 0.0000000000
111378  -49.387  26.708  37.760 0.0000000000
110613  -48.811  25.695  37.731 0.0000000000
110612  -47.940  25.836  37.749 0.0000000000
109060  -47.856  24.032  38.052 0.0000000000
109800  -47.537  24.449  38.370 0.0000000000
109799  -46.934  24.642  38.806 0.0000000000
109771  -47.121  24.183  40.706 0.0000000000
109033  -48.347  23.390  42.315 0.0000000000
107647  -47.935  22.260  41.346 0.0000000000
108339  -48.525  22.693  42.129 0.0000000000
107639  -49.322  22.349  42.433 0.0000000000
107640  -50.065  22.098  42.487 0.0000000000
107650  -50.152  21.507  42.121 0.0000000000
106878  -51.077  20.410  41.702 0.0000000000
106160  -48.601  19.556  37.819 0.0000000000
106150  -48.455  19.789  38.839 0.0000000000
106142  -49.145  19.902  39.793 0.0000000000
106152  -50.300  19.127  38.133 0.0000000000
106134  -49.886  19.910  40.328 0.0000000000
106890  -50.739  20.390  41.295 0.0000000000
106126  -51.446  19.625  41.665 0.0000000000
104455  -52.089  17.020  41.205 0.0000000000
102199  -53.455  14.093  40.363 0.0000000000
101517  -52.759  13.984  39.550 0.0000000000
102236  -52.920  14.822  38.738 0.0000000000
102230  -52.831  14.455  39.132 0.0000000000
101516  -52.250  13.885  39.790 0.0000000000
102212  -51.720  14.113  39.787 0.0000000000
102211  -50.965  14.065  40.019 0.0000000000
102951  -52.356  15.830  36.869 0.0000000000
102942  -51.276  15.769  37.582 0.0000000000
102941  -50.725  15.970  37.570 0.0000000000
102210  -49.933  14.045  40.196 0.0000000000
102209  -48.839  14.002  40.189 0.0000000000
102208  -47.827  13.924  40.083 0.0000000000
104542  -48.602  17.176  33.544 0.0000000000
104525  -48.241  17.284  34.863 0.0000000000
105390  -44.559  18.224  33.748 0.0000000000
104511  -44.855  18.023  35.689 0.0000000000
104512  -46.069  18.003  35.292 0.0000000000
104497  -47.371  17.251  36.674 0.0000000000
104481  -47.055  17.066  37.365 0.0000000000
103718  -46.038  16.268  38.864 0.0000000000
103717  -44.941  16.305  38.598 0.0000000000
102927  -45.141  15.727  39.125 0.0000000000
102928  -45.743  15.692  39.256 0.0000000000
100710  -49.729  12.678  46.309 0.0000000000
102139  -47.089  13.469  46.430 0.0000000000
102147  -47.389  13.652  45.938 0.0000000000
102151  -50.531  13.500  45.154 0.0000000000
102237  -53.191  14.911  38.947 0.0000000000
102916  -52.250  14.752  38.781 0.0000000000
102929  -47.877  16.038  38.666 0.0000000000
102945  -53.126  15.607  38.263 0.0000000000
103705  -53.252  15.625  38.834 0.0000000000
103723  -53.217  16.155  38.251 0.0000000000
103741  -51.105  16.143  37.112 0.0000000000
103751  -47.931  17.074  36.786 0.0000000000
103762  -48.748  17.021  35.854 0.0000000000
103789  -51.072  16.998  32.520 0.0000000000
104527  -52.170  17.136  34.277 0.0000000000
104580  -50.169  17.706  31.492 0.0000000000
105342  -51.202  18.680  35.576 0.0000000000
105373  -45.664  18.270  34.408 0.0000000000
105377  -51.973  17.362  34.018 0.0000000000
105393  -50.447  18.609  33.249 0.0000000000
105407  -50.978  17.636  32.302 0.0000000000
105412  -49.264  18.511  30.793 0.0000000000
105421  -49.184  18.240  30.078 0.0000000000
105434  -48.601  18.573  29.739 0.0000000000
105435  -48.999  18.274  29.804 0.0000000000
106124  -43.688  20.131  41.895 0.0000000000
106125  -44.001  20.247  41.887 0.0000000000
106133  -49.458  20.036  40.277 0.0000000000
106159  -47.774  19.924  38.200 0.0000000000
106173  -51.213  18.698  36.057 0.0000000000
106194  -50.552  18.771  34.226 0.0000000000
106237  -47.681  19.573  29.411 0.0000000000
106245  -44.504  19.268  27.719 0.0000000000
106248  -47.318  19.536  29.010 0.0000000000
106859  -43.503  20.689  42.029 0.0000000000
106865  -50.793  20.914  42.505 0.0000000000
106873  -43.762  20.375  41.900 0.0000000000
106877  -50.498  20.903  41.870 0.0000000000
106887  -48.229  20.959  40.863 0.0000000000
106895  -46.985  21.004  39.425 0.0000000000
106896  -47.473  20.726  39.766 0.0000000000
106903  -46.807  20.943  39.016 0.0000000000
106949  -46.768  20.783  32.911 0.0000000000
106975  -46.610  20.386  29.363 0.0000000000
106983  -44.974  20.604  28.176 0.0000000000
106984  -45.656  20.361  28.492 0.0000000000
106985  -46.408  20.176  28.857 0.0000000000
106994  -45.257  20.255  28.031 0.0000000000
107629  -50.349  21.595  43.343 0.0000000000
107641  -50.451  21.568  42.550 0.0000000000
107649  -49.595  21.684  41.999 0.0000000000
107667  -46.866  21.444  39.403 0.0000000000
107712  -46.998  20.878  31.533 0.0000000000
107720  -47.011  20.885  31.216 0.0000000000
107737  -41.732  21.838  28.163 0.0000000000
107757  -43.812  21.277  27.443 0.0000000000
107758  -44.377  20.929  27.783 0.0000000000
107768  -43.139  21.963  26.702 0.0000000000
108347  -47.213  22.623  39.567 0.0000000000
108362  -46.678  22.479  37.905 0.0000000000
108410  -45.282  22.293  31.037 0.0000000000
108421  -44.494  22.121  29.784 0.0000000000
108422  -45.189  21.927  30.384 0.0000000000
108429  -41.776  22.023  28.870 0.0000000000
108456  -42.779  22.731  26.156 0.0000000000
108466  -42.526  23.223  25.716 0.0000000000
109129  -43.910  23.793  29.230 0.0000000000
109161  -42.818  23.383  25.751 0.0000000000
109167  -42.379  23.668  25.479 0.0000000000
109168  -42.811  23.773  25.458 0.0000000000
109809  -49.737  25.182  36.991 0.0000000000
109841  -44.895  25.265  32.900 0.0000000000
109883  -44.214  24.505  29.821 0.0000000000
109889  -44.121  24.242  28.574 0.0000000000
109900  -44.815  24.736  27.955 0.0000000000
109910  -45.261  24.712  27.165 0.0000000000
109934  -43.097  24.704  24.892 0.0000000000
109935  -43.204  24.533  24.986 0.0000000000
110602  -48.043  25.168  37.836 0.0000000000
110623  -49.948  25.948  36.691 0.0000000000
110624  -50.132  26.424  36.898 0.0000000000
110630  -48.315  25.337  35.430 0.0000000000
110649  -45.533  25.768  33.382 0.0000000000
110660  -45.060  25.746  32.251 0.0000000000
110661  -45.510  26.178  32.603 0.0000000000
110692  -47.632  26.351  29.864 0.0000000000
110705  -47.090  25.728  29.613 0.0000000000
110706  -47.533  26.086  29.581 0.0000000000
110717  -45.015  25.011  28.529 0.0000000000
110718  -45.757  25.109  28.262 0.0000000000
110725  -46.385  25.267  27.622 0.0000000000
110732  -44.926  24.862  25.897 0.0000000000
110733  -45.501  24.988  26.433 0.0000000000
110734  -46.118  25.097  27.024 0.0000000000
110739  -42.560  25.048  25.251 0.0000000000
110740  -43.855  24.754  25.059 0.0000000000
110753  -43.984  24.975  24.917 0.0000000000
111387  -50.250  26.913  37.028 0.0000000000
111395  -48.570  25.953  35.461 0.0000000000
111396  -49.091  26.271  35.632 0.0000000000
111406  -47.784  26.194  35.216 0.0000000000
111417  -46.239  26.306  34.036 0.0000000000
111428  -45.850  26.495  33.156 0.0000000000
111430  -47.280  27.471  32.216 0.0000000000
111441  -46.122  26.717  32.226 0.0000000000
111457  -47.616  26.774  30.250 0.0000000000
111482  -47.471  26.072  29.095 0.0000000000
111520  -42.952  25.417  24.954 0.0000000000
111522  -43.971  25.443  24.906 0.0000000000
112096  -49.382  28.108  38.275 0.0000000000
112111  -46.988  27.376  37.631 0.0000000000
112114  -49.826  27.627  37.899 0.0000000000
112123  -49.989  27.271  36.558 0.0000000000
112124  -50.219  27.670  36.942 0.0000000000
112153  -47.604  27.973  33.483 0.0000000000
112176  -44.067  27.888  30.929 0.0000000000
112189  -43.756  28.115  30.512 0.0000000000
112226  -47.436  26.462  29.124 0.0000000000
112778  -48.567  28.755  38.591 0.0000000000
112793  -50.206  28.237  37.736 0.0000000000
112803  -49.899  28.182  36.547 0.0000000000
112804  -50.181  28.103  36.911 0.0000000000
112833  -46.380  29.217  32.719 0.0000000000
112834  -46.900  29.462  32.523 0.0000000000
112836  -48.362  28.919  33.402 0.0000000000
112847  -42.964  28.840  31.950 0.0000000000
112863  -43.400  28.477  31.115 0.0000000000
112876  -47.261  28.046  30.761 0.0000000000
113443  -50.210  28.657  37.323 0.0000000000
113452  -49.844  29.268  36.738 0.0000000000
113464  -41.883  30.087  35.115 0.0000000000
113465  -42.216  30.010  35.152 0.0000000000
113469  -49.557  28.740  36.112 0.0000000000
113497  -41.751  29.844  34.066 0.0000000000
113515  -48.016  29.348  32.278 0.0000000000
113516  -48.320  29.268  32.805 0.0000000000
113526  -47.691  28.996  31.734 0.0000000000
113532  -42.611  30.089  30.913 0.0000000000
113571  -42.924  29.948  26.040 0.0000000000
114105  -49.227  30.137  36.294 0.0000000000
114106  -49.609  29.987  36.920 0.0000000000
114122  -43.572  30.457  35.615 0.0000000000
114126  -47.771  30.913  35.007 0.0000000000
114158  -48.420  29.969  33.810 0.0000000000
114219  -44.117  30.137  27.799 0.0000000000
114748  -46.354  32.024  37.368 0.0000000000
114756  -42.521  31.422  36.601 0.0000000000
114758  -44.524  31.590  36.489 0.0000000000
115334  -41.877  33.132  38.060 0.0000000000
115356  -44.676  32.108  37.011 0.0000000000
116535  -47.305  34.282  41.457 0.0000000000
116555  -45.372  34.551  39.416 0.0000000000
117103  -46.723  35.483  42.064 0.0000000000
117110  -46.476  36.115  41.856 0.0000000000
117114  -46.149  36.229  40.560 0.0000000000
117118  -40.573  36.360  39.201 0.0000000000
117694  -46.208  36.983  40.956 0.0000000000
117695  -46.464  36.264  41.268 0.0000000000
118312  -45.198  37.729  40.691 0.0000000000
118960  -43.057  38.410  40.211 0.0000000000
