#!ascii label  , from subject sub-01 vox2ras=TkReg
759
33668  -17.998  -52.932  73.076 0.0000000000
51267  -39.163  -36.815  73.503 0.0000000000
57396  -42.581  -30.456  70.403 0.0000000000
58635  -51.631  -30.228  65.457 0.0000000000
45999  -39.273  -41.187  71.338 0.0000000000
58610  -46.415  -30.171  66.948 0.0000000000
63074  -55.882  -25.410  58.267 0.0000000000
68365  -57.230  -20.852  58.305 0.0000000000
51256  -41.833  -37.253  73.878 0.0000000000
54074  -42.974  -32.844  72.461 0.0000000000
56232  -39.355  -31.891  72.887 0.0000000000
34745  -20.304  -51.907  76.551 0.0000000000
39562  -22.605  -48.077  77.030 0.0000000000
42714  -25.257  -44.745  77.240 0.0000000000
43727  -29.958  -44.143  76.321 0.0000000000
41744  -35.033  -45.852  74.772 0.0000000000
40689  -39.379  -45.864  73.588 0.0000000000
45987  -42.161  -41.705  73.107 0.0000000000
53088  -47.244  -33.417  70.057 0.0000000000
71491  -58.456  -18.289  57.257 0.0000000000
50254  -40.347  -37.064  75.234 0.0000000000
54043  -40.087  -34.053  74.948 0.0000000000
54061  -39.102  -33.676  73.728 0.0000000000
38308  -19.929  -49.638  75.940 0.0000000000
37028  -21.590  -49.530  76.473 0.0000000000
42763  -35.092  -45.362  73.414 0.0000000000
40686  -37.017  -46.225  74.184 0.0000000000
42781  -38.009  -44.815  72.481 0.0000000000
48188  -39.074  -39.301  72.370 0.0000000000
44852  -40.253  -41.428  72.920 0.0000000000
48138  -40.014  -39.342  74.330 0.0000000000
48157  -42.605  -39.420  73.329 0.0000000000
56217  -43.415  -31.487  72.710 0.0000000000
54089  -45.114  -32.908  71.549 0.0000000000
56251  -45.240  -31.071  71.295 0.0000000000
58613  -49.118  -30.717  66.498 0.0000000000
57439  -49.089  -31.382  68.179 0.0000000000
57458  -51.529  -31.325  67.182 0.0000000000
56300  -53.585  -31.458  66.196 0.0000000000
64088  -57.061  -24.466  60.839 0.0000000000
61956  -56.019  -26.761  60.856 0.0000000000
42820  -38.143  -44.031  70.819 0.0000000000
58708  -48.406  -30.221  62.727 0.0000000000
65143  -56.371  -23.174  57.896 0.0000000000
66159  -58.297  -23.038  59.993 0.0000000000
67283  -59.411  -21.602  56.731 0.0000000000
51304  -42.074  -37.494  70.995 0.0000000000
53059  -41.521  -34.394  73.107 0.0000000000
56199  -41.712  -31.982  73.836 0.0000000000
32539  -19.572  -53.321  75.493 0.0000000000
38340  -23.729  -47.823  74.864 0.0000000000
41705  -24.302  -45.913  77.381 0.0000000000
40666  -25.007  -46.213  75.688 0.0000000000
41725  -27.308  -44.816  76.074 0.0000000000
40651  -29.201  -46.285  75.442 0.0000000000
40670  -31.396  -46.218  75.170 0.0000000000
42734  -32.314  -44.955  75.171 0.0000000000
38366  -35.877  -47.500  73.300 0.0000000000
42783  -39.774  -43.833  72.268 0.0000000000
42769  -41.186  -44.471  72.689 0.0000000000
42803  -42.389  -44.120  71.212 0.0000000000
46013  -43.115  -41.761  70.807 0.0000000000
49294  -43.136  -38.889  71.599 0.0000000000
56273  -47.776  -31.522  69.547 0.0000000000
59857  -54.393  -28.353  62.049 0.0000000000
59833  -53.888  -28.877  64.504 0.0000000000
32537  -17.897  -53.622  75.682 0.0000000000
50252  -39.614  -37.120  74.811 0.0000000000
53042  -39.537  -35.201  74.846 0.0000000000
52146  -39.082  -35.790  73.671 0.0000000000
42797  -35.316  -45.350  71.586 0.0000000000
42780  -36.933  -45.177  72.523 0.0000000000
42798  -36.513  -45.142  71.496 0.0000000000
49280  -39.034  -38.442  73.055 0.0000000000
48156  -39.431  -39.366  73.810 0.0000000000
49243  -39.645  -38.668  74.319 0.0000000000
49244  -40.168  -38.278  74.735 0.0000000000
56234  -44.600  -31.334  71.920 0.0000000000
57376  -44.297  -30.245  70.912 0.0000000000
58634  -50.661  -30.459  65.573 0.0000000000
58600  -50.119  -30.914  66.863 0.0000000000
58616  -51.695  -30.362  66.062 0.0000000000
57476  -52.387  -30.993  66.780 0.0000000000
58618  -53.072  -30.265  66.147 0.0000000000
64076  -58.007  -24.764  61.380 0.0000000000
63013  -57.536  -26.329  62.128 0.0000000000
61940  -58.692  -26.453  61.862 0.0000000000
66206  -55.884  -22.631  56.085 0.0000000000
67267  -56.785  -21.479  57.850 0.0000000000
65125  -57.042  -23.011  59.560 0.0000000000
67250  -57.563  -21.738  59.090 0.0000000000
66166  -58.562  -22.567  59.553 0.0000000000
68348  -58.231  -21.245  59.006 0.0000000000
69409  -59.195  -19.495  57.549 0.0000000000
51282  -42.023  -37.257  72.522 0.0000000000
52174  -41.759  -36.727  72.269 0.0000000000
52148  -41.637  -36.209  73.393 0.0000000000
56196  -39.774  -32.854  74.246 0.0000000000
55110  -40.692  -33.013  74.592 0.0000000000
56213  -40.347  -32.042  73.702 0.0000000000
57330  -41.251  -31.401  72.985 0.0000000000
57349  -40.474  -31.381  72.330 0.0000000000
32556  -20.673  -52.985  74.784 0.0000000000
34757  -21.043  -51.781  75.879 0.0000000000
38299  -22.072  -48.796  76.527 0.0000000000
43721  -24.629  -44.405  77.190 0.0000000000
42713  -24.508  -45.174  77.372 0.0000000000
40650  -24.841  -46.220  76.718 0.0000000000
41723  -25.400  -45.534  76.434 0.0000000000
41724  -26.187  -44.937  76.221 0.0000000000
41708  -26.686  -44.565  76.662 0.0000000000
41711  -29.720  -44.896  76.604 0.0000000000
40653  -30.536  -46.013  75.937 0.0000000000
41728  -30.452  -45.341  76.271 0.0000000000
43760  -34.047  -45.188  74.413 0.0000000000
44839  -32.101  -44.448  74.326 0.0000000000
41742  -33.528  -45.410  75.022 0.0000000000
40672  -33.426  -45.811  75.123 0.0000000000
39590  -34.462  -46.430  74.783 0.0000000000
38346  -35.075  -47.314  73.818 0.0000000000
39608  -35.576  -46.906  74.334 0.0000000000
40688  -38.754  -46.061  73.717 0.0000000000
39610  -37.717  -46.523  73.813 0.0000000000
40700  -39.266  -46.180  73.527 0.0000000000
39628  -40.053  -46.202  73.111 0.0000000000
42821  -38.680  -43.794  71.182 0.0000000000
43813  -39.848  -42.776  71.784 0.0000000000
44854  -41.143  -42.334  73.007 0.0000000000
43781  -40.635  -43.301  72.538 0.0000000000
43783  -41.858  -43.224  72.694 0.0000000000
42784  -41.715  -44.452  72.321 0.0000000000
43799  -42.513  -43.314  71.808 0.0000000000
45988  -42.524  -41.808  72.589 0.0000000000
49264  -42.485  -38.543  73.392 0.0000000000
49282  -43.038  -38.904  72.452 0.0000000000
50302  -42.763  -38.387  72.457 0.0000000000
49293  -42.867  -38.525  70.997 0.0000000000
37025  -19.066  -50.350  76.892 0.0000000000
34743  -19.042  -51.545  77.469 0.0000000000
33631  -19.227  -52.611  77.091 0.0000000000
53078  -42.064  -33.821  71.324 0.0000000000
54087  -43.020  -33.240  71.523 0.0000000000
54101  -46.014  -33.413  70.803 0.0000000000
58595  -46.218  -30.098  67.927 0.0000000000
58571  -46.295  -30.428  69.435 0.0000000000
58584  -47.389  -30.651  68.500 0.0000000000
55180  -50.280  -32.533  67.998 0.0000000000
54115  -49.214  -32.916  68.698 0.0000000000
61917  -55.936  -27.308  62.648 0.0000000000
60885  -55.290  -27.766  61.383 0.0000000000
60855  -54.965  -28.009  62.961 0.0000000000
59841  -53.885  -28.615  63.700 0.0000000000
60831  -54.860  -28.407  64.241 0.0000000000
58640  -54.825  -29.812  65.269 0.0000000000
69422  -56.671  -19.766  56.227 0.0000000000
70415  -57.746  -19.423  57.969 0.0000000000
70444  -57.294  -18.143  56.291 0.0000000000
71511  -57.779  -17.261  55.874 0.0000000000
50272  -41.347  -37.231  74.653 0.0000000000
52137  -41.197  -35.413  74.566 0.0000000000
52127  -40.156  -35.522  75.289 0.0000000000
54052  -39.642  -34.153  74.684 0.0000000000
56211  -39.092  -32.551  73.307 0.0000000000
37026  -20.030  -50.200  76.770 0.0000000000
35839  -21.100  -50.482  76.502 0.0000000000
39561  -21.976  -48.136  76.430 0.0000000000
42752  -35.149  -45.432  74.174 0.0000000000
41745  -35.763  -45.855  74.505 0.0000000000
42754  -36.849  -45.585  73.809 0.0000000000
42755  -37.746  -45.536  73.624 0.0000000000
42766  -38.523  -45.055  73.222 0.0000000000
45985  -39.485  -40.707  72.255 0.0000000000
46000  -39.685  -41.327  72.027 0.0000000000
45970  -39.527  -40.556  72.866 0.0000000000
45955  -40.060  -40.547  73.648 0.0000000000
47043  -41.463  -40.838  73.564 0.0000000000
47044  -42.135  -40.449  73.466 0.0000000000
47033  -41.702  -39.710  73.885 0.0000000000
49246  -41.544  -38.176  74.368 0.0000000000
37035  -19.153  -50.113  76.141 0.0000000000
55125  -42.991  -32.017  73.314 0.0000000000
54088  -44.095  -32.985  71.622 0.0000000000
55140  -44.478  -32.067  72.432 0.0000000000
54077  -45.536  -32.280  71.772 0.0000000000
55154  -46.409  -32.032  71.259 0.0000000000
58612  -48.220  -30.585  66.640 0.0000000000
58585  -47.999  -30.930  68.112 0.0000000000
58599  -49.427  -30.935  67.067 0.0000000000
56290  -50.893  -31.861  67.648 0.0000000000
63075  -56.298  -25.149  59.152 0.0000000000
61972  -55.887  -26.649  59.566 0.0000000000
61957  -56.552  -25.724  60.990 0.0000000000
61938  -56.500  -26.403  61.744 0.0000000000
50312  -39.152  -37.165  72.087 0.0000000000
49292  -39.101  -38.220  71.944 0.0000000000
57415  -43.647  -30.302  69.373 0.0000000000
58630  -46.742  -30.311  65.839 0.0000000000
58656  -48.249  -30.379  64.723 0.0000000000
58657  -49.258  -30.428  64.728 0.0000000000
58658  -50.299  -30.390  64.724 0.0000000000
64122  -56.036  -24.722  58.075 0.0000000000
64106  -56.775  -24.135  59.910 0.0000000000
64089  -57.725  -24.199  60.864 0.0000000000
63041  -59.033  -24.894  61.131 0.0000000000
69397  -58.738  -19.907  58.065 0.0000000000
67268  -59.367  -21.478  57.861 0.0000000000
52181  -41.609  -35.940  70.724 0.0000000000
53068  -41.541  -34.607  72.141 0.0000000000
53060  -41.910  -33.345  73.168 0.0000000000
53045  -40.933  -34.466  74.832 0.0000000000
54054  -41.761  -33.063  73.939 0.0000000000
55124  -42.158  -32.464  73.675 0.0000000000
56200  -42.332  -31.812  73.549 0.0000000000
57351  -42.240  -30.875  72.149 0.0000000000
54086  -38.485  -33.788  71.710 0.0000000000
55152  -38.132  -32.502  71.739 0.0000000000
57392  -38.589  -30.852  70.563 0.0000000000
32554  -19.244  -53.525  74.670 0.0000000000
32570  -20.535  -53.242  74.086 0.0000000000
39620  -24.171  -47.054  74.004 0.0000000000
40663  -21.920  -47.191  75.784 0.0000000000
40648  -22.452  -46.990  76.955 0.0000000000
40638  -23.427  -46.994  77.234 0.0000000000
40665  -24.498  -46.906  75.416 0.0000000000
41740  -27.679  -45.192  75.217 0.0000000000
41741  -28.612  -45.901  74.835 0.0000000000
44806  -30.305  -43.872  75.587 0.0000000000
44822  -31.277  -44.296  74.724 0.0000000000
42732  -30.932  -44.533  75.826 0.0000000000
40655  -32.137  -45.507  75.283 0.0000000000
39588  -32.384  -46.473  74.588 0.0000000000
39609  -36.782  -46.779  74.060 0.0000000000
42799  -37.584  -44.720  71.537 0.0000000000
42782  -39.028  -44.441  72.342 0.0000000000
42767  -39.732  -44.506  72.832 0.0000000000
43795  -40.288  -43.011  72.254 0.0000000000
42768  -40.535  -44.453  72.770 0.0000000000
41770  -40.527  -45.249  72.946 0.0000000000
41771  -41.157  -45.168  72.533 0.0000000000
41793  -41.605  -45.082  71.145 0.0000000000
46025  -43.156  -41.623  69.836 0.0000000000
47054  -42.849  -40.685  72.597 0.0000000000
47074  -43.363  -40.751  70.420 0.0000000000
48201  -43.360  -39.877  69.988 0.0000000000
49318  -43.079  -39.208  69.587 0.0000000000
32513  -18.742  -53.059  77.020 0.0000000000
58563  -45.281  -30.239  70.149 0.0000000000
57379  -46.273  -31.148  70.623 0.0000000000
54092  -47.319  -32.511  70.404 0.0000000000
57420  -48.537  -31.441  68.731 0.0000000000
54104  -48.211  -32.793  69.578 0.0000000000
53102  -48.188  -33.660  69.323 0.0000000000
58710  -50.428  -30.123  62.727 0.0000000000
58685  -51.954  -29.729  63.697 0.0000000000
60898  -55.295  -27.760  59.897 0.0000000000
59882  -54.507  -28.409  59.730 0.0000000000
58743  -52.907  -29.126  61.619 0.0000000000
58686  -53.020  -29.175  63.624 0.0000000000
59822  -53.021  -29.485  64.964 0.0000000000
58638  -53.680  -29.819  65.656 0.0000000000
32567  -17.677  -53.288  73.848 0.0000000000
51254  -39.301  -36.671  74.214 0.0000000000
52136  -39.356  -35.755  74.583 0.0000000000
50300  -39.100  -37.475  72.884 0.0000000000
49263  -39.282  -38.534  73.834 0.0000000000
50287  -39.211  -37.606  73.726 0.0000000000
50270  -39.524  -37.561  74.491 0.0000000000
57375  -43.311  -30.353  71.203 0.0000000000
57397  -43.477  -30.262  70.272 0.0000000000
58615  -50.852  -30.611  66.299 0.0000000000
58617  -52.389  -30.284  66.104 0.0000000000
58636  -52.555  -29.831  65.350 0.0000000000
63029  -58.540  -25.221  61.471 0.0000000000
68381  -56.976  -20.446  57.551 0.0000000000
67249  -57.321  -21.881  59.032 0.0000000000
67257  -57.504  -21.094  58.772 0.0000000000
68347  -57.908  -21.063  58.986 0.0000000000
68366  -57.734  -20.325  58.448 0.0000000000
51269  -41.844  -37.030  73.420 0.0000000000
56212  -39.557  -32.377  73.620 0.0000000000
56197  -40.214  -32.573  74.226 0.0000000000
57328  -39.844  -31.857  73.213 0.0000000000
57329  -40.440  -31.624  73.109 0.0000000000
57348  -39.616  -31.590  72.439 0.0000000000
35851  -20.807  -51.542  76.331 0.0000000000
38300  -22.632  -48.414  76.616 0.0000000000
38310  -22.484  -49.018  76.409 0.0000000000
41706  -25.040  -45.581  77.202 0.0000000000
41707  -25.748  -44.937  76.851 0.0000000000
42715  -26.099  -44.350  77.047 0.0000000000
43726  -29.258  -44.048  76.485 0.0000000000
42718  -29.030  -44.398  76.633 0.0000000000
42719  -29.803  -44.448  76.486 0.0000000000
41712  -30.310  -44.833  76.375 0.0000000000
42743  -34.634  -45.463  74.513 0.0000000000
42742  -33.849  -45.247  74.757 0.0000000000
41743  -34.239  -45.628  74.944 0.0000000000
40673  -34.691  -46.065  75.014 0.0000000000
39591  -35.092  -46.387  74.745 0.0000000000
40674  -35.552  -46.228  74.700 0.0000000000
39627  -39.554  -46.400  73.223 0.0000000000
40701  -39.912  -45.915  73.331 0.0000000000
43812  -39.380  -42.754  71.222 0.0000000000
44883  -39.607  -41.992  71.560 0.0000000000
45974  -41.611  -41.525  73.356 0.0000000000
44855  -41.736  -42.495  72.986 0.0000000000
43798  -42.213  -43.585  72.271 0.0000000000
44870  -42.196  -42.609  72.680 0.0000000000
44871  -42.516  -42.702  72.145 0.0000000000
50288  -42.109  -37.760  73.628 0.0000000000
49281  -42.770  -38.526  72.867 0.0000000000
50301  -42.465  -37.921  72.909 0.0000000000
50313  -42.568  -38.006  71.812 0.0000000000
35837  -19.453  -50.925  77.142 0.0000000000
34744  -19.645  -51.793  77.060 0.0000000000
53069  -42.017  -33.534  72.300 0.0000000000
53087  -46.818  -33.611  70.112 0.0000000000
53086  -46.269  -33.797  70.135 0.0000000000
53100  -46.819  -33.992  69.564 0.0000000000
53113  -47.547  -34.293  68.948 0.0000000000
58583  -46.658  -30.315  68.617 0.0000000000
58596  -46.983  -30.325  67.747 0.0000000000
62009  -55.208  -26.245  57.785 0.0000000000
60857  -55.874  -27.605  63.199 0.0000000000
60856  -55.567  -27.617  62.944 0.0000000000
60842  -54.738  -28.203  63.661 0.0000000000
50255  -40.898  -37.057  75.127 0.0000000000
51241  -40.549  -36.303  75.278 0.0000000000
53050  -39.315  -34.681  74.357 0.0000000000
53051  -39.575  -34.686  74.785 0.0000000000
54051  -39.412  -33.828  74.316 0.0000000000
55107  -39.352  -33.434  74.130 0.0000000000
55138  -38.756  -32.892  73.019 0.0000000000
38296  -19.763  -49.970  76.459 0.0000000000
39571  -21.737  -47.988  76.105 0.0000000000
42778  -34.566  -45.341  72.735 0.0000000000
42762  -34.554  -45.304  73.387 0.0000000000
43777  -34.230  -45.197  73.721 0.0000000000
43778  -35.149  -45.355  73.868 0.0000000000
42753  -35.827  -45.498  74.090 0.0000000000
43779  -35.552  -45.403  73.865 0.0000000000
42765  -37.387  -45.287  73.258 0.0000000000
47062  -39.228  -40.193  71.803 0.0000000000
47052  -39.222  -40.073  72.716 0.0000000000
48137  -39.672  -39.478  74.066 0.0000000000
47042  -39.754  -40.281  73.604 0.0000000000
47030  -40.057  -40.103  74.053 0.0000000000
45956  -40.447  -40.707  73.631 0.0000000000
47031  -40.394  -40.120  73.998 0.0000000000
47032  -41.178  -40.176  73.896 0.0000000000
48139  -40.671  -39.276  74.416 0.0000000000
49225  -40.229  -37.583  75.067 0.0000000000
49245  -40.926  -38.375  74.670 0.0000000000
49227  -41.079  -37.687  74.811 0.0000000000
55139  -43.779  -32.118  72.745 0.0000000000
55126  -43.878  -31.823  72.699 0.0000000000
57354  -44.661  -30.765  71.383 0.0000000000
55141  -45.203  -31.894  72.040 0.0000000000
56235  -45.352  -31.514  71.627 0.0000000000
55153  -45.803  -32.149  71.654 0.0000000000
56252  -45.964  -31.393  71.194 0.0000000000
58598  -48.584  -30.890  67.443 0.0000000000
57457  -50.641  -31.125  67.164 0.0000000000
56292  -52.180  -31.864  67.082 0.0000000000
63058  -56.613  -25.024  60.388 0.0000000000
63040  -56.845  -25.071  61.055 0.0000000000
61901  -56.692  -27.359  63.016 0.0000000000
58655  -47.238  -30.348  64.737 0.0000000000
58682  -48.811  -30.367  63.730 0.0000000000
58683  -49.846  -30.320  63.744 0.0000000000
65153  -56.186  -23.154  57.228 0.0000000000
65142  -56.082  -23.600  57.344 0.0000000000
64134  -55.677  -24.309  57.192 0.0000000000
64135  -56.180  -23.950  57.832 0.0000000000
64123  -56.466  -23.843  58.765 0.0000000000
65126  -57.579  -23.171  59.942 0.0000000000
65120  -57.989  -23.336  60.285 0.0000000000
64090  -58.528  -24.217  60.894 0.0000000000
64091  -59.156  -24.498  60.677 0.0000000000
65121  -58.570  -23.398  60.198 0.0000000000
66172  -58.891  -21.948  59.076 0.0000000000
70430  -58.298  -18.946  57.760 0.0000000000
69396  -58.259  -19.700  58.152 0.0000000000
69408  -58.680  -19.317  57.833 0.0000000000
68383  -59.446  -20.453  57.201 0.0000000000
51314  -41.777  -37.044  70.104 0.0000000000
51303  -41.751  -36.816  71.002 0.0000000000
52161  -41.557  -35.526  72.909 0.0000000000
52173  -41.623  -35.944  71.905 0.0000000000
52128  -40.729  -35.443  75.124 0.0000000000
55111  -41.533  -32.614  74.087 0.0000000000
54053  -41.201  -33.482  74.526 0.0000000000
55112  -42.176  -32.150  73.730 0.0000000000
57350  -41.376  -31.159  72.244 0.0000000000
57331  -42.083  -31.238  72.808 0.0000000000
32569  -19.813  -53.393  73.901 0.0000000000
32555  -20.052  -53.370  74.750 0.0000000000
33657  -20.977  -52.578  74.966 0.0000000000
37036  -21.459  -50.139  76.478 0.0000000000
35853  -22.097  -50.499  75.912 0.0000000000
38339  -23.397  -48.635  74.426 0.0000000000
38359  -23.690  -47.791  73.925 0.0000000000
40664  -22.154  -46.784  75.794 0.0000000000
40647  -22.250  -47.336  76.526 0.0000000000
41704  -23.536  -46.263  77.335 0.0000000000
39564  -23.643  -47.259  76.939 0.0000000000
40639  -24.130  -46.694  77.030 0.0000000000
40682  -24.639  -46.618  74.686 0.0000000000
40683  -25.289  -45.782  74.497 0.0000000000
41739  -26.614  -44.953  75.427 0.0000000000
41752  -26.869  -45.020  74.483 0.0000000000
41710  -28.861  -44.874  76.667 0.0000000000
41726  -28.627  -45.486  76.036 0.0000000000
40669  -30.577  -46.570  75.275 0.0000000000
38327  -31.069  -47.187  74.137 0.0000000000
39587  -31.493  -46.826  74.493 0.0000000000
43758  -32.352  -44.671  74.774 0.0000000000
44823  -31.757  -44.447  74.608 0.0000000000
43746  -31.805  -44.698  75.148 0.0000000000
43745  -31.280  -44.498  75.374 0.0000000000
42733  -31.572  -44.849  75.463 0.0000000000
41729  -31.099  -45.155  75.906 0.0000000000
41730  -32.086  -45.252  75.313 0.0000000000
39589  -33.418  -46.401  74.701 0.0000000000
40671  -32.355  -45.939  75.046 0.0000000000
39606  -33.299  -46.865  74.182 0.0000000000
39605  -32.339  -46.940  74.143 0.0000000000
38347  -35.604  -47.314  73.868 0.0000000000
38365  -34.870  -47.516  73.067 0.0000000000
41755  -36.545  -45.832  74.242 0.0000000000
40685  -36.261  -46.447  74.428 0.0000000000
42801  -39.286  -43.608  71.602 0.0000000000
44868  -40.117  -41.843  72.402 0.0000000000
44869  -40.428  -42.378  72.502 0.0000000000
43782  -41.283  -43.454  72.710 0.0000000000
42785  -42.146  -44.343  71.812 0.0000000000
41781  -41.612  -45.060  71.880 0.0000000000
41782  -41.964  -44.643  71.402 0.0000000000
44895  -42.783  -42.707  71.078 0.0000000000
47045  -42.732  -40.027  73.134 0.0000000000
48176  -43.199  -39.743  72.031 0.0000000000
48189  -43.378  -39.816  71.029 0.0000000000
48212  -43.350  -39.885  68.956 0.0000000000
49307  -43.188  -39.099  70.567 0.0000000000
50324  -42.487  -38.066  70.728 0.0000000000
51315  -42.169  -37.675  70.432 0.0000000000
33638  -19.672  -52.759  76.479 0.0000000000
32523  -19.222  -53.172  76.367 0.0000000000
32538  -18.795  -53.505  75.589 0.0000000000
54100  -45.031  -33.408  70.971 0.0000000000
57435  -43.947  -30.331  68.533 0.0000000000
58562  -44.711  -30.114  70.037 0.0000000000
57417  -46.714  -30.806  69.674 0.0000000000
57400  -46.184  -30.768  70.179 0.0000000000
57401  -46.785  -31.134  70.153 0.0000000000
55155  -47.092  -32.096  70.640 0.0000000000
56265  -47.364  -31.607  70.140 0.0000000000
57438  -48.440  -31.162  68.268 0.0000000000
55171  -48.510  -32.435  69.285 0.0000000000
54114  -48.587  -33.218  69.145 0.0000000000
54113  -48.028  -33.466  69.538 0.0000000000
53114  -48.443  -33.956  68.857 0.0000000000
58684  -50.914  -30.175  63.730 0.0000000000
58711  -51.448  -29.828  62.691 0.0000000000
60884  -54.812  -28.145  61.683 0.0000000000
59869  -55.060  -28.060  60.644 0.0000000000
59868  -54.554  -28.344  61.007 0.0000000000
59867  -53.573  -28.886  60.538 0.0000000000
59856  -53.763  -28.728  61.747 0.0000000000
60841  -54.239  -28.508  64.045 0.0000000000
58687  -53.495  -28.786  63.174 0.0000000000
59840  -53.377  -29.078  64.072 0.0000000000
58661  -53.075  -29.265  64.268 0.0000000000
59823  -53.258  -29.397  65.018 0.0000000000
59824  -53.739  -29.293  65.146 0.0000000000
50253  -39.817  -37.332  75.006 0.0000000000
51240  -39.972  -36.405  75.279 0.0000000000
52125  -39.534  -35.759  74.886 0.0000000000
53058  -39.021  -34.621  73.223 0.0000000000
42779  -35.777  -45.337  72.598 0.0000000000
42764  -36.087  -45.381  73.491 0.0000000000
48175  -39.004  -39.190  73.090 0.0000000000
50271  -39.742  -37.967  74.683 0.0000000000
57333  -43.453  -31.086  72.303 0.0000000000
56233  -43.886  -31.270  72.249 0.0000000000
57353  -43.927  -30.784  71.777 0.0000000000
58633  -49.686  -30.551  65.632 0.0000000000
58614  -49.996  -30.712  66.349 0.0000000000
57474  -51.191  -30.675  66.531 0.0000000000
57475  -51.628  -30.744  66.642 0.0000000000
64075  -57.435  -24.890  61.305 0.0000000000
64074  -57.084  -24.942  61.216 0.0000000000
63028  -57.774  -25.662  61.834 0.0000000000
61939  -57.895  -26.402  62.227 0.0000000000
66190  -56.354  -22.466  57.065 0.0000000000
66178  -56.674  -22.316  58.261 0.0000000000
65134  -56.643  -22.902  58.747 0.0000000000
66171  -56.894  -22.348  59.003 0.0000000000
66164  -57.286  -22.165  59.213 0.0000000000
66165  -57.775  -22.561  59.626 0.0000000000
67251  -58.075  -21.769  59.235 0.0000000000
67258  -58.521  -21.583  59.037 0.0000000000
71492  -58.984  -18.098  57.076 0.0000000000
70431  -58.854  -18.741  57.456 0.0000000000
70438  -59.356  -18.576  56.925 0.0000000000
69416  -59.584  -19.386  56.623 0.0000000000
68397  -59.589  -20.346  56.202 0.0000000000
51294  -41.834  -37.028  71.729 0.0000000000
52162  -41.724  -36.481  72.782 0.0000000000
52147  -41.495  -35.520  73.781 0.0000000000
55097  -40.241  -33.537  74.778 0.0000000000
54044  -40.560  -33.855  74.841 0.0000000000
56198  -40.954  -32.275  74.101 0.0000000000
56214  -41.119  -31.789  73.575 0.0000000000
57372  -40.526  -31.129  71.461 0.0000000000
32524  -19.766  -52.959  75.981 0.0000000000
32540  -20.192  -53.031  75.444 0.0000000000
33639  -20.226  -52.524  76.075 0.0000000000
33640  -20.721  -52.258  75.771 0.0000000000
33650  -21.071  -52.218  75.367 0.0000000000
38325  -23.598  -48.101  75.484 0.0000000000
40640  -24.612  -46.120  77.161 0.0000000000
41738  -25.708  -45.385  75.549 0.0000000000
41727  -29.680  -45.546  76.446 0.0000000000
40652  -29.733  -46.248  75.891 0.0000000000
40654  -31.292  -45.638  75.601 0.0000000000
43776  -32.872  -44.628  73.762 0.0000000000
44851  -32.391  -44.473  74.093 0.0000000000
43759  -33.335  -44.900  74.596 0.0000000000
42741  -33.103  -44.998  75.005 0.0000000000
41731  -32.867  -45.340  75.122 0.0000000000
40656  -32.634  -45.524  75.161 0.0000000000
39607  -34.350  -46.868  74.273 0.0000000000
39623  -35.880  -47.309  73.852 0.0000000000
40687  -37.958  -46.096  73.860 0.0000000000
39611  -38.285  -46.315  73.733 0.0000000000
39626  -38.611  -46.638  73.436 0.0000000000
39647  -40.010  -46.379  72.721 0.0000000000
40715  -40.574  -46.122  72.171 0.0000000000
43828  -38.737  -43.181  70.746 0.0000000000
42802  -39.811  -43.333  72.006 0.0000000000
44853  -40.569  -42.021  72.831 0.0000000000
43797  -41.692  -43.865  72.584 0.0000000000
43814  -42.429  -43.806  71.686 0.0000000000
43815  -42.564  -43.457  71.302 0.0000000000
44884  -42.647  -42.842  71.616 0.0000000000
46001  -42.837  -41.908  71.772 0.0000000000
48158  -42.972  -39.589  72.812 0.0000000000
49265  -42.900  -38.951  73.036 0.0000000000
37024  -18.545  -50.467  77.055 0.0000000000
35836  -18.389  -50.908  77.523 0.0000000000
54112  -45.664  -33.721  70.402 0.0000000000
57454  -45.033  -29.991  67.906 0.0000000000
58581  -45.315  -29.978  68.718 0.0000000000
58582  -45.968  -30.123  68.733 0.0000000000
58572  -46.910  -30.615  69.151 0.0000000000
57418  -47.364  -31.061  69.368 0.0000000000
56283  -50.130  -31.838  67.958 0.0000000000
56282  -49.435  -31.861  68.391 0.0000000000
61937  -55.878  -27.192  62.153 0.0000000000
60871  -55.327  -27.674  62.394 0.0000000000
60870  -54.908  -28.036  62.261 0.0000000000
59848  -53.858  -28.584  62.700 0.0000000000
59842  -54.544  -28.240  63.344 0.0000000000
60830  -54.410  -28.550  64.225 0.0000000000
59834  -54.323  -28.865  64.704 0.0000000000
69406  -57.115  -19.945  57.507 0.0000000000
69407  -57.425  -19.769  57.805 0.0000000000
69415  -57.335  -19.304  57.436 0.0000000000
70437  -57.307  -18.816  56.969 0.0000000000
71490  -57.919  -18.534  57.421 0.0000000000
71503  -57.855  -17.981  56.877 0.0000000000
71504  -58.591  -17.646  56.665 0.0000000000
51255  -41.546  -36.602  74.204 0.0000000000
51242  -41.117  -36.340  74.957 0.0000000000
53044  -40.353  -34.663  75.083 0.0000000000
52126  -39.713  -35.673  75.072 0.0000000000
53043  -39.795  -34.726  75.019 0.0000000000
55108  -39.635  -33.408  74.408 0.0000000000
55123  -39.541  -32.882  74.071 0.0000000000
56231  -38.817  -32.142  72.616 0.0000000000
35838  -20.470  -50.953  76.671 0.0000000000
37027  -20.932  -49.947  76.517 0.0000000000
43742  -29.506  -43.831  76.230 0.0000000000
43768  -33.672  -44.951  74.189 0.0000000000
43769  -34.627  -45.299  74.106 0.0000000000
42744  -35.296  -45.622  74.443 0.0000000000
41756  -37.436  -45.838  73.932 0.0000000000
41757  -38.417  -45.658  73.710 0.0000000000
41758  -39.106  -45.667  73.630 0.0000000000
45986  -39.765  -41.027  72.578 0.0000000000
45971  -39.889  -40.852  73.121 0.0000000000
47041  -39.445  -40.087  73.370 0.0000000000
45972  -40.335  -41.098  73.244 0.0000000000
45973  -40.921  -41.165  73.430 0.0000000000
48140  -41.407  -39.164  74.307 0.0000000000
48141  -42.074  -39.097  73.889 0.0000000000
49247  -42.049  -38.215  73.911 0.0000000000
50273  -41.755  -37.541  74.130 0.0000000000
54063  -43.284  -32.378  72.862 0.0000000000
54075  -44.144  -32.467  72.252 0.0000000000
54076  -45.109  -32.380  71.944 0.0000000000
55127  -44.449  -31.744  72.333 0.0000000000
54090  -46.016  -32.671  71.374 0.0000000000
54102  -46.801  -33.163  70.535 0.0000000000
58611  -47.320  -30.392  66.759 0.0000000000
58597  -47.766  -30.624  67.571 0.0000000000
57455  -49.025  -31.130  67.691 0.0000000000
57456  -49.664  -31.176  67.446 0.0000000000
57440  -49.772  -31.444  67.814 0.0000000000
61990  -55.725  -26.163  58.507 0.0000000000
61991  -56.103  -25.974  59.306 0.0000000000
61973  -56.287  -25.874  60.058 0.0000000000
63027  -57.000  -25.492  61.532 0.0000000000
61918  -56.344  -27.195  62.676 0.0000000000
61900  -56.402  -27.399  63.095 0.0000000000
51281  -39.072  -36.512  72.756 0.0000000000
51292  -39.042  -36.330  71.743 0.0000000000
48199  -39.084  -39.368  71.196 0.0000000000
57414  -42.818  -30.534  69.421 0.0000000000
57434  -43.144  -30.607  68.480 0.0000000000
57452  -43.584  -30.633  67.620 0.0000000000
58609  -45.609  -30.030  67.319 0.0000000000
58631  -47.746  -30.420  65.732 0.0000000000
58632  -48.712  -30.520  65.678 0.0000000000
58659  -51.365  -30.176  64.680 0.0000000000
65119  -57.374  -23.681  60.293 0.0000000000
61958  -59.062  -25.652  61.244 0.0000000000
65127  -59.091  -23.406  59.846 0.0000000000
68367  -58.453  -20.671  58.614 0.0000000000
67259  -59.039  -21.377  58.676 0.0000000000
68368  -59.151  -20.501  58.100 0.0000000000
51293  -41.685  -36.439  71.362 0.0000000000
53077  -41.551  -34.790  71.096 0.0000000000
51268  -41.623  -36.368  73.759 0.0000000000
53052  -41.417  -34.085  74.007 0.0000000000
53053  -41.809  -33.223  73.652 0.0000000000
54062  -42.406  -32.704  73.328 0.0000000000
56216  -42.641  -31.517  73.122 0.0000000000
56215  -41.896  -31.574  73.389 0.0000000000
57332  -42.856  -31.137  72.573 0.0000000000
52160  -39.004  -35.513  72.502 0.0000000000
54073  -38.767  -33.725  72.682 0.0000000000
54072  -38.338  -33.078  72.175 0.0000000000
55137  -38.470  -32.521  72.348 0.0000000000
56250  -38.661  -31.726  72.041 0.0000000000
57370  -38.648  -31.418  71.506 0.0000000000
57371  -39.558  -31.223  71.497 0.0000000000
57413  -41.870  -30.768  69.464 0.0000000000
32568  -18.830  -53.307  73.559 0.0000000000
34768  -21.522  -51.603  75.409 0.0000000000
40636  -22.377  -47.460  76.829 0.0000000000
40637  -22.779  -47.153  77.161 0.0000000000
39563  -23.177  -47.795  76.852 0.0000000000
39583  -24.057  -47.437  75.560 0.0000000000
40649  -24.437  -46.875  76.195 0.0000000000
39600  -24.147  -47.276  74.766 0.0000000000
40668  -29.841  -46.751  75.169 0.0000000000
44805  -29.723  -43.706  75.779 0.0000000000
43743  -30.160  -43.945  76.026 0.0000000000
44838  -31.520  -44.315  74.257 0.0000000000
44821  -30.696  -44.015  75.027 0.0000000000
43744  -30.748  -44.161  75.635 0.0000000000
43728  -30.464  -44.227  76.066 0.0000000000
39604  -31.897  -46.991  74.148 0.0000000000
39624  -36.434  -47.250  73.716 0.0000000000
38367  -36.880  -47.461  73.057 0.0000000000
42800  -38.495  -44.291  71.647 0.0000000000
41768  -39.137  -45.267  73.471 0.0000000000
41769  -39.755  -45.342  73.278 0.0000000000
43796  -40.567  -42.650  72.522 0.0000000000
43780  -40.179  -43.744  72.482 0.0000000000
40702  -40.534  -45.871  72.804 0.0000000000
40703  -41.025  -45.610  72.219 0.0000000000
47053  -42.478  -41.175  73.016 0.0000000000
47063  -43.216  -40.771  71.468 0.0000000000
49330  -42.987  -39.262  68.616 0.0000000000
49306  -42.769  -38.600  70.170 0.0000000000
49317  -42.677  -38.653  69.216 0.0000000000
32522  -18.419  -53.395  76.494 0.0000000000
32553  -18.290  -53.545  74.693 0.0000000000
57398  -44.184  -30.171  70.098 0.0000000000
58550  -44.816  -30.222  70.532 0.0000000000
57377  -45.127  -30.513  70.832 0.0000000000
58564  -45.819  -30.427  69.966 0.0000000000
57399  -45.625  -30.583  70.406 0.0000000000
57378  -45.737  -30.904  70.771 0.0000000000
56253  -46.686  -31.544  70.726 0.0000000000
54091  -46.882  -32.598  70.705 0.0000000000
57437  -47.850  -31.016  68.658 0.0000000000
57419  -48.064  -31.268  69.010 0.0000000000
56274  -48.244  -31.812  69.313 0.0000000000
56266  -47.831  -31.915  69.828 0.0000000000
55164  -48.013  -32.389  69.718 0.0000000000
54103  -47.663  -33.003  69.991 0.0000000000
53101  -47.614  -33.720  69.566 0.0000000000
58709  -49.406  -30.238  62.743 0.0000000000
60913  -55.416  -27.155  58.863 0.0000000000
60912  -54.552  -27.932  58.581 0.0000000000
59895  -54.128  -28.473  58.974 0.0000000000
58742  -51.948  -29.513  61.638 0.0000000000
58713  -53.241  -28.951  62.589 0.0000000000
58712  -52.414  -29.371  62.649 0.0000000000
58660  -52.469  -29.598  64.625 0.0000000000
58637  -53.108  -29.793  65.579 0.0000000000
58619  -53.596  -30.305  65.929 0.0000000000
59825  -54.225  -29.342  65.256 0.0000000000
58639  -54.191  -29.958  65.612 0.0000000000
56301  -54.213  -31.228  65.711 0.0000000000
32557  -21.087  -52.711  74.588 0.0000000000
32582  -19.701  -53.191  73.070 0.0000000000
33649  -20.643  -52.622  75.397 0.0000000000
40675  -36.260  -46.108  74.506 0.0000000000
41720  -22.410  -46.823  76.771 0.0000000000
42720  -30.424  -44.514  76.207 0.0000000000
43756  -31.092  -44.230  75.029 0.0000000000
43757  -31.592  -44.479  74.965 0.0000000000
43767  -32.786  -44.635  74.317 0.0000000000
43770  -35.316  -45.396  73.949 0.0000000000
44820  -29.962  -43.723  75.150 0.0000000000
45957  -40.718  -40.557  73.763 0.0000000000
47029  -39.613  -39.863  73.779 0.0000000000
49226  -40.606  -37.658  74.986 0.0000000000
50314  -42.897  -38.531  72.113 0.0000000000
50336  -42.313  -37.968  69.823 0.0000000000
51239  -39.572  -36.524  74.857 0.0000000000
54042  -39.843  -34.057  74.838 0.0000000000
54124  -50.404  -32.990  67.906 0.0000000000
55095  -39.784  -33.827  74.697 0.0000000000
55096  -39.930  -33.657  74.759 0.0000000000
55109  -40.057  -33.141  74.600 0.0000000000
55122  -39.260  -32.979  73.824 0.0000000000
55142  -45.765  -31.797  71.602 0.0000000000
55163  -47.599  -32.264  70.189 0.0000000000
55172  -49.031  -32.475  68.815 0.0000000000
56218  -44.038  -31.557  72.397 0.0000000000
56230  -38.386  -32.210  72.102 0.0000000000
57347  -39.015  -31.720  72.319 0.0000000000
57352  -43.068  -30.718  71.987 0.0000000000
57416  -44.349  -30.107  69.355 0.0000000000
57459  -51.934  -31.531  67.139 0.0000000000
57478  -53.889  -30.708  65.909 0.0000000000
58549  -44.531  -30.158  70.445 0.0000000000
58570  -45.631  -30.169  69.440 0.0000000000
58594  -45.622  -29.983  68.125 0.0000000000
59826  -54.533  -29.502  65.252 0.0000000000
59831  -52.870  -29.521  64.931 0.0000000000
59832  -53.277  -29.243  64.542 0.0000000000
59849  -54.439  -28.273  62.870 0.0000000000
59883  -54.899  -28.191  60.305 0.0000000000
60897  -54.841  -28.087  59.373 0.0000000000
64107  -59.054  -23.912  60.421 0.0000000000
66158  -58.140  -22.870  59.896 0.0000000000
67256  -57.112  -21.672  58.787 0.0000000000
68382  -57.356  -20.328  58.057 0.0000000000
69395  -57.839  -19.657  58.147 0.0000000000
69414  -56.992  -19.689  57.114 0.0000000000
70416  -57.972  -19.301  58.038 0.0000000000
70429  -57.696  -19.087  57.712 0.0000000000
