#!ascii label  , from subject sub-01 vox2ras=TkReg
1463
50358  -41.554  -37.624  67.425 0.0000000000
38362  -31.453  -47.960  72.449 0.0000000000
56405  -53.594  -31.291  57.383 0.0000000000
54278  -38.368  -33.922  57.166 0.0000000000
53219  -46.495  -34.013  63.020 0.0000000000
41851  -40.441  -45.156  68.944 0.0000000000
42975  -29.426  -44.314  59.767 0.0000000000
48394  -35.496  -39.958  57.042 0.0000000000
39641  -23.869  -47.247  72.923 0.0000000000
61958  -59.062  -25.652  61.244 0.0000000000
40957  -22.247  -47.074  58.708 0.0000000000
52278  -39.926  -36.047  62.699 0.0000000000
54229  -42.573  -33.353  60.692 0.0000000000
53145  -43.436  -33.889  66.545 0.0000000000
47105  -43.379  -40.668  68.273 0.0000000000
45018  -38.748  -42.822  63.090 0.0000000000
48352  -41.460  -39.509  61.018 0.0000000000
49506  -37.807  -37.869  55.627 0.0000000000
63099  -58.794  -25.204  57.168 0.0000000000
41754  -28.492  -45.904  73.734 0.0000000000
41874  -24.530  -45.777  66.796 0.0000000000
37170  -27.147  -49.526  66.513 0.0000000000
54236  -49.854  -32.857  60.563 0.0000000000
39683  -36.282  -47.504  70.703 0.0000000000
39770  -31.445  -47.663  65.989 0.0000000000
40862  -35.620  -45.997  64.765 0.0000000000
43990  -32.607  -43.156  58.278 0.0000000000
34801  -22.510  -51.365  72.170 0.0000000000
53133  -50.836  -33.900  66.940 0.0000000000
55216  -54.043  -32.644  64.400 0.0000000000
60843  -55.440  -28.007  63.602 0.0000000000
55309  -57.188  -31.618  59.832 0.0000000000
57621  -58.469  -30.441  57.662 0.0000000000
38497  -20.871  -48.792  65.801 0.0000000000
40929  -25.794  -46.959  60.581 0.0000000000
51371  -40.869  -36.937  64.611 0.0000000000
53174  -41.883  -34.307  64.957 0.0000000000
53123  -41.586  -34.947  67.142 0.0000000000
49338  -42.906  -39.288  67.726 0.0000000000
47169  -42.749  -40.544  64.371 0.0000000000
49372  -42.145  -38.760  64.215 0.0000000000
50435  -40.988  -38.208  61.720 0.0000000000
55362  -53.751  -32.304  55.168 0.0000000000
55353  -55.363  -32.778  56.348 0.0000000000
38341  -30.058  -47.609  73.417 0.0000000000
40746  -28.655  -47.335  70.350 0.0000000000
37127  -29.483  -49.506  69.158 0.0000000000
55347  -40.552  -32.400  56.534 0.0000000000
53236  -44.604  -33.629  62.238 0.0000000000
55297  -44.482  -32.667  59.003 0.0000000000
54233  -46.899  -33.284  60.543 0.0000000000
54254  -48.094  -32.830  59.776 0.0000000000
53240  -48.277  -33.710  61.829 0.0000000000
39704  -38.862  -46.496  69.982 0.0000000000
39740  -36.531  -46.729  67.460 0.0000000000
40849  -38.154  -45.681  66.462 0.0000000000
46160  -36.971  -41.842  60.369 0.0000000000
43957  -36.237  -43.421  61.126 0.0000000000
45077  -34.287  -41.718  57.527 0.0000000000
52314  -37.809  -35.845  57.231 0.0000000000
54155  -52.877  -33.344  65.202 0.0000000000
57526  -57.340  -29.998  62.760 0.0000000000
58745  -57.944  -29.634  60.958 0.0000000000
56394  -58.322  -31.383  58.759 0.0000000000
59870  -58.620  -28.927  59.747 0.0000000000
60971  -58.039  -26.646  56.026 0.0000000000
37074  -22.904  -49.315  72.537 0.0000000000
35945  -21.679  -50.016  68.970 0.0000000000
38436  -22.828  -48.164  69.549 0.0000000000
41917  -23.408  -45.860  63.124 0.0000000000
40886  -21.316  -46.265  62.702 0.0000000000
39855  -20.025  -47.335  59.588 0.0000000000
40892  -30.835  -45.988  63.559 0.0000000000
40889  -28.440  -47.064  62.987 0.0000000000
41975  -28.065  -45.756  60.747 0.0000000000
53258  -38.790  -35.042  59.466 0.0000000000
54260  -40.446  -33.348  58.889 0.0000000000
53233  -41.218  -33.839  62.107 0.0000000000
53216  -43.417  -33.688  63.096 0.0000000000
53177  -45.212  -34.037  64.791 0.0000000000
43884  -41.655  -43.496  68.239 0.0000000000
42903  -39.853  -44.199  66.184 0.0000000000
45005  -41.633  -41.948  64.952 0.0000000000
46140  -40.325  -41.510  62.548 0.0000000000
47264  -38.154  -40.088  58.805 0.0000000000
48413  -36.897  -39.136  56.477 0.0000000000
49466  -39.912  -38.620  58.845 0.0000000000
51437  -39.162  -36.995  59.301 0.0000000000
63076  -59.300  -25.450  59.097 0.0000000000
66173  -59.205  -22.458  58.712 0.0000000000
41777  -26.119  -45.286  72.702 0.0000000000
40765  -24.323  -46.421  69.680 0.0000000000
41829  -26.821  -45.623  69.506 0.0000000000
40843  -26.254  -47.115  65.772 0.0000000000
38533  -24.276  -48.325  62.429 0.0000000000
55332  -42.238  -32.308  57.219 0.0000000000
55340  -50.217  -31.873  57.736 0.0000000000
55305  -51.677  -32.063  59.523 0.0000000000
38406  -34.337  -47.877  71.153 0.0000000000
37130  -32.131  -49.078  69.133 0.0000000000
38477  -33.777  -48.037  67.943 0.0000000000
39786  -33.379  -46.693  65.001 0.0000000000
41937  -32.913  -45.196  62.604 0.0000000000
42914  -37.535  -44.685  63.942 0.0000000000
42927  -34.535  -44.707  61.864 0.0000000000
42977  -31.486  -43.963  59.627 0.0000000000
53077  -41.551  -34.790  71.096 0.0000000000
39606  -33.299  -46.865  74.182 0.0000000000
39645  -38.205  -47.241  72.616 0.0000000000
40728  -40.478  -46.156  71.435 0.0000000000
54109  -43.331  -33.742  69.770 0.0000000000
53111  -45.569  -34.235  68.673 0.0000000000
52227  -47.485  -34.664  66.617 0.0000000000
53115  -49.016  -33.817  68.466 0.0000000000
53166  -49.046  -34.662  66.077 0.0000000000
53200  -50.567  -33.878  63.535 0.0000000000
54192  -51.719  -32.807  62.549 0.0000000000
56349  -53.837  -31.744  61.007 0.0000000000
57510  -55.801  -30.339  64.673 0.0000000000
55243  -55.519  -31.757  62.634 0.0000000000
55307  -56.119  -31.769  59.157 0.0000000000
54264  -57.147  -32.798  58.173 0.0000000000
60931  -58.542  -27.631  57.917 0.0000000000
34834  -20.411  -51.752  69.031 0.0000000000
35984  -18.700  -50.308  63.555 0.0000000000
39753  -22.112  -47.133  66.236 0.0000000000
38531  -19.835  -48.165  63.088 0.0000000000
37181  -29.126  -49.228  66.141 0.0000000000
38534  -26.455  -48.992  62.556 0.0000000000
39857  -23.668  -47.437  59.262 0.0000000000
39901  -24.259  -47.517  56.714 0.0000000000
51350  -41.128  -36.800  66.916 0.0000000000
52225  -41.113  -35.941  66.373 0.0000000000
52213  -41.274  -35.721  67.347 0.0000000000
50359  -42.087  -38.251  67.876 0.0000000000
49348  -42.493  -39.051  66.389 0.0000000000
50368  -41.437  -37.725  66.401 0.0000000000
50379  -41.397  -37.849  65.326 0.0000000000
56404  -52.558  -31.327  57.269 0.0000000000
56448  -53.963  -31.821  55.976 0.0000000000
55364  -55.131  -32.917  55.857 0.0000000000
55352  -55.056  -32.157  56.755 0.0000000000
38342  -30.773  -47.475  73.661 0.0000000000
35898  -29.981  -48.583  71.616 0.0000000000
37078  -31.078  -48.592  71.588 0.0000000000
54287  -38.534  -33.345  56.143 0.0000000000
54288  -39.245  -32.918  56.316 0.0000000000
53237  -45.599  -33.665  62.220 0.0000000000
54211  -45.718  -33.531  61.380 0.0000000000
53238  -46.593  -33.735  62.171 0.0000000000
54213  -47.629  -33.512  61.240 0.0000000000
53220  -47.508  -34.169  62.904 0.0000000000
40771  -39.447  -46.211  69.894 0.0000000000
40787  -38.186  -46.258  68.377 0.0000000000
41864  -39.515  -45.371  67.980 0.0000000000
46184  -36.519  -41.031  59.089 0.0000000000
45052  -35.525  -42.080  59.072 0.0000000000
46195  -34.745  -41.229  57.542 0.0000000000
46224  -33.204  -41.069  56.157 0.0000000000
53271  -37.971  -34.470  57.048 0.0000000000
53280  -37.285  -34.862  55.624 0.0000000000
54296  -37.754  -33.794  55.334 0.0000000000
59851  -58.297  -28.496  61.843 0.0000000000
60872  -58.774  -27.651  61.562 0.0000000000
58775  -58.352  -29.690  60.097 0.0000000000
60886  -59.144  -27.605  60.391 0.0000000000
38379  -23.308  -48.230  72.229 0.0000000000
37107  -22.695  -48.802  70.274 0.0000000000
39660  -23.529  -47.561  71.405 0.0000000000
41951  -23.049  -46.312  61.264 0.0000000000
40925  -21.615  -46.045  60.474 0.0000000000
40956  -21.545  -46.947  58.734 0.0000000000
39880  -20.787  -48.279  57.885 0.0000000000
39881  -21.367  -48.062  57.579 0.0000000000
41955  -30.014  -45.457  61.781 0.0000000000
41954  -28.852  -45.986  61.809 0.0000000000
42955  -28.555  -45.143  60.375 0.0000000000
53231  -39.558  -35.226  61.360 0.0000000000
54226  -39.907  -34.211  60.718 0.0000000000
53232  -39.881  -34.951  62.070 0.0000000000
53160  -42.702  -33.954  65.714 0.0000000000
53192  -41.975  -34.043  64.055 0.0000000000
53193  -43.181  -33.788  63.969 0.0000000000
53194  -44.319  -33.747  63.943 0.0000000000
53162  -45.009  -34.073  65.703 0.0000000000
44942  -42.763  -42.210  68.586 0.0000000000
44969  -41.876  -42.715  66.925 0.0000000000
46068  -42.482  -41.896  66.561 0.0000000000
47205  -42.122  -40.192  62.535 0.0000000000
46122  -41.977  -40.720  63.034 0.0000000000
47222  -41.164  -40.466  61.270 0.0000000000
47235  -39.668  -40.756  60.426 0.0000000000
47252  -40.410  -40.138  59.913 0.0000000000
48381  -38.967  -39.597  58.404 0.0000000000
48383  -40.426  -39.316  59.405 0.0000000000
51416  -40.037  -37.058  61.907 0.0000000000
50451  -40.125  -37.698  60.174 0.0000000000
51415  -39.682  -36.744  61.242 0.0000000000
52307  -38.704  -36.131  59.334 0.0000000000
41765  -26.982  -45.150  73.431 0.0000000000
41790  -26.285  -45.371  71.428 0.0000000000
41779  -28.088  -45.770  72.122 0.0000000000
38453  -28.296  -48.676  68.325 0.0000000000
40803  -27.622  -47.483  67.684 0.0000000000
38499  -26.521  -48.762  65.912 0.0000000000
39779  -25.034  -47.737  63.984 0.0000000000
37178  -26.172  -49.260  64.975 0.0000000000
54248  -41.511  -33.271  59.709 0.0000000000
54261  -41.532  -32.898  58.689 0.0000000000
54262  -42.489  -32.699  58.645 0.0000000000
55298  -45.537  -32.664  59.068 0.0000000000
55334  -44.336  -32.075  57.251 0.0000000000
55335  -45.466  -32.102  57.465 0.0000000000
54255  -48.814  -32.667  59.672 0.0000000000
55302  -49.226  -32.474  59.122 0.0000000000
55303  -50.059  -32.452  59.191 0.0000000000
55322  -50.680  -32.048  58.498 0.0000000000
55280  -51.054  -32.487  60.086 0.0000000000
38407  -35.281  -47.649  71.401 0.0000000000
38423  -34.243  -48.058  70.193 0.0000000000
39700  -35.436  -47.555  69.460 0.0000000000
40846  -35.950  -46.372  65.668 0.0000000000
39773  -34.856  -46.845  65.885 0.0000000000
40861  -34.758  -46.226  64.745 0.0000000000
40877  -33.325  -45.961  64.023 0.0000000000
41922  -33.666  -45.532  63.320 0.0000000000
43931  -39.224  -43.672  64.554 0.0000000000
42916  -38.867  -44.207  64.928 0.0000000000
42923  -38.052  -44.056  63.667 0.0000000000
43965  -34.668  -43.593  59.992 0.0000000000
42962  -35.173  -43.789  60.662 0.0000000000
42961  -34.251  -43.968  60.404 0.0000000000
42960  -33.299  -44.153  60.401 0.0000000000
49490  -37.514  -38.764  55.989 0.0000000000
39667  -39.871  -46.535  72.042 0.0000000000
44895  -42.783  -42.707  71.078 0.0000000000
53085  -42.102  -34.126  70.454 0.0000000000
54112  -45.664  -33.721  70.402 0.0000000000
53112  -46.605  -34.354  68.863 0.0000000000
53128  -46.304  -34.499  67.910 0.0000000000
53113  -47.547  -34.293  68.948 0.0000000000
54131  -49.869  -33.758  67.777 0.0000000000
53149  -49.422  -34.407  67.110 0.0000000000
53150  -50.186  -34.376  66.607 0.0000000000
53182  -50.418  -34.304  64.511 0.0000000000
53168  -51.244  -34.053  65.234 0.0000000000
54166  -53.342  -33.054  64.722 0.0000000000
54164  -52.040  -33.450  64.106 0.0000000000
55226  -53.089  -32.620  63.058 0.0000000000
55262  -52.686  -32.298  61.432 0.0000000000
55241  -53.736  -32.373  62.522 0.0000000000
59836  -55.766  -28.928  64.495 0.0000000000
56335  -57.117  -30.842  61.972 0.0000000000
56334  -56.724  -31.092  62.536 0.0000000000
55267  -56.659  -31.289  61.600 0.0000000000
55284  -55.859  -31.543  60.265 0.0000000000
55308  -56.625  -31.838  59.511 0.0000000000
55325  -56.724  -32.425  58.430 0.0000000000
55326  -57.230  -32.333  58.901 0.0000000000
57604  -58.525  -30.567  58.559 0.0000000000
55344  -58.409  -32.210  57.932 0.0000000000
63087  -59.053  -25.271  58.182 0.0000000000
61992  -58.956  -26.265  58.575 0.0000000000
62011  -58.800  -26.026  57.785 0.0000000000
37159  -21.280  -49.586  67.376 0.0000000000
35951  -20.947  -50.684  67.690 0.0000000000
37168  -20.543  -49.996  66.291 0.0000000000
35976  -19.382  -50.321  64.675 0.0000000000
37186  -19.859  -49.555  64.755 0.0000000000
40783  -24.494  -46.087  68.510 0.0000000000
40799  -23.604  -46.565  67.958 0.0000000000
40840  -23.279  -46.070  66.152 0.0000000000
39804  -20.091  -47.605  62.584 0.0000000000
34936  -19.695  -51.756  59.333 0.0000000000
38475  -31.835  -48.718  67.803 0.0000000000
37163  -30.446  -49.504  67.475 0.0000000000
38501  -30.033  -48.887  66.194 0.0000000000
40909  -27.013  -47.093  61.472 0.0000000000
39808  -27.396  -48.116  62.824 0.0000000000
39823  -26.359  -47.856  61.639 0.0000000000
38545  -25.073  -48.707  61.466 0.0000000000
39859  -24.896  -47.431  60.216 0.0000000000
38634  -23.798  -48.465  56.305 0.0000000000
52251  -40.686  -36.330  64.169 0.0000000000
53190  -40.546  -35.377  63.702 0.0000000000
52252  -40.838  -35.825  64.626 0.0000000000
53159  -41.849  -34.492  65.807 0.0000000000
53144  -42.421  -34.149  66.530 0.0000000000
48226  -43.279  -39.836  67.951 0.0000000000
46069  -43.051  -41.148  66.291 0.0000000000
48253  -43.044  -39.714  66.218 0.0000000000
48285  -42.799  -39.640  64.384 0.0000000000
49409  -42.217  -39.183  63.093 0.0000000000
49428  -41.387  -38.731  61.481 0.0000000000
50404  -41.449  -38.176  63.229 0.0000000000
51383  -41.021  -37.595  63.780 0.0000000000
53272  -56.271  -33.943  56.274 0.0000000000
39601  -29.321  -46.893  73.599 0.0000000000
40714  -28.727  -46.518  72.287 0.0000000000
39643  -29.516  -47.544  72.436 0.0000000000
38420  -29.134  -48.563  69.992 0.0000000000
37162  -28.353  -49.503  67.899 0.0000000000
54209  -43.708  -33.490  61.451 0.0000000000
54230  -43.783  -33.284  60.578 0.0000000000
54231  -44.878  -33.295  60.588 0.0000000000
54251  -45.160  -32.928  59.848 0.0000000000
55299  -46.551  -32.665  59.093 0.0000000000
55318  -46.978  -32.366  58.360 0.0000000000
54253  -47.173  -32.943  59.814 0.0000000000
54234  -47.860  -33.206  60.489 0.0000000000
54215  -49.468  -33.272  61.240 0.0000000000
39685  -37.692  -47.138  70.567 0.0000000000
39719  -36.265  -47.179  68.682 0.0000000000
39720  -37.422  -46.617  68.489 0.0000000000
40804  -37.236  -46.377  67.222 0.0000000000
40864  -37.191  -45.683  65.424 0.0000000000
45038  -37.913  -42.358  61.702 0.0000000000
43947  -37.196  -43.478  62.030 0.0000000000
43968  -36.722  -42.562  60.826 0.0000000000
43979  -35.368  -42.784  59.578 0.0000000000
43991  -33.554  -42.799  58.110 0.0000000000
45074  -31.788  -42.584  56.857 0.0000000000
45096  -32.697  -41.716  56.240 0.0000000000
51457  -37.762  -36.810  56.416 0.0000000000
51469  -37.331  -36.558  54.871 0.0000000000
55187  -51.654  -32.605  67.256 0.0000000000
54133  -51.880  -33.284  66.700 0.0000000000
55188  -52.418  -32.418  66.813 0.0000000000
55195  -53.142  -32.246  66.397 0.0000000000
55205  -54.288  -32.438  65.113 0.0000000000
61901  -56.692  -27.359  63.016 0.0000000000
58688  -56.818  -29.506  63.888 0.0000000000
59850  -57.850  -28.406  62.809 0.0000000000
58714  -57.742  -29.591  62.007 0.0000000000
57569  -57.584  -30.749  60.614 0.0000000000
55310  -57.634  -31.594  59.586 0.0000000000
57570  -57.856  -30.443  60.411 0.0000000000
58802  -58.578  -29.765  59.214 0.0000000000
58823  -58.568  -29.642  58.402 0.0000000000
64146  -58.660  -24.665  56.374 0.0000000000
62028  -58.460  -26.029  56.581 0.0000000000
62052  -58.187  -25.847  55.581 0.0000000000
35911  -22.776  -50.117  71.983 0.0000000000
35922  -22.335  -50.783  70.800 0.0000000000
37106  -22.421  -49.862  70.514 0.0000000000
37124  -22.295  -49.330  69.417 0.0000000000
38471  -21.691  -48.818  67.808 0.0000000000
41909  -24.355  -45.843  64.536 0.0000000000
41891  -22.958  -45.775  64.785 0.0000000000
41916  -22.293  -45.803  63.187 0.0000000000
40904  -20.607  -46.610  61.214 0.0000000000
39854  -19.602  -47.996  59.588 0.0000000000
36053  -19.912  -50.825  59.045 0.0000000000
38586  -20.323  -48.782  58.283 0.0000000000
40857  -31.269  -46.613  64.599 0.0000000000
39793  -29.494  -47.242  64.243 0.0000000000
40890  -29.303  -46.492  63.004 0.0000000000
41953  -28.107  -46.234  61.404 0.0000000000
41974  -27.037  -46.082  60.481 0.0000000000
54268  -38.668  -34.231  58.180 0.0000000000
54269  -39.456  -33.475  57.985 0.0000000000
54259  -39.296  -34.010  59.054 0.0000000000
54247  -40.414  -33.621  59.831 0.0000000000
54207  -41.954  -33.576  61.387 0.0000000000
53214  -40.977  -34.299  63.197 0.0000000000
53215  -42.231  -33.829  63.112 0.0000000000
54208  -42.904  -33.490  61.604 0.0000000000
53217  -44.485  -33.683  63.085 0.0000000000
53195  -45.370  -33.963  63.919 0.0000000000
53196  -46.377  -34.212  63.893 0.0000000000
42863  -41.161  -44.437  68.882 0.0000000000
42879  -40.393  -44.571  67.771 0.0000000000
43906  -41.011  -43.588  66.922 0.0000000000
43920  -40.744  -43.356  65.962 0.0000000000
45003  -40.008  -42.851  64.292 0.0000000000
46085  -42.478  -41.442  65.445 0.0000000000
45020  -40.782  -41.981  63.752 0.0000000000
45031  -39.653  -41.954  62.801 0.0000000000
46151  -38.538  -41.807  61.652 0.0000000000
47249  -37.688  -40.648  59.406 0.0000000000
47278  -36.636  -40.049  58.013 0.0000000000
48412  -35.782  -39.437  56.537 0.0000000000
48396  -37.463  -39.466  57.468 0.0000000000
48397  -38.632  -39.174  57.582 0.0000000000
49479  -39.178  -38.435  57.822 0.0000000000
50466  -40.325  -38.096  59.915 0.0000000000
50473  -39.412  -37.782  58.484 0.0000000000
50472  -38.931  -37.522  58.014 0.0000000000
51440  -38.526  -36.818  58.050 0.0000000000
53260  -38.456  -34.987  58.568 0.0000000000
63059  -59.365  -25.670  59.934 0.0000000000
64108  -59.317  -24.506  59.826 0.0000000000
65128  -59.317  -23.522  59.121 0.0000000000
65135  -59.412  -23.451  58.183 0.0000000000
66191  -59.245  -22.695  56.803 0.0000000000
66209  -58.826  -22.478  55.906 0.0000000000
40698  -25.245  -45.710  73.203 0.0000000000
40724  -24.546  -46.255  71.404 0.0000000000
40725  -25.239  -45.716  70.929 0.0000000000
41828  -25.836  -45.627  69.376 0.0000000000
41861  -25.728  -45.686  67.723 0.0000000000
40768  -28.150  -46.704  69.501 0.0000000000
40785  -27.321  -46.147  68.623 0.0000000000
40822  -26.070  -46.317  66.200 0.0000000000
40856  -25.262  -46.946  64.429 0.0000000000
40888  -24.166  -46.920  62.634 0.0000000000
40927  -23.497  -47.253  60.823 0.0000000000
55330  -40.536  -32.686  57.318 0.0000000000
55331  -41.315  -32.437  57.216 0.0000000000
55296  -43.410  -32.674  58.882 0.0000000000
56389  -51.659  -31.634  58.091 0.0000000000
56390  -52.663  -31.430  58.205 0.0000000000
38386  -33.537  -47.778  71.882 0.0000000000
38404  -32.168  -48.442  70.912 0.0000000000
38405  -33.225  -48.368  70.747 0.0000000000
38456  -33.010  -48.507  68.508 0.0000000000
38492  -33.055  -47.963  67.228 0.0000000000
39739  -35.246  -47.397  67.804 0.0000000000
38493  -33.845  -47.738  67.187 0.0000000000
39771  -32.606  -47.266  65.878 0.0000000000
40858  -32.135  -46.482  64.581 0.0000000000
41936  -31.912  -45.350  62.692 0.0000000000
42942  -31.274  -44.725  61.262 0.0000000000
41897  -39.035  -44.871  66.320 0.0000000000
41895  -37.738  -45.449  65.399 0.0000000000
41911  -36.284  -45.492  64.257 0.0000000000
42930  -36.717  -44.095  62.226 0.0000000000
42921  -36.354  -44.638  62.841 0.0000000000
41939  -35.020  -44.976  62.618 0.0000000000
41959  -33.769  -44.709  61.658 0.0000000000
42943  -32.229  -44.573  61.168 0.0000000000
49503  -35.352  -38.769  55.323 0.0000000000
50335  -41.901  -37.523  69.230 0.0000000000
52190  -41.531  -35.835  69.530 0.0000000000
37063  -23.039  -49.455  73.474 0.0000000000
40682  -24.639  -46.618  74.686 0.0000000000
40683  -25.289  -45.782  74.497 0.0000000000
41752  -26.869  -45.020  74.483 0.0000000000
40668  -29.841  -46.751  75.169 0.0000000000
39586  -30.544  -47.104  74.494 0.0000000000
39604  -31.897  -46.991  74.148 0.0000000000
38344  -33.044  -47.281  73.602 0.0000000000
38364  -33.835  -47.479  72.874 0.0000000000
38365  -34.870  -47.516  73.067 0.0000000000
38389  -36.566  -47.538  72.445 0.0000000000
38368  -37.381  -47.422  72.942 0.0000000000
38409  -37.193  -47.489  71.923 0.0000000000
39686  -38.834  -46.712  70.707 0.0000000000
40747  -39.596  -46.407  70.618 0.0000000000
40749  -40.898  -45.496  70.207 0.0000000000
41833  -41.576  -44.774  70.233 0.0000000000
43842  -42.390  -43.425  69.925 0.0000000000
44907  -42.647  -42.824  69.666 0.0000000000
50336  -42.313  -37.968  69.823 0.0000000000
53095  -41.740  -34.839  68.902 0.0000000000
53108  -42.365  -34.315  68.189 0.0000000000
53109  -43.353  -33.965  68.341 0.0000000000
54099  -44.052  -33.407  70.842 0.0000000000
53110  -44.477  -34.013  68.452 0.0000000000
53146  -44.613  -34.086  66.611 0.0000000000
53147  -46.003  -34.400  66.726 0.0000000000
53148  -46.723  -34.560  66.285 0.0000000000
53179  -47.231  -34.511  64.776 0.0000000000
53130  -48.202  -34.483  68.224 0.0000000000
52240  -48.205  -34.660  66.343 0.0000000000
53180  -48.253  -34.632  64.810 0.0000000000
53198  -48.451  -34.445  63.767 0.0000000000
53222  -49.704  -33.852  62.769 0.0000000000
54190  -50.013  -33.512  62.015 0.0000000000
54154  -52.064  -33.629  64.880 0.0000000000
54173  -51.132  -33.385  63.033 0.0000000000
54217  -51.312  -32.703  61.667 0.0000000000
55261  -51.916  -32.434  61.122 0.0000000000
55282  -52.601  -32.027  60.603 0.0000000000
56378  -53.655  -31.436  59.349 0.0000000000
56309  -54.794  -31.073  65.311 0.0000000000
55217  -54.998  -32.172  64.383 0.0000000000
56319  -56.464  -30.724  63.858 0.0000000000
55229  -55.766  -31.692  63.529 0.0000000000
55228  -54.845  -32.254  63.532 0.0000000000
56351  -54.832  -31.706  61.432 0.0000000000
56364  -54.469  -31.540  60.518 0.0000000000
56392  -54.614  -31.388  58.590 0.0000000000
55342  -55.801  -32.309  57.455 0.0000000000
54272  -56.270  -32.876  57.236 0.0000000000
53266  -57.295  -33.533  57.381 0.0000000000
55327  -57.883  -32.098  58.930 0.0000000000
54275  -58.127  -33.040  57.909 0.0000000000
53274  -58.097  -34.015  56.611 0.0000000000
61974  -59.214  -26.518  59.447 0.0000000000
59897  -58.724  -28.345  58.852 0.0000000000
58844  -58.356  -29.409  57.631 0.0000000000
60949  -58.062  -27.477  56.857 0.0000000000
58863  -57.936  -29.069  57.081 0.0000000000
56425  -58.406  -31.270  56.868 0.0000000000
34835  -21.112  -51.481  69.121 0.0000000000
39696  -23.475  -47.360  69.784 0.0000000000
39734  -22.304  -47.658  67.557 0.0000000000
39752  -21.567  -48.051  66.509 0.0000000000
40853  -21.747  -46.648  64.526 0.0000000000
39778  -21.082  -47.326  64.264 0.0000000000
38505  -20.444  -48.898  64.961 0.0000000000
37213  -18.882  -49.404  62.934 0.0000000000
37111  -31.089  -49.377  70.090 0.0000000000
35954  -29.213  -49.766  67.616 0.0000000000
35970  -28.064  -50.311  66.075 0.0000000000
39781  -28.556  -48.550  64.610 0.0000000000
37203  -27.591  -49.596  64.444 0.0000000000
37188  -26.685  -49.915  64.727 0.0000000000
37215  -25.332  -49.261  62.603 0.0000000000
38561  -24.014  -48.255  61.174 0.0000000000
39840  -23.224  -47.300  59.604 0.0000000000
42992  -25.771  -45.030  59.112 0.0000000000
41991  -25.395  -45.841  59.459 0.0000000000
40946  -24.538  -46.778  59.152 0.0000000000
39870  -24.074  -47.223  58.742 0.0000000000
39869  -23.474  -47.423  58.344 0.0000000000
39882  -22.323  -47.892  57.382 0.0000000000
51340  -41.307  -36.726  67.943 0.0000000000
50349  -41.720  -37.554  68.396 0.0000000000
50369  -42.009  -38.353  66.902 0.0000000000
56423  -53.408  -31.472  56.469 0.0000000000
56424  -54.287  -31.737  56.571 0.0000000000
56406  -54.778  -31.606  57.508 0.0000000000
37065  -30.744  -48.393  72.076 0.0000000000
55358  -39.046  -32.890  55.760 0.0000000000
54279  -39.178  -33.158  56.995 0.0000000000
40790  -40.196  -45.475  69.184 0.0000000000
40807  -39.204  -45.762  68.460 0.0000000000
41850  -39.976  -45.302  68.507 0.0000000000
47277  -35.597  -40.522  57.718 0.0000000000
46196  -35.336  -41.116  58.053 0.0000000000
54277  -37.930  -34.302  56.831 0.0000000000
54286  -37.808  -34.090  56.343 0.0000000000
61940  -58.692  -26.453  61.862 0.0000000000
61941  -59.056  -27.078  61.303 0.0000000000
59859  -59.022  -28.046  60.555 0.0000000000
61959  -59.229  -26.597  60.637 0.0000000000
39640  -23.635  -47.488  72.096 0.0000000000
40926  -22.910  -46.700  60.316 0.0000000000
41971  -22.540  -46.175  60.825 0.0000000000
40944  -22.065  -46.509  59.358 0.0000000000
39867  -21.791  -47.398  58.093 0.0000000000
41977  -29.845  -45.037  61.029 0.0000000000
42956  -29.265  -44.823  60.425 0.0000000000
52292  -39.670  -36.148  61.854 0.0000000000
53175  -42.949  -33.855  64.853 0.0000000000
53161  -43.836  -33.856  65.689 0.0000000000
53176  -44.112  -33.820  64.814 0.0000000000
46040  -43.190  -41.540  68.827 0.0000000000
46053  -42.431  -42.253  67.265 0.0000000000
46054  -42.929  -41.619  67.594 0.0000000000
47224  -41.935  -39.904  62.114 0.0000000000
47204  -41.743  -40.357  62.227 0.0000000000
47223  -41.562  -40.151  61.625 0.0000000000
47237  -40.950  -40.273  60.622 0.0000000000
47253  -40.768  -40.004  60.121 0.0000000000
48367  -40.332  -39.719  59.477 0.0000000000
48369  -41.135  -39.413  60.395 0.0000000000
52291  -39.421  -35.866  61.157 0.0000000000
41766  -27.840  -45.546  73.110 0.0000000000
41767  -28.481  -45.995  72.814 0.0000000000
38488  -27.500  -49.274  67.086 0.0000000000
38487  -27.255  -48.724  66.912 0.0000000000
38498  -26.045  -48.691  65.091 0.0000000000
54249  -42.757  -32.959  59.597 0.0000000000
55317  -45.981  -32.384  58.307 0.0000000000
55278  -49.519  -32.645  59.836 0.0000000000
55279  -50.313  -32.586  59.937 0.0000000000
54237  -50.548  -32.681  60.561 0.0000000000
38425  -35.711  -47.585  70.679 0.0000000000
38441  -35.415  -47.618  70.142 0.0000000000
39701  -35.932  -47.487  69.810 0.0000000000
40845  -35.205  -46.486  65.354 0.0000000000
40878  -34.243  -45.889  64.099 0.0000000000
40879  -34.992  -45.818  64.230 0.0000000000
43942  -38.909  -43.384  63.794 0.0000000000
42924  -38.646  -43.993  64.316 0.0000000000
43941  -38.241  -43.414  63.093 0.0000000000
43977  -33.475  -43.412  58.957 0.0000000000
42980  -34.075  -43.630  59.627 0.0000000000
42979  -33.386  -43.785  59.690 0.0000000000
43976  -32.602  -43.552  59.042 0.0000000000
49491  -38.074  -38.296  56.187 0.0000000000
54132  -50.673  -33.353  67.512 0.0000000000
54124  -50.404  -32.990  67.906 0.0000000000
53132  -50.057  -34.045  67.359 0.0000000000
53167  -50.281  -34.480  65.589 0.0000000000
53151  -51.134  -34.038  66.187 0.0000000000
54176  -53.338  -32.901  64.201 0.0000000000
55227  -53.791  -32.578  63.471 0.0000000000
60832  -55.528  -28.352  64.197 0.0000000000
60833  -55.992  -28.434  64.119 0.0000000000
56353  -56.989  -31.100  61.576 0.0000000000
55286  -56.809  -31.328  60.985 0.0000000000
55285  -56.364  -31.505  60.640 0.0000000000
56408  -58.508  -31.372  57.801 0.0000000000
64136  -59.181  -24.324  57.729 0.0000000000
34812  -22.177  -51.540  71.239 0.0000000000
37169  -20.889  -49.494  66.527 0.0000000000
35959  -20.791  -50.099  66.939 0.0000000000
37177  -20.638  -49.478  66.041 0.0000000000
37176  -20.391  -49.590  65.552 0.0000000000
38496  -20.556  -49.116  65.441 0.0000000000
41860  -24.938  -45.734  67.651 0.0000000000
40821  -23.979  -46.098  67.362 0.0000000000
41873  -23.930  -45.784  66.160 0.0000000000
36052  -18.993  -50.850  59.364 0.0000000000
39755  -31.573  -48.198  66.658 0.0000000000
38490  -31.035  -48.868  67.023 0.0000000000
38502  -30.917  -48.351  66.354 0.0000000000
40908  -26.335  -47.220  61.128 0.0000000000
39844  -25.863  -47.597  61.047 0.0000000000
39843  -25.296  -47.705  60.642 0.0000000000
40928  -25.242  -47.230  60.345 0.0000000000
51370  -40.751  -36.703  64.175 0.0000000000
52263  -40.666  -35.756  64.163 0.0000000000
52238  -41.002  -35.954  65.438 0.0000000000
53142  -41.407  -35.268  66.673 0.0000000000
53158  -41.383  -35.206  65.989 0.0000000000
53143  -41.752  -34.692  66.556 0.0000000000
53124  -42.080  -34.433  67.273 0.0000000000
49330  -42.987  -39.262  68.616 0.0000000000
48238  -43.185  -39.681  67.168 0.0000000000
49349  -42.850  -39.322  66.975 0.0000000000
49361  -42.407  -39.070  65.489 0.0000000000
48252  -42.687  -39.396  65.827 0.0000000000
49373  -42.462  -39.175  64.667 0.0000000000
49390  -42.452  -39.292  63.807 0.0000000000
49389  -42.005  -38.700  63.499 0.0000000000
49408  -41.822  -38.818  62.567 0.0000000000
51382  -40.674  -36.870  63.773 0.0000000000
54280  -56.103  -33.170  56.763 0.0000000000
39602  -29.704  -47.226  73.866 0.0000000000
39621  -29.194  -46.944  72.784 0.0000000000
39622  -29.596  -47.361  73.177 0.0000000000
35923  -29.978  -49.013  70.958 0.0000000000
37092  -29.723  -48.690  71.037 0.0000000000
37109  -29.662  -49.086  70.322 0.0000000000
37145  -28.775  -49.435  68.561 0.0000000000
37146  -29.125  -49.575  68.718 0.0000000000
55359  -39.693  -32.580  55.913 0.0000000000
54210  -44.707  -33.528  61.395 0.0000000000
54232  -45.909  -33.281  60.591 0.0000000000
54252  -46.191  -32.940  59.851 0.0000000000
54214  -48.531  -33.417  61.196 0.0000000000
54189  -49.100  -33.685  61.950 0.0000000000
39703  -38.220  -46.619  69.620 0.0000000000
39702  -37.057  -47.098  69.609 0.0000000000
40827  -38.343  -45.806  67.116 0.0000000000
40805  -37.829  -46.227  67.644 0.0000000000
40826  -37.678  -46.059  66.822 0.0000000000
40825  -36.919  -46.306  66.616 0.0000000000
40848  -37.556  -45.798  66.046 0.0000000000
46150  -37.830  -42.042  61.375 0.0000000000
45037  -37.330  -42.394  61.252 0.0000000000
45044  -36.499  -42.193  60.232 0.0000000000
45062  -34.660  -42.017  58.154 0.0000000000
45051  -34.898  -42.585  58.861 0.0000000000
43992  -34.354  -42.643  58.432 0.0000000000
45061  -34.074  -42.430  57.954 0.0000000000
44010  -33.118  -42.529  57.416 0.0000000000
45076  -33.626  -42.023  57.247 0.0000000000
51447  -37.671  -36.218  56.628 0.0000000000
51456  -37.568  -36.698  55.822 0.0000000000
56291  -51.579  -31.960  67.422 0.0000000000
57477  -53.268  -30.855  66.376 0.0000000000
56299  -52.865  -31.640  66.684 0.0000000000
56300  -53.585  -31.458  66.196 0.0000000000
55196  -53.986  -32.059  65.750 0.0000000000
63013  -57.536  -26.329  62.128 0.0000000000
63012  -57.072  -26.318  62.049 0.0000000000
61919  -57.330  -26.908  62.586 0.0000000000
60845  -57.196  -27.715  63.092 0.0000000000
58715  -58.158  -29.093  61.402 0.0000000000
58744  -57.705  -29.995  61.294 0.0000000000
57553  -57.467  -30.516  61.301 0.0000000000
57554  -57.702  -30.156  60.964 0.0000000000
59884  -58.675  -28.945  58.979 0.0000000000
64162  -58.433  -24.225  55.531 0.0000000000
63117  -58.493  -25.198  55.856 0.0000000000
37089  -22.517  -50.188  71.313 0.0000000000
37090  -22.692  -49.245  71.455 0.0000000000
38419  -23.054  -48.008  70.262 0.0000000000
38435  -22.562  -48.575  69.229 0.0000000000
38451  -22.345  -48.416  68.569 0.0000000000
41918  -24.144  -45.893  63.726 0.0000000000
41908  -23.558  -45.703  64.238 0.0000000000
40924  -20.553  -46.654  60.244 0.0000000000
39839  -19.938  -47.265  60.701 0.0000000000
38585  -19.697  -48.965  58.923 0.0000000000
38603  -20.990  -48.923  57.489 0.0000000000
37312  -20.738  -49.946  57.940 0.0000000000
40874  -30.569  -46.506  64.070 0.0000000000
40891  -30.171  -46.183  63.296 0.0000000000
40931  -27.508  -46.457  61.118 0.0000000000
53261  -38.802  -34.580  58.961 0.0000000000
54246  -39.616  -34.159  60.118 0.0000000000
53248  -40.276  -34.163  61.278 0.0000000000
54227  -40.421  -33.854  60.610 0.0000000000
53249  -41.035  -33.727  61.185 0.0000000000
54228  -41.328  -33.546  60.555 0.0000000000
53191  -40.882  -35.009  64.139 0.0000000000
53234  -42.574  -33.638  62.255 0.0000000000
53235  -43.627  -33.597  62.273 0.0000000000
53178  -46.237  -34.328  64.776 0.0000000000
43860  -41.454  -43.874  68.533 0.0000000000
43883  -41.182  -43.874  67.982 0.0000000000
44989  -41.845  -42.251  65.929 0.0000000000
44968  -41.342  -42.926  66.233 0.0000000000
44988  -41.140  -42.691  65.480 0.0000000000
43933  -40.518  -43.154  65.277 0.0000000000
45004  -40.666  -42.515  64.537 0.0000000000
46086  -42.952  -40.836  65.471 0.0000000000
47153  -42.747  -40.863  64.866 0.0000000000
46141  -41.355  -40.712  62.272 0.0000000000
46121  -41.306  -41.426  63.272 0.0000000000
46120  -40.583  -41.799  63.289 0.0000000000
46139  -39.337  -41.766  62.292 0.0000000000
46152  -39.644  -41.291  61.561 0.0000000000
47251  -39.485  -40.472  59.911 0.0000000000
46173  -38.781  -40.718  60.037 0.0000000000
47250  -38.573  -40.473  59.549 0.0000000000
47263  -36.910  -40.575  58.814 0.0000000000
47279  -37.471  -39.906  58.250 0.0000000000
48380  -38.170  -39.614  58.086 0.0000000000
48398  -39.424  -39.102  58.216 0.0000000000
49478  -38.546  -38.557  57.057 0.0000000000
49427  -40.987  -38.354  61.301 0.0000000000
49441  -40.889  -38.469  60.771 0.0000000000
51428  -39.560  -37.016  60.349 0.0000000000
50465  -39.977  -37.906  59.461 0.0000000000
51441  -38.945  -37.189  58.529 0.0000000000
51436  -38.731  -36.621  58.800 0.0000000000
52306  -38.464  -35.827  58.752 0.0000000000
53257  -38.560  -35.271  58.935 0.0000000000
66167  -59.138  -22.934  59.384 0.0000000000
66179  -59.426  -22.526  57.597 0.0000000000
65154  -58.897  -23.354  56.545 0.0000000000
67283  -59.411  -21.602  56.731 0.0000000000
40712  -25.232  -45.635  72.021 0.0000000000
41807  -26.995  -45.502  70.472 0.0000000000
41806  -26.023  -45.535  70.273 0.0000000000
41849  -26.455  -45.668  68.791 0.0000000000
40727  -28.730  -46.933  71.352 0.0000000000
40745  -28.348  -46.508  70.782 0.0000000000
40769  -28.507  -47.418  69.706 0.0000000000
39754  -26.963  -47.897  66.644 0.0000000000
40802  -27.260  -46.878  67.404 0.0000000000
40801  -26.398  -46.115  67.062 0.0000000000
40842  -25.655  -46.640  65.235 0.0000000000
38518  -24.857  -48.429  63.519 0.0000000000
39791  -24.474  -47.441  63.139 0.0000000000
39806  -24.084  -47.506  62.442 0.0000000000
40907  -23.578  -47.082  61.384 0.0000000000
39805  -23.822  -47.783  61.921 0.0000000000
55329  -39.891  -32.983  57.433 0.0000000000
54270  -40.505  -33.010  58.033 0.0000000000
55313  -41.931  -32.593  57.947 0.0000000000
54250  -44.067  -32.952  59.774 0.0000000000
55300  -47.510  -32.610  59.104 0.0000000000
55301  -48.395  -32.510  59.103 0.0000000000
55321  -49.726  -32.219  58.451 0.0000000000
55323  -51.346  -31.976  58.871 0.0000000000
56376  -51.975  -31.756  58.793 0.0000000000
38439  -34.131  -48.138  69.351 0.0000000000
38438  -33.375  -48.484  69.179 0.0000000000
38457  -33.813  -48.234  68.715 0.0000000000
38476  -32.733  -48.365  67.814 0.0000000000
39772  -33.760  -46.975  65.629 0.0000000000
39758  -34.486  -47.367  66.703 0.0000000000
39757  -33.381  -47.540  66.541 0.0000000000
39785  -32.801  -46.824  65.129 0.0000000000
40859  -33.004  -46.411  64.574 0.0000000000
41921  -32.682  -45.631  63.325 0.0000000000
41956  -31.105  -45.126  62.002 0.0000000000
41957  -32.088  -44.881  61.965 0.0000000000
42888  -40.180  -44.386  66.929 0.0000000000
41877  -39.412  -44.986  67.005 0.0000000000
42887  -39.537  -44.566  66.411 0.0000000000
42915  -38.183  -44.600  64.539 0.0000000000
42901  -38.551  -44.694  65.221 0.0000000000
41913  -38.084  -45.092  65.104 0.0000000000
41912  -37.340  -45.296  64.652 0.0000000000
41925  -36.788  -44.991  63.677 0.0000000000
42948  -36.602  -43.631  61.602 0.0000000000
42946  -35.044  -44.333  61.326 0.0000000000
42929  -35.880  -44.465  62.029 0.0000000000
42928  -35.255  -44.664  62.071 0.0000000000
41940  -35.680  -44.776  62.577 0.0000000000
41938  -33.977  -45.050  62.470 0.0000000000
42959  -32.358  -44.256  60.403 0.0000000000
42958  -31.364  -44.399  60.450 0.0000000000
48429  -36.076  -38.936  55.874 0.0000000000
35885  -22.762  -50.244  73.488 0.0000000000
40667  -29.312  -46.598  74.772 0.0000000000
38345  -34.108  -47.210  73.661 0.0000000000
38388  -35.606  -47.604  72.334 0.0000000000
38366  -35.877  -47.500  73.300 0.0000000000
39625  -37.502  -47.181  73.386 0.0000000000
39644  -37.653  -47.385  72.861 0.0000000000
38390  -37.427  -47.448  72.512 0.0000000000
38391  -37.815  -47.392  72.230 0.0000000000
39665  -37.973  -47.303  71.668 0.0000000000
39687  -39.709  -46.511  71.224 0.0000000000
40748  -40.262  -46.057  70.571 0.0000000000
41809  -41.403  -45.135  70.505 0.0000000000
41810  -41.798  -44.660  70.603 0.0000000000
42843  -41.792  -44.300  69.892 0.0000000000
42822  -42.301  -44.039  70.595 0.0000000000
44908  -42.775  -42.680  70.231 0.0000000000
44923  -42.863  -42.293  69.375 0.0000000000
53084  -41.644  -34.808  70.001 0.0000000000
53096  -42.598  -34.041  69.400 0.0000000000
53098  -44.799  -33.935  69.396 0.0000000000
53127  -45.185  -34.266  67.638 0.0000000000
52214  -46.988  -34.663  67.287 0.0000000000
52226  -46.831  -34.616  66.732 0.0000000000
53164  -47.079  -34.585  65.688 0.0000000000
52239  -47.703  -34.665  66.078 0.0000000000
54115  -49.214  -32.916  68.698 0.0000000000
53114  -48.443  -33.956  68.857 0.0000000000
52229  -48.860  -34.551  66.986 0.0000000000
53181  -49.354  -34.578  64.739 0.0000000000
53199  -49.538  -34.300  63.648 0.0000000000
53223  -50.439  -33.578  62.725 0.0000000000
54143  -52.083  -33.615  65.739 0.0000000000
54174  -51.884  -33.130  63.406 0.0000000000
54191  -50.820  -33.160  62.231 0.0000000000
55260  -51.149  -32.579  60.856 0.0000000000
55239  -52.052  -32.524  61.832 0.0000000000
55283  -53.240  -31.950  61.033 0.0000000000
56362  -52.925  -31.700  59.902 0.0000000000
56363  -53.589  -31.629  60.320 0.0000000000
57495  -55.161  -30.403  65.131 0.0000000000
58640  -54.825  -29.812  65.269 0.0000000000
56310  -55.394  -31.004  64.890 0.0000000000
55206  -54.933  -31.697  65.053 0.0000000000
55207  -55.473  -31.343  64.651 0.0000000000
57525  -56.861  -30.314  63.351 0.0000000000
55244  -56.202  -31.456  62.614 0.0000000000
55230  -56.301  -31.371  63.063 0.0000000000
55242  -54.641  -32.120  62.631 0.0000000000
55265  -55.380  -31.645  61.548 0.0000000000
56365  -55.067  -31.567  60.851 0.0000000000
56380  -55.319  -31.450  59.859 0.0000000000
56379  -54.549  -31.385  59.579 0.0000000000
56393  -55.497  -31.624  58.694 0.0000000000
56407  -55.257  -31.654  58.036 0.0000000000
54263  -56.909  -32.795  58.033 0.0000000000
55343  -56.426  -32.502  57.920 0.0000000000
54273  -56.737  -33.083  57.545 0.0000000000
56382  -57.867  -31.219  59.742 0.0000000000
53267  -57.757  -33.609  57.306 0.0000000000
60932  -58.724  -26.823  58.103 0.0000000000
60915  -58.809  -27.542  58.749 0.0000000000
60914  -58.623  -27.911  58.351 0.0000000000
59896  -58.562  -28.506  58.322 0.0000000000
35935  -21.912  -50.666  69.744 0.0000000000
35934  -21.473  -51.189  69.354 0.0000000000
35944  -21.406  -50.814  68.758 0.0000000000
35958  -20.430  -50.689  66.825 0.0000000000
35950  -20.492  -51.071  67.370 0.0000000000
34852  -19.199  -50.893  65.354 0.0000000000
35985  -19.053  -50.217  64.075 0.0000000000
35975  -18.791  -50.659  64.206 0.0000000000
35995  -18.135  -50.719  62.769 0.0000000000
40743  -24.605  -46.210  70.526 0.0000000000
39681  -23.912  -46.865  70.647 0.0000000000
40764  -23.817  -46.827  69.621 0.0000000000
40798  -23.001  -46.795  67.442 0.0000000000
39735  -22.949  -47.133  67.917 0.0000000000
40869  -22.117  -46.094  64.002 0.0000000000
40854  -22.384  -46.181  64.678 0.0000000000
40868  -21.487  -46.424  63.572 0.0000000000
39789  -20.463  -47.552  63.435 0.0000000000
39777  -20.530  -48.129  64.328 0.0000000000
38517  -19.840  -48.784  63.958 0.0000000000
38516  -19.497  -49.082  63.626 0.0000000000
38530  -19.363  -48.856  63.106 0.0000000000
36064  -20.734  -50.787  58.485 0.0000000000
34937  -20.654  -51.712  59.122 0.0000000000
37112  -31.930  -49.110  69.855 0.0000000000
37094  -31.753  -48.905  70.531 0.0000000000
37129  -31.292  -49.397  69.180 0.0000000000
37172  -29.516  -49.391  66.565 0.0000000000
35955  -29.923  -49.725  67.620 0.0000000000
35963  -29.382  -49.609  66.928 0.0000000000
35962  -28.571  -49.893  66.853 0.0000000000
35980  -28.244  -49.982  65.657 0.0000000000
39782  -29.226  -47.923  64.854 0.0000000000
39792  -28.514  -47.862  63.879 0.0000000000
38535  -27.023  -49.017  63.223 0.0000000000
38520  -27.309  -49.284  63.729 0.0000000000
37217  -26.601  -49.455  63.423 0.0000000000
37202  -27.099  -49.620  63.947 0.0000000000
37201  -26.275  -49.606  63.717 0.0000000000
37200  -25.556  -49.410  63.312 0.0000000000
37238  -25.621  -49.198  62.345 0.0000000000
39842  -24.629  -47.864  60.452 0.0000000000
38562  -24.495  -48.305  60.956 0.0000000000
39841  -23.787  -47.719  60.358 0.0000000000
42009  -25.075  -45.367  58.558 0.0000000000
42971  -25.978  -45.401  59.532 0.0000000000
42025  -24.598  -45.936  57.941 0.0000000000
40959  -24.353  -46.665  58.300 0.0000000000
39884  -23.973  -47.210  57.774 0.0000000000
38605  -22.942  -48.311  56.766 0.0000000000
39883  -23.341  -47.716  57.299 0.0000000000
39868  -22.698  -47.459  58.195 0.0000000000
51360  -40.984  -36.903  65.860 0.0000000000
49329  -42.588  -38.738  68.270 0.0000000000
49337  -42.520  -38.834  67.361 0.0000000000
50380  -41.951  -38.468  65.910 0.0000000000
50391  -41.995  -38.589  64.960 0.0000000000
50390  -41.533  -38.125  64.224 0.0000000000
55363  -54.485  -32.579  55.599 0.0000000000
38360  -29.889  -47.814  72.787 0.0000000000
38361  -30.432  -48.017  72.678 0.0000000000
35900  -30.600  -48.658  71.574 0.0000000000
35924  -30.265  -49.180  70.718 0.0000000000
54212  -46.704  -33.543  61.329 0.0000000000
53239  -47.547  -33.782  62.041 0.0000000000
40770  -38.853  -46.366  69.636 0.0000000000
39721  -38.161  -46.405  68.866 0.0000000000
40788  -38.823  -46.142  68.974 0.0000000000
40806  -38.696  -45.874  67.965 0.0000000000
41863  -38.946  -45.497  67.319 0.0000000000
46171  -36.819  -41.365  59.661 0.0000000000
45053  -36.144  -41.968  59.628 0.0000000000
46183  -35.915  -41.206  58.706 0.0000000000
46182  -35.175  -41.476  58.204 0.0000000000
46194  -34.114  -41.487  57.191 0.0000000000
46208  -34.242  -41.170  57.022 0.0000000000
47304  -33.349  -40.561  55.929 0.0000000000
52313  -37.682  -35.417  56.892 0.0000000000
52320  -37.456  -35.663  56.207 0.0000000000
53270  -37.678  -34.824  56.702 0.0000000000
61920  -58.065  -26.894  62.445 0.0000000000
60858  -57.827  -27.440  62.768 0.0000000000
60859  -58.329  -27.539  62.293 0.0000000000
59858  -58.666  -28.644  60.818 0.0000000000
59871  -58.910  -28.180  60.097 0.0000000000
38400  -23.086  -48.242  71.047 0.0000000000
41932  -23.448  -46.215  62.127 0.0000000000
41931  -22.746  -45.830  62.232 0.0000000000
40943  -20.999  -46.637  59.369 0.0000000000
39866  -20.724  -47.570  58.447 0.0000000000
37313  -21.452  -49.843  57.221 0.0000000000
41935  -30.837  -45.646  62.853 0.0000000000
41934  -29.728  -45.973  62.527 0.0000000000
41976  -29.088  -45.319  61.051 0.0000000000
41994  -27.932  -45.193  60.020 0.0000000000
53247  -39.451  -34.900  60.826 0.0000000000
44941  -42.217  -42.763  68.041 0.0000000000
43907  -41.598  -43.293  67.616 0.0000000000
47185  -42.605  -40.299  63.625 0.0000000000
46142  -41.845  -40.485  62.498 0.0000000000
46153  -40.660  -40.779  61.416 0.0000000000
46163  -39.946  -40.876  60.852 0.0000000000
46164  -40.476  -40.672  60.773 0.0000000000
47236  -40.192  -40.575  60.369 0.0000000000
47265  -39.184  -39.992  59.154 0.0000000000
47266  -39.905  -39.988  59.416 0.0000000000
48382  -39.880  -39.457  58.925 0.0000000000
49467  -40.299  -39.036  59.137 0.0000000000
50419  -40.687  -37.677  62.207 0.0000000000
50434  -40.623  -37.898  61.298 0.0000000000
51429  -40.082  -37.433  60.886 0.0000000000
52298  -38.986  -36.026  60.145 0.0000000000
41778  -27.138  -45.323  72.346 0.0000000000
41791  -27.414  -45.543  71.353 0.0000000000
39699  -28.670  -48.032  69.563 0.0000000000
39698  -28.440  -47.523  69.349 0.0000000000
39737  -27.850  -47.855  67.856 0.0000000000
39736  -27.498  -48.039  67.305 0.0000000000
39768  -26.476  -47.771  66.001 0.0000000000
39767  -26.035  -47.913  65.235 0.0000000000
38508  -25.453  -48.576  64.373 0.0000000000
38519  -25.240  -49.082  63.675 0.0000000000
55316  -44.934  -32.366  58.222 0.0000000000
55304  -50.855  -32.326  59.348 0.0000000000
38424  -35.006  -47.722  70.520 0.0000000000
38440  -35.009  -47.694  69.621 0.0000000000
38458  -34.568  -47.804  68.628 0.0000000000
39760  -36.353  -46.587  66.717 0.0000000000
39759  -35.650  -46.819  66.542 0.0000000000
39774  -35.425  -46.648  65.860 0.0000000000
40844  -34.510  -46.609  65.268 0.0000000000
40860  -33.872  -46.410  64.761 0.0000000000
43918  -39.430  -43.875  65.145 0.0000000000
42902  -39.210  -44.420  65.701 0.0000000000
43966  -35.269  -43.316  60.107 0.0000000000
42947  -35.946  -43.923  61.371 0.0000000000
42945  -34.029  -44.436  61.104 0.0000000000
42978  -32.520  -43.895  59.726 0.0000000000
39607  -34.350  -46.868  74.273 0.0000000000
39626  -38.611  -46.638  73.436 0.0000000000
39666  -38.981  -46.843  71.858 0.0000000000
39646  -39.239  -46.738  72.693 0.0000000000
42804  -42.529  -43.760  71.029 0.0000000000
53078  -42.064  -33.821  71.324 0.0000000000
54098  -42.987  -33.585  70.465 0.0000000000
53099  -45.851  -34.044  69.663 0.0000000000
53129  -47.287  -34.592  68.162 0.0000000000
55179  -49.627  -32.502  68.401 0.0000000000
54123  -49.566  -33.326  68.265 0.0000000000
53131  -49.167  -34.144  67.943 0.0000000000
54165  -52.763  -33.284  64.492 0.0000000000
54175  -52.755  -32.949  63.728 0.0000000000
54193  -52.415  -32.741  63.065 0.0000000000
55240  -52.754  -32.523  62.318 0.0000000000
55263  -53.585  -32.101  61.662 0.0000000000
59835  -54.938  -29.029  64.852 0.0000000000
58662  -55.467  -29.662  64.861 0.0000000000
57537  -57.175  -30.487  62.427 0.0000000000
57536  -56.803  -30.779  62.963 0.0000000000
56352  -56.575  -31.287  62.032 0.0000000000
55266  -56.231  -31.458  61.744 0.0000000000
54282  -58.527  -32.947  57.065 0.0000000000
60970  -57.524  -27.561  55.752 0.0000000000
60948  -57.738  -27.790  56.432 0.0000000000
34823  -20.919  -51.857  69.437 0.0000000000
37142  -21.435  -50.002  68.208 0.0000000000
35968  -20.076  -50.471  65.977 0.0000000000
35967  -19.614  -50.570  65.480 0.0000000000
35977  -19.884  -50.120  65.296 0.0000000000
37185  -19.536  -49.729  64.391 0.0000000000
40782  -23.750  -46.783  69.043 0.0000000000
40820  -23.568  -46.202  66.953 0.0000000000
40819  -22.766  -46.635  66.683 0.0000000000
40885  -20.609  -46.818  62.382 0.0000000000
40867  -20.911  -46.745  63.166 0.0000000000
38542  -18.797  -48.969  61.956 0.0000000000
36051  -18.254  -50.907  60.025 0.0000000000
37165  -31.709  -48.990  68.164 0.0000000000
37148  -31.556  -49.216  68.513 0.0000000000
37164  -31.188  -49.200  67.745 0.0000000000
38489  -30.412  -49.078  66.680 0.0000000000
38500  -29.368  -48.957  65.971 0.0000000000
39825  -27.786  -47.455  62.623 0.0000000000
39809  -27.954  -47.761  63.157 0.0000000000
39824  -27.178  -47.593  62.179 0.0000000000
39807  -26.706  -48.420  62.400 0.0000000000
38546  -25.905  -48.820  62.006 0.0000000000
39822  -25.589  -48.210  61.247 0.0000000000
38563  -25.023  -48.283  60.867 0.0000000000
39858  -24.382  -47.412  59.700 0.0000000000
37336  -24.771  -49.214  55.785 0.0000000000
39900  -23.693  -47.939  56.737 0.0000000000
53213  -40.391  -35.234  63.271 0.0000000000
52262  -40.379  -35.931  63.672 0.0000000000
53173  -41.278  -35.098  65.156 0.0000000000
47119  -43.344  -40.438  67.026 0.0000000000
47134  -43.166  -40.412  65.873 0.0000000000
48270  -43.146  -39.988  65.374 0.0000000000
48269  -42.833  -39.578  65.222 0.0000000000
48306  -42.976  -39.902  64.195 0.0000000000
48305  -42.788  -39.810  63.807 0.0000000000
48340  -42.123  -39.750  62.436 0.0000000000
48339  -41.784  -39.482  61.963 0.0000000000
50420  -41.233  -38.213  62.359 0.0000000000
50403  -40.909  -37.591  63.040 0.0000000000
51400  -40.358  -36.912  62.918 0.0000000000
54289  -54.874  -33.156  55.394 0.0000000000
40699  -28.892  -46.454  73.246 0.0000000000
39642  -29.106  -47.219  71.911 0.0000000000
39662  -29.090  -47.610  71.074 0.0000000000
37075  -29.632  -48.197  71.622 0.0000000000
38401  -29.406  -48.325  70.825 0.0000000000
39682  -29.022  -47.981  70.359 0.0000000000
38437  -28.757  -48.823  69.213 0.0000000000
37144  -28.268  -49.176  68.056 0.0000000000
37161  -27.901  -49.558  67.438 0.0000000000
54235  -48.867  -32.957  60.424 0.0000000000
39684  -36.799  -47.387  70.493 0.0000000000
39741  -37.245  -46.500  67.684 0.0000000000
40824  -36.330  -46.449  66.275 0.0000000000
40847  -36.752  -46.072  65.861 0.0000000000
40863  -36.530  -45.814  65.117 0.0000000000
45029  -38.341  -42.565  62.334 0.0000000000
43948  -37.859  -43.218  62.474 0.0000000000
43959  -37.557  -42.868  61.867 0.0000000000
43958  -36.801  -43.059  61.333 0.0000000000
43967  -36.053  -42.913  60.498 0.0000000000
43980  -35.906  -42.417  59.810 0.0000000000
43978  -34.495  -43.166  59.169 0.0000000000
44009  -32.578  -42.748  57.524 0.0000000000
45075  -32.639  -42.355  56.861 0.0000000000
45116  -31.941  -41.651  55.366 0.0000000000
45097  -33.288  -41.599  56.582 0.0000000000
50496  -37.871  -37.434  56.100 0.0000000000
50509  -37.763  -37.623  55.640 0.0000000000
50495  -37.687  -37.249  55.710 0.0000000000
52329  -37.272  -35.898  55.441 0.0000000000
55186  -50.956  -32.578  67.677 0.0000000000
54134  -52.656  -32.756  66.519 0.0000000000
54144  -53.111  -32.988  65.993 0.0000000000
54156  -53.589  -32.884  65.187 0.0000000000
60844  -56.277  -27.857  63.519 0.0000000000
59843  -56.402  -28.769  64.096 0.0000000000
59844  -57.040  -28.587  63.499 0.0000000000
58689  -57.393  -29.435  63.139 0.0000000000
56366  -57.391  -31.110  60.520 0.0000000000
56381  -57.527  -31.387  59.898 0.0000000000
56367  -57.682  -30.897  60.309 0.0000000000
57587  -58.327  -30.560  59.478 0.0000000000
64147  -58.882  -24.147  56.922 0.0000000000
63098  -58.617  -25.268  56.492 0.0000000000
35910  -22.551  -50.816  71.630 0.0000000000
37143  -21.777  -49.326  68.519 0.0000000000
38470  -21.474  -48.969  67.269 0.0000000000
38486  -21.315  -48.927  66.754 0.0000000000
41893  -24.706  -45.786  65.517 0.0000000000
41892  -23.620  -45.727  65.298 0.0000000000
41907  -22.766  -45.728  64.005 0.0000000000
41915  -21.735  -46.002  62.964 0.0000000000
41930  -21.908  -45.791  62.375 0.0000000000
40905  -21.324  -46.093  61.759 0.0000000000
37295  -20.005  -49.833  58.723 0.0000000000
36081  -20.911  -50.530  58.065 0.0000000000
39783  -30.444  -47.291  64.992 0.0000000000
40872  -29.057  -46.991  63.620 0.0000000000
41933  -29.175  -46.231  62.428 0.0000000000
40911  -28.746  -46.481  62.444 0.0000000000
40910  -27.955  -46.775  61.999 0.0000000000
40930  -26.681  -46.687  60.849 0.0000000000
41973  -26.328  -46.353  60.377 0.0000000000
53218  -45.503  -33.788  63.072 0.0000000000
41852  -40.902  -44.935  69.285 0.0000000000
41865  -40.137  -44.986  68.187 0.0000000000
42880  -40.797  -44.336  68.112 0.0000000000
42889  -40.713  -44.155  67.533 0.0000000000
43905  -40.349  -43.861  66.317 0.0000000000
43919  -40.001  -43.752  65.627 0.0000000000
43932  -39.941  -43.323  64.805 0.0000000000
43943  -39.580  -43.141  64.217 0.0000000000
46103  -42.210  -41.165  64.172 0.0000000000
46102  -41.358  -41.797  64.130 0.0000000000
45019  -39.835  -42.404  63.535 0.0000000000
45030  -39.118  -42.258  62.739 0.0000000000
46138  -38.803  -42.055  62.299 0.0000000000
46161  -37.670  -41.675  60.743 0.0000000000
46162  -38.967  -41.019  60.671 0.0000000000
46172  -38.069  -40.952  60.035 0.0000000000
47262  -36.239  -40.570  58.336 0.0000000000
48395  -36.288  -39.668  57.254 0.0000000000
48414  -37.982  -39.011  56.676 0.0000000000
50483  -38.605  -37.730  57.219 0.0000000000
49442  -41.182  -38.972  60.506 0.0000000000
49455  -40.565  -38.694  59.745 0.0000000000
49454  -40.185  -38.427  59.316 0.0000000000
50452  -40.483  -38.046  60.430 0.0000000000
50484  -39.094  -37.889  57.841 0.0000000000
51448  -38.005  -36.724  57.099 0.0000000000
52310  -38.131  -35.868  57.892 0.0000000000
53265  -37.991  -34.928  57.445 0.0000000000
63042  -59.255  -25.283  60.612 0.0000000000
65127  -59.091  -23.406  59.846 0.0000000000
64124  -59.361  -24.425  58.683 0.0000000000
67268  -59.367  -21.478  57.861 0.0000000000
65144  -59.261  -23.431  57.282 0.0000000000
64163  -58.646  -23.961  56.284 0.0000000000
65170  -58.611  -23.444  55.902 0.0000000000
66208  -58.538  -22.524  55.207 0.0000000000
65169  -58.403  -23.197  55.144 0.0000000000
40711  -24.541  -46.335  72.504 0.0000000000
39661  -23.951  -46.922  71.830 0.0000000000
40744  -25.129  -45.835  69.986 0.0000000000
40766  -25.052  -45.858  69.132 0.0000000000
41847  -25.161  -45.741  68.221 0.0000000000
41875  -25.546  -45.747  66.899 0.0000000000
40713  -28.471  -46.152  72.105 0.0000000000
41792  -28.068  -45.935  71.280 0.0000000000
41830  -27.513  -45.850  69.848 0.0000000000
41862  -26.545  -45.874  67.984 0.0000000000
41894  -25.371  -45.874  66.085 0.0000000000
40841  -25.040  -46.246  64.668 0.0000000000
40871  -24.197  -46.443  63.138 0.0000000000
39780  -25.509  -47.588  64.618 0.0000000000
40855  -24.740  -46.590  63.884 0.0000000000
40870  -23.864  -46.395  62.588 0.0000000000
41952  -23.502  -46.603  61.683 0.0000000000
40906  -23.303  -46.825  60.912 0.0000000000
55346  -39.831  -32.741  56.764 0.0000000000
54271  -41.162  -32.715  57.850 0.0000000000
55348  -41.500  -32.076  56.344 0.0000000000
55314  -42.860  -32.507  58.017 0.0000000000
55315  -43.867  -32.413  58.121 0.0000000000
55333  -43.237  -32.223  57.270 0.0000000000
55320  -48.834  -32.231  58.436 0.0000000000
56388  -50.972  -31.714  57.704 0.0000000000
56403  -51.630  -31.449  57.106 0.0000000000
56391  -53.666  -31.299  58.384 0.0000000000
38363  -32.702  -47.589  72.707 0.0000000000
38384  -31.658  -48.396  71.410 0.0000000000
38385  -32.454  -48.043  71.678 0.0000000000
37095  -32.366  -48.698  70.345 0.0000000000
37113  -32.776  -48.706  69.722 0.0000000000
38422  -33.581  -48.385  69.831 0.0000000000
37131  -32.741  -48.752  68.964 0.0000000000
38455  -32.476  -48.592  68.179 0.0000000000
38491  -32.094  -48.283  67.218 0.0000000000
39756  -32.369  -47.799  66.614 0.0000000000
39718  -35.404  -47.523  68.991 0.0000000000
38478  -34.513  -47.729  67.982 0.0000000000
39738  -34.392  -47.663  67.527 0.0000000000
39784  -31.778  -46.939  65.250 0.0000000000
40875  -31.461  -46.119  63.972 0.0000000000
40876  -32.408  -46.028  63.985 0.0000000000
41920  -31.765  -45.727  63.388 0.0000000000
42941  -30.512  -44.968  61.340 0.0000000000
42957  -30.315  -44.641  60.563 0.0000000000
41878  -39.923  -44.851  67.563 0.0000000000
41876  -38.720  -45.352  66.653 0.0000000000
41896  -38.406  -45.203  65.835 0.0000000000
42931  -37.529  -43.766  62.795 0.0000000000
42922  -37.168  -44.366  63.201 0.0000000000
41924  -35.788  -45.131  63.347 0.0000000000
41910  -35.507  -45.588  64.010 0.0000000000
41923  -34.762  -45.437  63.438 0.0000000000
41958  -33.045  -44.803  61.826 0.0000000000
42944  -33.147  -44.508  61.080 0.0000000000
51329  -41.549  -36.755  68.958 0.0000000000
52181  -41.609  -35.940  70.724 0.0000000000
34802  -22.675  -50.669  72.246 0.0000000000
35897  -22.806  -50.128  72.726 0.0000000000
38358  -23.284  -48.590  73.287 0.0000000000
38380  -23.487  -47.964  73.096 0.0000000000
39620  -24.171  -47.054  74.004 0.0000000000
40697  -24.613  -46.439  73.641 0.0000000000
41764  -26.034  -45.220  73.844 0.0000000000
41751  -26.033  -45.143  74.774 0.0000000000
41753  -27.770  -45.406  74.157 0.0000000000
41741  -28.612  -45.901  74.835 0.0000000000
40684  -29.023  -46.461  74.109 0.0000000000
39584  -29.440  -46.864  74.212 0.0000000000
39585  -29.797  -47.060  74.496 0.0000000000
39603  -30.148  -47.350  74.041 0.0000000000
38326  -30.770  -47.251  74.133 0.0000000000
38327  -31.069  -47.187  74.137 0.0000000000
38343  -31.847  -47.278  73.701 0.0000000000
39605  -32.339  -46.940  74.143 0.0000000000
38387  -34.603  -47.653  72.146 0.0000000000
38408  -36.316  -47.543  71.484 0.0000000000
39664  -37.127  -47.437  71.212 0.0000000000
40772  -40.346  -45.590  69.640 0.0000000000
40716  -41.092  -45.649  71.633 0.0000000000
40729  -41.022  -45.654  70.925 0.0000000000
41832  -41.235  -44.934  69.761 0.0000000000
42842  -41.445  -44.486  69.484 0.0000000000
42864  -41.560  -44.232  69.335 0.0000000000
43861  -41.832  -43.669  69.011 0.0000000000
43829  -42.458  -43.560  70.438 0.0000000000
44922  -42.495  -42.882  69.099 0.0000000000
47074  -43.363  -40.751  70.420 0.0000000000
47089  -43.395  -40.714  69.378 0.0000000000
48212  -43.350  -39.885  68.956 0.0000000000
49317  -42.677  -38.653  69.216 0.0000000000
50350  -42.235  -38.129  68.807 0.0000000000
52201  -41.403  -35.759  68.441 0.0000000000
53107  -41.652  -34.913  67.885 0.0000000000
53125  -42.921  -33.992  67.379 0.0000000000
54110  -44.005  -33.665  70.003 0.0000000000
54111  -44.945  -33.726  70.253 0.0000000000
53097  -43.767  -33.837  69.220 0.0000000000
53126  -44.028  -33.944  67.476 0.0000000000
53163  -46.070  -34.356  65.655 0.0000000000
52215  -47.843  -34.665  67.494 0.0000000000
52216  -48.591  -34.502  67.540 0.0000000000
52228  -48.294  -34.627  66.955 0.0000000000
53165  -47.941  -34.682  65.636 0.0000000000
53197  -47.392  -34.393  63.857 0.0000000000
53221  -48.595  -34.067  62.687 0.0000000000
54216  -50.440  -32.979  61.309 0.0000000000
53183  -51.288  -33.830  64.349 0.0000000000
53201  -51.381  -33.560  63.703 0.0000000000
55281  -51.764  -32.285  60.353 0.0000000000
55306  -52.284  -31.922  59.934 0.0000000000
56377  -52.662  -31.636  59.177 0.0000000000
55197  -54.490  -31.528  65.472 0.0000000000
57511  -56.419  -30.282  64.152 0.0000000000
56318  -56.002  -31.025  64.309 0.0000000000
56327  -56.416  -31.108  63.481 0.0000000000
55218  -55.555  -31.587  64.342 0.0000000000
55264  -54.432  -31.926  61.890 0.0000000000
56350  -54.377  -31.731  61.274 0.0000000000
55341  -55.279  -31.996  57.210 0.0000000000
55324  -56.191  -32.114  58.311 0.0000000000
54281  -56.577  -33.617  56.860 0.0000000000
54265  -57.605  -32.737  58.352 0.0000000000
54274  -57.469  -33.196  57.805 0.0000000000
53273  -57.135  -34.044  56.782 0.0000000000
60899  -59.104  -27.480  59.766 0.0000000000
59885  -58.822  -28.266  59.356 0.0000000000
62029  -58.657  -25.969  57.245 0.0000000000
62010  -58.528  -26.648  57.434 0.0000000000
59906  -58.256  -28.417  57.524 0.0000000000
59921  -57.947  -28.331  57.087 0.0000000000
34825  -21.944  -51.340  70.437 0.0000000000
34824  -21.437  -51.686  69.839 0.0000000000
34851  -18.673  -51.215  64.817 0.0000000000
34863  -18.209  -51.355  63.762 0.0000000000
39680  -23.417  -47.618  70.619 0.0000000000
39715  -22.951  -47.580  68.631 0.0000000000
39714  -22.529  -47.881  68.267 0.0000000000
39733  -21.627  -48.479  67.190 0.0000000000
40839  -22.618  -46.309  65.596 0.0000000000
39766  -22.067  -46.865  65.602 0.0000000000
39790  -20.967  -46.989  63.622 0.0000000000
39765  -21.530  -47.442  65.385 0.0000000000
38506  -20.885  -48.123  64.948 0.0000000000
37197  -19.291  -49.598  63.793 0.0000000000
37196  -18.854  -49.790  63.301 0.0000000000
37234  -18.351  -49.839  62.063 0.0000000000
37212  -18.578  -49.910  62.857 0.0000000000
37093  -31.248  -48.921  70.901 0.0000000000
35925  -30.714  -49.251  70.586 0.0000000000
37110  -30.230  -49.440  70.054 0.0000000000
37147  -30.659  -49.559  68.284 0.0000000000
37128  -30.310  -49.615  69.140 0.0000000000
35937  -29.629  -49.665  68.767 0.0000000000
35947  -29.174  -49.675  68.418 0.0000000000
35961  -27.727  -50.029  66.774 0.0000000000
35969  -27.292  -50.161  65.683 0.0000000000
38511  -29.831  -48.201  65.487 0.0000000000
38510  -28.960  -48.809  65.476 0.0000000000
38536  -27.746  -48.386  63.415 0.0000000000
38521  -27.793  -49.020  64.114 0.0000000000
37190  -28.139  -49.555  65.074 0.0000000000
35979  -27.715  -50.119  65.358 0.0000000000
35978  -27.247  -50.198  65.090 0.0000000000
37187  -25.784  -49.469  64.145 0.0000000000
37199  -24.882  -49.070  62.977 0.0000000000
37236  -24.881  -48.968  61.818 0.0000000000
38544  -24.463  -48.605  61.681 0.0000000000
38543  -23.957  -48.249  61.750 0.0000000000
39821  -23.705  -47.804  61.232 0.0000000000
40945  -22.687  -47.071  59.269 0.0000000000
42973  -27.336  -44.813  59.509 0.0000000000
42972  -26.506  -45.119  59.527 0.0000000000
41993  -27.199  -45.433  60.041 0.0000000000
41992  -26.311  -45.765  59.941 0.0000000000
40948  -25.772  -46.322  60.061 0.0000000000
42008  -24.700  -46.110  58.835 0.0000000000
41990  -24.874  -46.359  59.366 0.0000000000
40947  -25.073  -46.785  59.890 0.0000000000
39856  -23.072  -47.368  58.892 0.0000000000
40958  -22.673  -47.263  58.756 0.0000000000
38604  -21.976  -48.852  56.810 0.0000000000
35886  -30.043  -48.525  71.884 0.0000000000
35887  -30.462  -48.496  71.883 0.0000000000
35899  -30.211  -48.557  71.728 0.0000000000
35912  -29.995  -48.742  71.385 0.0000000000
35913  -30.304  -48.879  71.221 0.0000000000
35914  -30.815  -49.058  70.895 0.0000000000
35936  -29.404  -49.619  68.777 0.0000000000
35946  -28.795  -49.642  68.198 0.0000000000
35948  -29.811  -49.753  68.316 0.0000000000
35952  -27.988  -49.865  67.307 0.0000000000
35953  -28.500  -49.678  67.626 0.0000000000
35960  -27.146  -49.999  66.180 0.0000000000
35964  -29.991  -49.625  67.187 0.0000000000
35971  -28.696  -49.772  66.256 0.0000000000
35972  -29.134  -49.458  66.510 0.0000000000
37064  -30.373  -48.373  72.091 0.0000000000
37076  -29.824  -48.400  71.673 0.0000000000
37077  -30.112  -48.276  72.186 0.0000000000
37091  -29.619  -48.316  71.385 0.0000000000
37108  -29.352  -48.880  70.072 0.0000000000
37125  -22.611  -48.729  69.609 0.0000000000
37126  -29.164  -49.098  69.576 0.0000000000
37149  -32.275  -48.815  68.515 0.0000000000
37150  -32.693  -48.695  68.682 0.0000000000
37160  -21.521  -49.444  67.981 0.0000000000
37171  -27.549  -49.646  66.938 0.0000000000
37173  -30.163  -49.360  66.827 0.0000000000
37174  -30.703  -49.266  67.269 0.0000000000
37179  -26.725  -49.737  65.686 0.0000000000
37180  -28.556  -49.626  65.734 0.0000000000
37182  -29.712  -49.238  66.443 0.0000000000
37189  -27.399  -49.941  64.738 0.0000000000
37191  -28.676  -49.343  65.601 0.0000000000
37198  -19.617  -49.419  64.251 0.0000000000
37214  -24.761  -49.022  62.237 0.0000000000
37216  -26.100  -49.408  62.821 0.0000000000
37237  -25.245  -49.111  62.031 0.0000000000
37275  -18.162  -50.362  60.463 0.0000000000
38381  -29.486  -47.938  71.672 0.0000000000
38382  -29.799  -48.033  72.248 0.0000000000
38383  -30.067  -47.918  72.737 0.0000000000
38402  -29.564  -48.727  70.655 0.0000000000
38403  -31.684  -48.641  70.936 0.0000000000
38410  -37.613  -47.434  72.094 0.0000000000
38421  -29.430  -48.731  70.382 0.0000000000
38452  -22.685  -48.197  68.995 0.0000000000
38454  -28.512  -48.972  68.598 0.0000000000
38472  -27.504  -48.531  67.275 0.0000000000
38473  -27.796  -48.677  67.642 0.0000000000
38474  -31.353  -48.953  67.535 0.0000000000
38507  -25.077  -48.311  63.957 0.0000000000
38509  -28.373  -49.034  64.780 0.0000000000
38532  -23.957  -48.162  62.052 0.0000000000
38572  -19.850  -48.163  59.007 0.0000000000
38606  -23.424  -48.083  56.735 0.0000000000
39663  -36.643  -47.487  70.994 0.0000000000
39697  -23.857  -46.851  69.939 0.0000000000
39716  -28.291  -47.884  68.615 0.0000000000
39717  -28.525  -48.509  68.852 0.0000000000
39769  -30.527  -48.084  65.821 0.0000000000
39794  -30.071  -46.909  64.260 0.0000000000
40726  -28.438  -46.293  71.664 0.0000000000
40767  -27.508  -45.994  69.337 0.0000000000
40773  -40.838  -45.334  69.785 0.0000000000
40784  -25.071  -45.803  68.616 0.0000000000
40786  -27.809  -47.135  68.248 0.0000000000
40789  -39.757  -45.638  68.949 0.0000000000
40800  -24.292  -46.026  67.667 0.0000000000
40823  -26.665  -46.986  66.453 0.0000000000
40838  -22.061  -46.666  65.162 0.0000000000
40873  -29.776  -46.690  63.749 0.0000000000
40887  -23.849  -46.911  62.064 0.0000000000
41780  -28.478  -46.091  72.345 0.0000000000
41794  -42.055  -44.549  71.003 0.0000000000
41808  -27.802  -45.926  70.525 0.0000000000
41831  -40.767  -45.204  69.493 0.0000000000
41848  -25.679  -45.648  68.552 0.0000000000
41919  -31.226  -45.823  63.456 0.0000000000
41950  -22.214  -45.869  61.457 0.0000000000
41972  -22.819  -46.376  60.788 0.0000000000
42823  -42.457  -43.908  70.855 0.0000000000
42862  -40.580  -44.690  68.382 0.0000000000
42963  -35.741  -43.479  60.770 0.0000000000
43830  -42.565  -43.445  70.747 0.0000000000
43843  -42.557  -43.290  70.358 0.0000000000
45017  -38.296  -43.040  62.746 0.0000000000
45045  -37.007  -42.135  60.719 0.0000000000
45063  -35.305  -41.722  58.538 0.0000000000
46154  -41.223  -40.521  61.614 0.0000000000
46170  -36.072  -41.666  59.290 0.0000000000
46206  -33.119  -41.357  56.271 0.0000000000
46207  -33.684  -41.199  56.619 0.0000000000
47154  -43.015  -40.380  64.972 0.0000000000
47170  -42.962  -40.177  64.279 0.0000000000
47186  -42.941  -40.045  63.941 0.0000000000
47238  -41.402  -39.976  60.910 0.0000000000
47289  -33.824  -40.693  56.426 0.0000000000
48286  -43.067  -39.932  64.705 0.0000000000
48322  -42.114  -39.398  62.608 0.0000000000
48323  -42.430  -39.707  63.097 0.0000000000
48351  -41.207  -39.776  60.542 0.0000000000
48368  -40.806  -39.619  59.976 0.0000000000
49456  -40.950  -39.168  60.095 0.0000000000
52217  -49.026  -34.399  67.424 0.0000000000
52241  -48.623  -34.604  66.611 0.0000000000
53264  -37.755  -35.045  57.025 0.0000000000
54122  -48.884  -33.627  68.686 0.0000000000
54145  -53.739  -32.597  65.523 0.0000000000
54258  -38.780  -34.418  58.700 0.0000000000
56326  -55.967  -31.395  63.945 0.0000000000
57494  -54.516  -30.523  65.512 0.0000000000
58663  -56.153  -29.577  64.425 0.0000000000
60873  -59.095  -27.630  60.911 0.0000000000
