#!ascii label  , from subject sub-01 vox2ras=TkReg
1007
49407  -35.879  -37.900  62.596 0.0000000000
45011  -18.588  -42.943  63.006 0.0000000000
48335  -27.151  -40.202  61.574 0.0000000000
74834  -43.739  -15.012  49.294 0.0000000000
76868  -49.635  -12.150  44.386 0.0000000000
42868  -10.806  -44.513  66.937 0.0000000000
70488  -39.476  -18.389  51.776 0.0000000000
54188  -35.178  -33.759  62.271 0.0000000000
47201  -32.208  -40.550  61.979 0.0000000000
42909  -14.949  -44.352  64.266 0.0000000000
38467  -14.616  -48.706  67.236 0.0000000000
50461  -32.511  -37.472  59.767 0.0000000000
53253  -32.730  -34.481  59.910 0.0000000000
48315  -22.376  -39.043  62.115 0.0000000000
49420  -28.611  -37.987  60.832 0.0000000000
60007  -36.723  -28.104  50.603 0.0000000000
64228  -41.335  -24.476  50.427 0.0000000000
68473  -44.092  -20.442  49.437 0.0000000000
34805  -6.884  -51.547  69.843 0.0000000000
33661  -4.576  -52.460  72.599 0.0000000000
56373  -29.176  -31.823  59.221 0.0000000000
58849  -30.173  -29.987  56.592 0.0000000000
58915  -32.894  -29.808  53.188 0.0000000000
37135  -10.484  -50.132  67.886 0.0000000000
42899  -19.240  -44.702  65.251 0.0000000000
44996  -21.064  -42.658  65.028 0.0000000000
48302  -34.488  -39.421  62.248 0.0000000000
47158  -16.632  -40.260  63.960 0.0000000000
43938  -17.014  -43.405  63.356 0.0000000000
40837  -17.408  -46.097  65.441 0.0000000000
49424  -32.162  -38.069  62.085 0.0000000000
50430  -30.970  -37.911  60.382 0.0000000000
64214  -36.218  -24.500  51.448 0.0000000000
62129  -39.310  -26.330  50.336 0.0000000000
66261  -37.560  -22.588  51.393 0.0000000000
69487  -41.065  -19.315  49.363 0.0000000000
71592  -43.009  -17.320  47.999 0.0000000000
69509  -46.063  -18.875  48.744 0.0000000000
72676  -44.565  -16.147  46.771 0.0000000000
72678  -46.321  -16.045  45.873 0.0000000000
54183  -29.806  -33.084  62.197 0.0000000000
54242  -30.850  -33.294  59.983 0.0000000000
56345  -27.939  -31.800  61.592 0.0000000000
60919  -28.202  -27.656  57.514 0.0000000000
62016  -29.600  -27.229  55.824 0.0000000000
58896  -31.860  -30.047  54.721 0.0000000000
62059  -31.447  -27.282  54.241 0.0000000000
62084  -33.175  -27.176  53.071 0.0000000000
48332  -24.669  -38.889  61.725 0.0000000000
39708  -8.493  -47.525  68.223 0.0000000000
39727  -10.405  -47.847  66.523 0.0000000000
30259  -4.922  -55.496  73.725 0.0000000000
31389  -3.027  -54.355  74.071 0.0000000000
68437  -37.972  -20.482  52.489 0.0000000000
56332  -33.213  -31.400  62.508 0.0000000000
47216  -29.452  -40.649  61.334 0.0000000000
43913  -12.785  -44.178  65.343 0.0000000000
40812  -12.091  -47.290  65.934 0.0000000000
40813  -14.833  -46.902  65.488 0.0000000000
77880  -51.138  -11.536  43.412 0.0000000000
49440  -34.775  -37.758  60.433 0.0000000000
52304  -34.705  -35.663  59.674 0.0000000000
52296  -33.110  -35.583  60.293 0.0000000000
49395  -18.380  -38.815  62.688 0.0000000000
47194  -20.816  -40.901  62.070 0.0000000000
50411  -20.208  -37.034  61.896 0.0000000000
51420  -22.908  -36.743  60.749 0.0000000000
50442  -25.721  -37.602  60.076 0.0000000000
50412  -26.603  -36.972  62.214 0.0000000000
49446  -27.584  -38.742  59.656 0.0000000000
48363  -30.338  -39.137  59.521 0.0000000000
48348  -32.380  -39.368  59.814 0.0000000000
58932  -38.096  -29.712  52.702 0.0000000000
68455  -39.374  -20.458  50.425 0.0000000000
66266  -42.360  -22.538  50.381 0.0000000000
73811  -48.805  -15.332  45.363 0.0000000000
33688  -5.693  -52.394  71.156 0.0000000000
31411  -6.215  -54.733  72.600 0.0000000000
54245  -33.767  -34.024  59.549 0.0000000000
55275  -32.074  -32.174  60.189 0.0000000000
57563  -31.043  -30.471  60.486 0.0000000000
58752  -27.202  -29.815  59.827 0.0000000000
57610  -29.274  -30.514  58.023 0.0000000000
58783  -31.722  -29.842  59.493 0.0000000000
57614  -33.532  -30.696  57.499 0.0000000000
57645  -34.403  -31.332  55.800 0.0000000000
57685  -35.854  -30.931  53.695 0.0000000000
58939  -35.238  -29.353  51.520 0.0000000000
62112  -34.881  -26.649  51.488 0.0000000000
47160  -22.242  -41.194  64.605 0.0000000000
38413  -6.947  -48.266  69.878 0.0000000000
35929  -8.302  -50.697  68.774 0.0000000000
37157  -12.894  -49.796  67.673 0.0000000000
30249  -2.216  -54.977  73.782 0.0000000000
43940  -18.880  -43.586  63.613 0.0000000000
43930  -19.943  -43.702  64.752 0.0000000000
45012  -19.697  -43.080  63.578 0.0000000000
48303  -35.176  -39.163  62.734 0.0000000000
46108  -17.155  -41.177  62.840 0.0000000000
46107  -16.650  -41.831  63.328 0.0000000000
43939  -17.993  -43.697  63.406 0.0000000000
42912  -17.969  -44.626  64.178 0.0000000000
64204  -36.056  -23.991  52.423 0.0000000000
65226  -36.772  -23.876  51.167 0.0000000000
66251  -37.215  -22.313  51.913 0.0000000000
73759  -42.443  -15.609  49.977 0.0000000000
72647  -41.955  -16.962  48.735 0.0000000000
73786  -42.808  -15.758  48.372 0.0000000000
71611  -43.944  -17.237  47.451 0.0000000000
73797  -43.979  -15.597  47.409 0.0000000000
73798  -44.408  -15.317  47.147 0.0000000000
55233  -28.563  -32.254  61.993 0.0000000000
61979  -29.413  -25.756  57.861 0.0000000000
62038  -31.077  -26.796  54.802 0.0000000000
62018  -31.313  -25.761  55.797 0.0000000000
62039  -32.283  -25.954  54.898 0.0000000000
48334  -26.447  -39.946  61.796 0.0000000000
47196  -26.304  -40.181  63.069 0.0000000000
47198  -27.572  -40.693  62.638 0.0000000000
41855  -9.443  -46.119  67.714 0.0000000000
41868  -10.521  -46.503  66.437 0.0000000000
75887  -49.689  -13.364  44.297 0.0000000000
30252  -4.175  -55.230  74.010 0.0000000000
53188  -35.725  -34.436  63.315 0.0000000000
55237  -34.451  -32.823  62.318 0.0000000000
46148  -30.933  -40.862  61.903 0.0000000000
46135  -31.674  -40.980  62.503 0.0000000000
44992  -14.924  -42.518  64.434 0.0000000000
44973  -14.054  -42.652  65.077 0.0000000000
44948  -13.434  -42.651  65.742 0.0000000000
43924  -13.830  -44.001  64.712 0.0000000000
41884  -13.434  -45.485  65.042 0.0000000000
41903  -14.768  -45.106  64.530 0.0000000000
40796  -18.371  -46.662  66.830 0.0000000000
39751  -17.407  -46.964  66.500 0.0000000000
49453  -33.933  -37.737  59.560 0.0000000000
50463  -34.127  -37.022  59.465 0.0000000000
51432  -33.213  -36.506  59.860 0.0000000000
50395  -19.210  -37.212  63.325 0.0000000000
49413  -19.638  -38.362  61.715 0.0000000000
51389  -19.636  -36.867  62.927 0.0000000000
52270  -22.303  -35.370  62.206 0.0000000000
52286  -24.066  -35.437  61.925 0.0000000000
51422  -24.353  -36.496  60.590 0.0000000000
51409  -25.030  -35.850  61.540 0.0000000000
49401  -28.402  -38.153  61.871 0.0000000000
50429  -27.881  -37.865  61.276 0.0000000000
50444  -27.492  -37.615  60.188 0.0000000000
49435  -28.617  -37.979  60.227 0.0000000000
48362  -29.394  -39.244  59.569 0.0000000000
49448  -29.739  -38.572  59.770 0.0000000000
50447  -31.582  -37.633  60.054 0.0000000000
49450  -31.535  -38.529  59.467 0.0000000000
49451  -32.260  -38.350  59.479 0.0000000000
49438  -33.594  -38.739  59.980 0.0000000000
58942  -37.709  -29.302  51.657 0.0000000000
58944  -39.372  -29.042  52.276 0.0000000000
60009  -38.658  -27.931  50.821 0.0000000000
63184  -39.771  -25.422  50.361 0.0000000000
62130  -40.345  -26.377  50.421 0.0000000000
70487  -38.765  -19.230  52.138 0.0000000000
68454  -38.574  -20.506  51.035 0.0000000000
69472  -38.951  -19.584  50.770 0.0000000000
69488  -41.953  -19.560  49.250 0.0000000000
68470  -41.548  -20.321  49.603 0.0000000000
67365  -43.545  -21.109  49.729 0.0000000000
66268  -44.357  -22.707  50.355 0.0000000000
72688  -47.344  -16.054  45.607 0.0000000000
74894  -47.481  -14.300  45.531 0.0000000000
74895  -48.410  -14.290  45.266 0.0000000000
35916  -6.343  -50.293  70.534 0.0000000000
34797  -5.703  -51.103  71.320 0.0000000000
33704  -6.422  -52.231  70.465 0.0000000000
32576  -7.391  -54.064  72.185 0.0000000000
31400  -7.301  -55.009  74.800 0.0000000000
53254  -33.542  -34.621  59.530 0.0000000000
53255  -34.443  -34.623  59.688 0.0000000000
55292  -29.966  -32.580  59.770 0.0000000000
55293  -30.978  -32.583  59.790 0.0000000000
56375  -30.832  -31.839  59.915 0.0000000000
56361  -31.813  -31.535  60.807 0.0000000000
56359  -30.535  -31.302  60.009 0.0000000000
59866  -27.399  -28.753  60.252 0.0000000000
59910  -28.673  -28.742  56.595 0.0000000000
59900  -27.801  -29.379  57.567 0.0000000000
58848  -29.266  -29.620  56.643 0.0000000000
58807  -31.034  -30.156  58.683 0.0000000000
58830  -31.155  -30.310  57.484 0.0000000000
58809  -32.542  -30.077  58.500 0.0000000000
57624  -31.437  -30.447  56.903 0.0000000000
58914  -32.204  -29.806  53.875 0.0000000000
57644  -33.357  -31.213  55.421 0.0000000000
57664  -34.061  -31.285  53.799 0.0000000000
57665  -35.660  -31.244  54.765 0.0000000000
57684  -34.686  -31.006  53.394 0.0000000000
57702  -35.266  -30.599  52.621 0.0000000000
58929  -34.620  -29.738  52.058 0.0000000000
62085  -34.101  -26.157  53.381 0.0000000000
62100  -34.080  -26.973  52.190 0.0000000000
62101  -34.674  -25.878  52.571 0.0000000000
47212  -21.293  -39.672  61.682 0.0000000000
47177  -21.863  -40.618  63.339 0.0000000000
47178  -22.631  -40.136  63.659 0.0000000000
38461  -9.154  -48.927  67.509 0.0000000000
37117  -8.352  -49.606  68.253 0.0000000000
35941  -10.100  -50.722  68.448 0.0000000000
38484  -13.659  -48.402  66.495 0.0000000000
38483  -12.671  -48.534  66.486 0.0000000000
38466  -13.568  -49.244  67.248 0.0000000000
41871  -19.189  -45.493  66.170 0.0000000000
42886  -20.195  -44.584  66.303 0.0000000000
43897  -20.800  -43.837  66.364 0.0000000000
44977  -21.454  -42.712  65.700 0.0000000000
47202  -33.253  -40.237  62.225 0.0000000000
46118  -33.506  -40.724  63.462 0.0000000000
47157  -16.159  -40.801  64.316 0.0000000000
44993  -15.731  -42.516  63.910 0.0000000000
42918  -16.152  -43.689  63.778 0.0000000000
41905  -16.530  -45.164  64.303 0.0000000000
41906  -17.315  -45.153  64.448 0.0000000000
41889  -17.957  -45.491  65.122 0.0000000000
50432  -32.347  -37.543  61.355 0.0000000000
51426  -32.898  -36.760  60.618 0.0000000000
49402  -29.615  -38.451  62.042 0.0000000000
49437  -30.236  -38.126  60.240 0.0000000000
50431  -31.513  -37.810  60.820 0.0000000000
62126  -36.312  -26.567  50.537 0.0000000000
61050  -37.962  -27.232  50.410 0.0000000000
63182  -37.619  -25.409  50.428 0.0000000000
64225  -38.076  -24.392  50.504 0.0000000000
65229  -39.718  -23.458  50.568 0.0000000000
70500  -40.019  -18.245  50.152 0.0000000000
71579  -40.909  -17.743  49.384 0.0000000000
70524  -41.888  -18.255  48.870 0.0000000000
69506  -43.170  -18.949  48.751 0.0000000000
69491  -44.602  -19.708  49.159 0.0000000000
70527  -44.489  -18.354  48.243 0.0000000000
70542  -44.748  -17.826  47.632 0.0000000000
71613  -46.048  -17.434  46.664 0.0000000000
72677  -45.348  -15.993  46.297 0.0000000000
73800  -45.636  -15.105  46.139 0.0000000000
34806  -8.297  -52.283  69.899 0.0000000000
33705  -7.610  -52.700  70.395 0.0000000000
33691  -9.462  -52.828  71.747 0.0000000000
54204  -30.939  -33.652  61.569 0.0000000000
54222  -30.837  -33.658  60.618 0.0000000000
54221  -30.026  -33.464  60.969 0.0000000000
55273  -28.697  -32.972  60.831 0.0000000000
55290  -27.863  -32.206  59.807 0.0000000000
60891  -27.635  -27.381  59.705 0.0000000000
61978  -28.583  -26.735  57.814 0.0000000000
60920  -28.667  -27.423  56.925 0.0000000000
59929  -29.838  -28.703  55.611 0.0000000000
58874  -30.968  -29.852  55.531 0.0000000000
60979  -30.534  -28.164  54.867 0.0000000000
59951  -31.302  -28.765  54.296 0.0000000000
59971  -32.417  -28.931  53.345 0.0000000000
59983  -33.440  -28.962  52.449 0.0000000000
62083  -32.487  -27.545  53.365 0.0000000000
49398  -23.854  -38.678  61.795 0.0000000000
48294  -23.609  -39.394  63.322 0.0000000000
48317  -24.434  -39.074  62.398 0.0000000000
39725  -9.037  -48.162  67.545 0.0000000000
38463  -10.352  -48.759  66.864 0.0000000000
32560  -4.432  -53.543  72.801 0.0000000000
33653  -4.200  -52.252  73.300 0.0000000000
32559  -4.107  -53.823  73.239 0.0000000000
32543  -3.433  -53.564  73.772 0.0000000000
32527  -3.114  -53.181  73.803 0.0000000000
57531  -33.187  -30.554  62.723 0.0000000000
47215  -28.634  -40.655  61.675 0.0000000000
47199  -28.203  -40.762  62.322 0.0000000000
43865  -12.112  -42.960  66.961 0.0000000000
42883  -11.610  -44.774  65.991 0.0000000000
40830  -11.546  -46.277  65.853 0.0000000000
41883  -12.523  -45.752  65.405 0.0000000000
39763  -13.975  -47.111  65.573 0.0000000000
39748  -14.880  -47.510  66.022 0.0000000000
40835  -15.880  -46.400  65.177 0.0000000000
39749  -16.026  -47.366  66.264 0.0000000000
38469  -16.216  -48.040  67.375 0.0000000000
76869  -50.147  -11.839  44.029 0.0000000000
50433  -35.304  -37.333  61.067 0.0000000000
51427  -35.349  -36.442  60.458 0.0000000000
50464  -34.627  -36.881  59.700 0.0000000000
52302  -33.440  -35.516  59.731 0.0000000000
53244  -32.595  -34.642  60.648 0.0000000000
52288  -33.172  -35.616  61.185 0.0000000000
53229  -32.615  -34.554  61.520 0.0000000000
53243  -31.774  -34.046  61.029 0.0000000000
54168  -31.120  -33.143  62.991 0.0000000000
47192  -18.487  -40.464  61.909 0.0000000000
46129  -19.973  -41.707  62.199 0.0000000000
47209  -19.047  -40.086  61.564 0.0000000000
48329  -20.128  -39.167  61.417 0.0000000000
49415  -21.315  -38.305  61.294 0.0000000000
51391  -20.823  -36.170  62.145 0.0000000000
51405  -21.301  -36.626  61.445 0.0000000000
49416  -22.352  -38.341  61.302 0.0000000000
49431  -23.677  -37.835  60.714 0.0000000000
49433  -25.219  -38.426  60.502 0.0000000000
48344  -26.162  -39.188  60.623 0.0000000000
51394  -26.108  -36.413  62.197 0.0000000000
51410  -26.246  -36.525  61.104 0.0000000000
50443  -26.769  -37.768  59.856 0.0000000000
48360  -27.091  -39.279  59.975 0.0000000000
47245  -29.012  -40.148  60.201 0.0000000000
47231  -30.485  -40.164  60.287 0.0000000000
47218  -31.410  -40.487  61.294 0.0000000000
49449  -30.777  -38.521  59.684 0.0000000000
48364  -31.281  -39.164  59.565 0.0000000000
47219  -32.497  -40.181  61.155 0.0000000000
47220  -33.430  -39.719  61.112 0.0000000000
48338  -34.382  -38.853  61.270 0.0000000000
48290  -17.550  -39.606  63.023 0.0000000000
60010  -39.462  -27.712  50.878 0.0000000000
67337  -37.682  -21.452  51.838 0.0000000000
67346  -38.868  -21.435  50.809 0.0000000000
66264  -40.248  -22.493  50.496 0.0000000000
68468  -39.962  -20.030  49.967 0.0000000000
67348  -40.728  -21.562  50.276 0.0000000000
65231  -41.833  -23.501  50.479 0.0000000000
64230  -43.401  -24.426  50.331 0.0000000000
73822  -49.367  -15.030  45.181 0.0000000000
74902  -48.758  -13.778  45.057 0.0000000000
76863  -48.630  -12.148  45.433 0.0000000000
34790  -5.292  -51.074  71.886 0.0000000000
33672  -4.987  -52.409  71.801 0.0000000000
33689  -7.001  -53.219  70.831 0.0000000000
32588  -5.749  -53.355  71.510 0.0000000000
32574  -5.163  -53.698  71.955 0.0000000000
31410  -5.236  -54.570  72.717 0.0000000000
52297  -35.444  -35.624  60.561 0.0000000000
53246  -35.230  -34.611  60.528 0.0000000000
54205  -34.678  -33.370  60.798 0.0000000000
54243  -31.842  -33.462  59.807 0.0000000000
55276  -33.122  -32.667  60.091 0.0000000000
55259  -34.180  -32.776  61.109 0.0000000000
56348  -32.821  -31.671  61.706 0.0000000000
56347  -32.067  -31.075  61.405 0.0000000000
57548  -32.234  -30.221  61.596 0.0000000000
57545  -27.399  -30.739  60.824 0.0000000000
56386  -27.852  -31.230  58.813 0.0000000000
59878  -27.325  -29.067  58.594 0.0000000000
57607  -27.608  -30.071  58.105 0.0000000000
57593  -29.016  -30.996  58.545 0.0000000000
58781  -30.563  -30.327  59.624 0.0000000000
58754  -31.527  -29.865  60.418 0.0000000000
57643  -32.173  -30.694  55.592 0.0000000000
57627  -33.968  -31.003  56.602 0.0000000000
57704  -37.419  -30.175  53.022 0.0000000000
58931  -36.914  -29.833  52.059 0.0000000000
59996  -36.375  -28.747  50.930 0.0000000000
61021  -34.002  -28.012  52.053 0.0000000000
61034  -34.626  -27.648  51.524 0.0000000000
62125  -35.609  -26.826  50.821 0.0000000000
63180  -35.635  -26.003  50.986 0.0000000000
64203  -35.664  -24.762  52.196 0.0000000000
46130  -20.734  -41.701  62.794 0.0000000000
46092  -21.689  -42.023  64.832 0.0000000000
47162  -23.511  -40.320  64.674 0.0000000000
35917  -6.799  -50.368  69.840 0.0000000000
38428  -7.411  -48.149  69.212 0.0000000000
37116  -7.429  -49.300  68.950 0.0000000000
34816  -7.791  -51.352  69.347 0.0000000000
34817  -8.985  -51.791  69.429 0.0000000000
39744  -11.155  -47.807  66.298 0.0000000000
38464  -11.351  -49.100  66.879 0.0000000000
37156  -11.901  -49.755  67.505 0.0000000000
29080  -2.904  -56.696  75.285 0.0000000000
31388  -2.962  -54.462  74.224 0.0000000000
32525  -2.647  -53.179  73.545 0.0000000000
50417  -35.805  -37.132  62.127 0.0000000000
45026  -19.284  -42.333  62.597 0.0000000000
49387  -35.716  -38.486  62.759 0.0000000000
45025  -18.183  -42.051  62.375 0.0000000000
45010  -17.387  -42.602  62.921 0.0000000000
65207  -36.437  -23.248  52.730 0.0000000000
65216  -36.659  -23.310  51.763 0.0000000000
66240  -36.720  -22.689  52.953 0.0000000000
73760  -43.198  -15.237  49.782 0.0000000000
73771  -42.537  -15.639  49.119 0.0000000000
73772  -43.220  -15.248  48.824 0.0000000000
73787  -43.523  -15.435  47.928 0.0000000000
74869  -44.148  -14.948  48.114 0.0000000000
47213  -27.116  -40.386  62.054 0.0000000000
42867  -10.356  -44.892  67.384 0.0000000000
41856  -9.954  -45.756  67.159 0.0000000000
41857  -10.450  -45.194  66.906 0.0000000000
76867  -49.156  -12.544  44.733 0.0000000000
75891  -49.899  -12.862  44.018 0.0000000000
55238  -34.953  -33.229  63.047 0.0000000000
47200  -31.671  -40.680  61.931 0.0000000000
43926  -15.004  -43.502  64.137 0.0000000000
44991  -14.521  -43.042  64.470 0.0000000000
43925  -14.192  -43.591  64.593 0.0000000000
42908  -14.240  -44.422  64.571 0.0000000000
41902  -14.015  -45.028  64.720 0.0000000000
50462  -33.448  -37.230  59.529 0.0000000000
52272  -24.421  -35.348  62.823 0.0000000000
52271  -23.329  -35.090  62.515 0.0000000000
52287  -24.590  -35.537  62.134 0.0000000000
52273  -24.856  -35.597  62.296 0.0000000000
50445  -28.078  -37.866  60.422 0.0000000000
49436  -29.206  -38.086  60.221 0.0000000000
49452  -33.235  -38.273  59.601 0.0000000000
59997  -37.277  -28.734  51.001 0.0000000000
59998  -38.280  -28.647  51.259 0.0000000000
60008  -37.657  -28.052  50.640 0.0000000000
64227  -40.267  -24.464  50.450 0.0000000000
63185  -40.860  -25.471  50.389 0.0000000000
70498  -38.926  -19.031  51.336 0.0000000000
68472  -43.172  -20.353  49.409 0.0000000000
68471  -42.358  -20.259  49.455 0.0000000000
67351  -43.928  -21.901  50.076 0.0000000000
75881  -47.101  -13.603  45.861 0.0000000000
34804  -6.123  -51.192  70.688 0.0000000000
56374  -30.128  -31.722  59.692 0.0000000000
57576  -29.615  -31.153  59.178 0.0000000000
58872  -29.710  -29.340  56.044 0.0000000000
57611  -31.478  -30.409  57.309 0.0000000000
58850  -30.864  -30.168  56.341 0.0000000000
57682  -32.850  -30.515  53.746 0.0000000000
57683  -33.606  -30.695  53.239 0.0000000000
57701  -34.310  -30.460  52.648 0.0000000000
58928  -33.630  -29.690  52.560 0.0000000000
48314  -21.701  -39.466  61.846 0.0000000000
48292  -22.029  -39.784  62.482 0.0000000000
48293  -22.669  -39.643  63.060 0.0000000000
37154  -10.004  -49.401  67.372 0.0000000000
37134  -9.376  -49.702  67.824 0.0000000000
35942  -11.151  -50.702  68.692 0.0000000000
38445  -14.302  -49.160  67.687 0.0000000000
34780  -4.696  -51.484  72.575 0.0000000000
34771  -4.446  -51.407  73.244 0.0000000000
53212  -35.964  -35.269  63.025 0.0000000000
41872  -19.795  -45.194  66.511 0.0000000000
42885  -19.664  -44.890  65.968 0.0000000000
44995  -20.432  -43.118  64.583 0.0000000000
43917  -20.261  -43.855  65.467 0.0000000000
44976  -20.841  -43.195  65.577 0.0000000000
44954  -21.190  -43.198  66.225 0.0000000000
47203  -33.922  -39.674  61.961 0.0000000000
47182  -33.571  -40.354  62.923 0.0000000000
47139  -16.920  -39.417  65.255 0.0000000000
45009  -16.462  -42.557  63.444 0.0000000000
43937  -16.283  -43.255  63.633 0.0000000000
42919  -16.621  -43.911  63.667 0.0000000000
42911  -16.967  -44.589  63.953 0.0000000000
42920  -17.331  -44.092  63.642 0.0000000000
42913  -18.773  -44.484  64.504 0.0000000000
41890  -18.712  -45.288  65.441 0.0000000000
41870  -18.521  -45.733  65.815 0.0000000000
63181  -36.504  -25.493  50.727 0.0000000000
62127  -37.255  -26.394  50.362 0.0000000000
65227  -37.468  -23.378  51.020 0.0000000000
65228  -38.633  -23.404  50.675 0.0000000000
64226  -39.183  -24.424  50.461 0.0000000000
71564  -40.524  -17.508  50.192 0.0000000000
72625  -41.281  -16.597  49.993 0.0000000000
71591  -42.084  -17.416  48.637 0.0000000000
70525  -42.670  -18.179  48.561 0.0000000000
69505  -42.351  -18.910  48.949 0.0000000000
69507  -44.084  -18.991  48.697 0.0000000000
70526  -43.578  -18.202  48.265 0.0000000000
72664  -44.294  -16.712  47.067 0.0000000000
71612  -44.941  -17.170  46.815 0.0000000000
71635  -45.708  -16.735  46.320 0.0000000000
71634  -45.121  -16.540  46.507 0.0000000000
74882  -44.741  -14.794  47.047 0.0000000000
73799  -44.917  -15.242  46.617 0.0000000000
54203  -29.990  -33.319  61.704 0.0000000000
55256  -28.842  -32.896  61.624 0.0000000000
55255  -28.209  -32.505  61.253 0.0000000000
55272  -28.067  -32.534  60.462 0.0000000000
55254  -27.680  -32.053  60.864 0.0000000000
61998  -29.203  -26.664  56.749 0.0000000000
60937  -28.979  -27.789  56.317 0.0000000000
60956  -29.549  -27.980  55.699 0.0000000000
59930  -30.352  -28.715  55.206 0.0000000000
60957  -30.070  -27.978  55.235 0.0000000000
60980  -31.037  -27.867  54.389 0.0000000000
60981  -31.593  -27.628  53.948 0.0000000000
59970  -31.817  -28.859  53.835 0.0000000000
61005  -32.016  -28.006  53.521 0.0000000000
62060  -32.117  -26.987  53.916 0.0000000000
62061  -33.242  -26.093  54.098 0.0000000000
49399  -24.377  -38.795  61.780 0.0000000000
47180  -26.703  -40.525  63.617 0.0000000000
47179  -26.038  -40.135  63.697 0.0000000000
40793  -9.468  -46.718  67.372 0.0000000000
39709  -9.077  -47.319  67.635 0.0000000000
39726  -9.620  -47.784  67.031 0.0000000000
38462  -9.567  -48.722  67.230 0.0000000000
31405  -4.648  -54.746  73.183 0.0000000000
31404  -4.096  -54.407  73.582 0.0000000000
30251  -3.667  -54.805  74.076 0.0000000000
31398  -3.706  -54.272  73.843 0.0000000000
31397  -3.381  -54.279  73.993 0.0000000000
56333  -33.797  -32.043  62.950 0.0000000000
56325  -34.133  -31.673  63.804 0.0000000000
56324  -33.676  -31.082  63.236 0.0000000000
46146  -29.366  -40.937  62.051 0.0000000000
43914  -13.308  -43.595  65.167 0.0000000000
43892  -12.794  -42.819  66.268 0.0000000000
43891  -12.297  -43.797  65.905 0.0000000000
43890  -11.854  -44.190  66.091 0.0000000000
42884  -12.040  -44.395  65.831 0.0000000000
42895  -12.065  -45.268  65.589 0.0000000000
42896  -12.441  -44.773  65.426 0.0000000000
40833  -14.211  -46.491  65.224 0.0000000000
40832  -13.269  -46.465  65.395 0.0000000000
39764  -14.477  -47.033  65.544 0.0000000000
41888  -17.048  -45.721  64.844 0.0000000000
41887  -16.199  -45.796  64.744 0.0000000000
40836  -16.718  -46.306  65.285 0.0000000000
39731  -17.679  -47.228  67.098 0.0000000000
39750  -16.917  -47.160  66.426 0.0000000000
39730  -16.663  -47.699  67.017 0.0000000000
39729  -15.746  -47.885  66.787 0.0000000000
50450  -35.016  -37.093  60.146 0.0000000000
50449  -34.500  -37.525  59.828 0.0000000000
51433  -33.750  -36.355  59.458 0.0000000000
51413  -33.333  -36.358  62.234 0.0000000000
52289  -33.388  -35.969  61.911 0.0000000000
53209  -32.634  -34.199  62.672 0.0000000000
53228  -31.999  -33.887  61.877 0.0000000000
48327  -18.605  -39.790  61.863 0.0000000000
50410  -19.700  -37.410  62.156 0.0000000000
49414  -20.465  -38.390  61.444 0.0000000000
48330  -21.060  -39.112  61.526 0.0000000000
50424  -20.643  -37.481  61.503 0.0000000000
52284  -22.307  -35.879  61.430 0.0000000000
52283  -21.824  -36.210  61.361 0.0000000000
51406  -22.228  -36.627  61.020 0.0000000000
50425  -21.742  -37.492  61.098 0.0000000000
50426  -22.850  -37.458  60.820 0.0000000000
49417  -23.468  -38.188  61.089 0.0000000000
50439  -23.209  -37.015  60.615 0.0000000000
50441  -24.729  -37.422  60.313 0.0000000000
49434  -26.191  -38.437  60.065 0.0000000000
50399  -26.935  -37.766  62.598 0.0000000000
49379  -26.873  -37.882  62.944 0.0000000000
50398  -26.511  -37.174  63.031 0.0000000000
51379  -25.945  -36.423  63.029 0.0000000000
51395  -26.644  -36.821  61.740 0.0000000000
50457  -27.583  -38.077  59.715 0.0000000000
50456  -27.190  -38.304  59.684 0.0000000000
49445  -26.863  -38.598  59.765 0.0000000000
48361  -28.339  -39.631  59.993 0.0000000000
47246  -29.473  -39.940  59.932 0.0000000000
47247  -30.090  -39.647  59.738 0.0000000000
47248  -30.773  -39.598  59.809 0.0000000000
48365  -32.027  -39.001  59.430 0.0000000000
48347  -31.849  -39.378  59.686 0.0000000000
47232  -31.695  -39.818  60.185 0.0000000000
47233  -32.767  -39.692  60.418 0.0000000000
47234  -33.247  -39.513  60.504 0.0000000000
49439  -34.158  -38.417  60.193 0.0000000000
49425  -34.314  -38.690  60.856 0.0000000000
49426  -34.714  -38.304  61.096 0.0000000000
49377  -18.069  -38.609  63.309 0.0000000000
48291  -17.612  -39.219  63.421 0.0000000000
48312  -18.093  -39.448  62.503 0.0000000000
47191  -17.713  -40.339  62.490 0.0000000000
58916  -38.197  -29.890  53.347 0.0000000000
59985  -40.102  -28.732  52.273 0.0000000000
58934  -40.016  -29.032  52.688 0.0000000000
62128  -38.286  -26.337  50.318 0.0000000000
61051  -38.925  -27.164  50.433 0.0000000000
61052  -39.851  -27.129  50.527 0.0000000000
68420  -38.074  -20.803  53.174 0.0000000000
67329  -37.428  -21.564  52.421 0.0000000000
68445  -37.700  -20.988  52.234 0.0000000000
66263  -39.236  -22.445  50.686 0.0000000000
67347  -39.766  -21.518  50.448 0.0000000000
70513  -40.451  -18.449  49.591 0.0000000000
70512  -39.854  -18.786  49.975 0.0000000000
69486  -40.212  -19.358  49.727 0.0000000000
67349  -41.828  -21.383  50.037 0.0000000000
68457  -40.997  -20.808  49.977 0.0000000000
66265  -41.296  -22.485  50.431 0.0000000000
65232  -42.867  -23.527  50.441 0.0000000000
65234  -44.836  -23.533  50.361 0.0000000000
69492  -45.660  -19.702  49.257 0.0000000000
72679  -46.954  -16.565  45.856 0.0000000000
73810  -47.907  -15.206  45.469 0.0000000000
72689  -48.245  -16.054  45.517 0.0000000000
76862  -48.043  -12.537  45.776 0.0000000000
75883  -48.355  -13.222  45.246 0.0000000000
75886  -48.915  -13.243  44.840 0.0000000000
33673  -5.165  -51.815  71.665 0.0000000000
33690  -8.365  -53.304  71.432 0.0000000000
32590  -7.575  -53.694  71.595 0.0000000000
31412  -7.120  -54.494  72.666 0.0000000000
32575  -6.382  -54.103  71.955 0.0000000000
31406  -6.019  -55.475  73.696 0.0000000000
51414  -35.693  -36.256  61.381 0.0000000000
52305  -35.185  -35.879  60.033 0.0000000000
53245  -34.687  -34.097  60.092 0.0000000000
54225  -34.814  -33.841  60.465 0.0000000000
54224  -34.055  -33.406  60.017 0.0000000000
55295  -32.537  -32.762  59.795 0.0000000000
55277  -33.714  -32.745  60.498 0.0000000000
55258  -33.331  -32.327  61.027 0.0000000000
55257  -32.517  -31.925  60.882 0.0000000000
56346  -31.448  -30.970  60.946 0.0000000000
57547  -31.690  -30.355  61.019 0.0000000000
58753  -27.314  -29.611  60.434 0.0000000000
58720  -27.271  -30.137  60.462 0.0000000000
57561  -27.171  -30.725  60.045 0.0000000000
56371  -27.521  -31.416  59.518 0.0000000000
57575  -27.321  -30.543  59.293 0.0000000000
60904  -27.929  -27.396  58.545 0.0000000000
59879  -27.397  -28.304  59.089 0.0000000000
59891  -27.571  -28.340  58.094 0.0000000000
58828  -28.954  -30.123  57.357 0.0000000000
58826  -27.697  -29.745  57.830 0.0000000000
57609  -28.580  -30.449  57.899 0.0000000000
57592  -28.208  -30.848  58.351 0.0000000000
57594  -29.754  -30.623  58.708 0.0000000000
58755  -32.272  -29.599  60.366 0.0000000000
57596  -33.086  -30.247  58.300 0.0000000000
58875  -31.514  -30.109  55.323 0.0000000000
57642  -31.446  -30.399  56.039 0.0000000000
56431  -34.060  -31.479  55.137 0.0000000000
57666  -36.677  -30.866  54.718 0.0000000000
57647  -36.351  -30.978  55.720 0.0000000000
57667  -37.723  -30.535  54.729 0.0000000000
57686  -37.044  -30.598  53.761 0.0000000000
58930  -35.744  -29.966  51.997 0.0000000000
58940  -36.072  -29.403  51.354 0.0000000000
61020  -33.348  -28.231  52.492 0.0000000000
62099  -33.645  -27.592  52.453 0.0000000000
62111  -34.495  -27.085  51.705 0.0000000000
61035  -35.372  -27.536  50.952 0.0000000000
63167  -35.303  -25.496  51.830 0.0000000000
47193  -19.524  -40.851  61.707 0.0000000000
46110  -21.747  -41.371  64.127 0.0000000000
47141  -22.375  -41.706  65.336 0.0000000000
48275  -23.733  -39.900  64.291 0.0000000000
46131  -28.191  -41.010  62.918 0.0000000000
37097  -6.512  -49.434  70.360 0.0000000000
37098  -6.857  -49.461  69.696 0.0000000000
39692  -7.841  -47.152  69.287 0.0000000000
38429  -7.926  -48.400  68.565 0.0000000000
35928  -7.311  -50.390  69.249 0.0000000000
40811  -11.346  -46.930  66.028 0.0000000000
38465  -12.345  -49.189  67.011 0.0000000000
38482  -11.727  -48.504  66.512 0.0000000000
77872  -50.762  -11.122  44.244 0.0000000000
29084  -2.242  -55.475  73.948 0.0000000000
30250  -2.434  -55.181  74.054 0.0000000000
31396  -2.533  -54.405  73.772 0.0000000000
31395  -2.355  -54.289  73.550 0.0000000000
43929  -19.368  -43.925  64.359 0.0000000000
43916  -19.748  -44.137  65.076 0.0000000000
44994  -19.881  -43.473  64.299 0.0000000000
45013  -20.562  -42.465  63.714 0.0000000000
46090  -16.483  -41.136  63.673 0.0000000000
43928  -18.626  -44.104  63.962 0.0000000000
49405  -32.356  -38.300  62.796 0.0000000000
65217  -37.199  -22.885  51.499 0.0000000000
72639  -41.913  -16.107  49.476 0.0000000000
72648  -42.277  -16.529  48.575 0.0000000000
72662  -43.026  -16.322  47.842 0.0000000000
72663  -43.809  -16.255  47.335 0.0000000000
72675  -44.153  -15.827  47.118 0.0000000000
74870  -44.643  -14.547  47.728 0.0000000000
55234  -29.267  -32.711  62.342 0.0000000000
56330  -28.967  -31.973  62.741 0.0000000000
56329  -28.324  -31.485  62.333 0.0000000000
62017  -30.219  -26.455  55.793 0.0000000000
62037  -30.178  -27.223  55.279 0.0000000000
48333  -25.292  -39.169  61.523 0.0000000000
48319  -26.302  -40.071  62.580 0.0000000000
47197  -26.785  -40.422  62.691 0.0000000000
47181  -27.213  -40.750  63.254 0.0000000000
40794  -10.031  -46.957  66.734 0.0000000000
74904  -50.412  -14.411  44.340 0.0000000000
30253  -5.008  -55.931  74.378 0.0000000000
30244  -3.581  -55.423  74.393 0.0000000000
55224  -34.479  -32.550  63.400 0.0000000000
47217  -30.322  -40.591  61.200 0.0000000000
46147  -30.089  -41.000  61.930 0.0000000000
46117  -32.421  -41.265  63.470 0.0000000000
46088  -15.297  -41.899  64.469 0.0000000000
46071  -14.952  -41.820  64.903 0.0000000000
44974  -14.547  -41.807  65.559 0.0000000000
44972  -13.627  -43.014  65.185 0.0000000000
42897  -13.171  -44.556  65.040 0.0000000000
41885  -14.469  -45.743  64.872 0.0000000000
40834  -15.047  -46.409  65.160 0.0000000000
40817  -17.997  -46.222  66.008 0.0000000000
40816  -17.247  -46.655  65.973 0.0000000000
40795  -17.759  -46.775  66.474 0.0000000000
49396  -18.806  -38.263  62.575 0.0000000000
51390  -20.142  -36.647  62.447 0.0000000000
52257  -22.404  -34.931  63.202 0.0000000000
52285  -23.126  -35.561  61.659 0.0000000000
51407  -22.950  -36.128  61.003 0.0000000000
51421  -23.479  -36.558  60.677 0.0000000000
51408  -23.836  -35.895  61.147 0.0000000000
51423  -25.396  -36.661  60.469 0.0000000000
49380  -27.493  -38.193  62.722 0.0000000000
49400  -27.647  -38.049  62.042 0.0000000000
50413  -27.190  -37.499  61.949 0.0000000000
51411  -27.000  -36.897  61.258 0.0000000000
50428  -27.496  -37.370  60.933 0.0000000000
50458  -27.947  -37.916  59.942 0.0000000000
49447  -28.514  -38.368  59.706 0.0000000000
50446  -31.009  -37.947  59.805 0.0000000000
50460  -31.669  -37.991  59.595 0.0000000000
48366  -32.633  -38.860  59.577 0.0000000000
48349  -33.187  -39.173  60.002 0.0000000000
58933  -39.115  -29.366  52.822 0.0000000000
58943  -38.720  -29.172  52.007 0.0000000000
59999  -39.642  -28.513  51.701 0.0000000000
69449  -38.540  -19.903  52.854 0.0000000000
69463  -38.294  -19.940  52.139 0.0000000000
69471  -38.531  -19.772  51.507 0.0000000000
67364  -42.655  -20.930  49.730 0.0000000000
67350  -42.944  -21.769  50.017 0.0000000000
66267  -43.385  -22.649  50.376 0.0000000000
73808  -46.412  -15.044  45.781 0.0000000000
72687  -46.797  -15.582  45.671 0.0000000000
73809  -47.112  -15.089  45.590 0.0000000000
75882  -47.678  -13.308  45.639 0.0000000000
33703  -5.914  -51.749  70.867 0.0000000000
31407  -7.216  -54.819  73.576 0.0000000000
52303  -34.031  -35.510  59.371 0.0000000000
55274  -31.397  -32.171  59.945 0.0000000000
56360  -31.148  -31.441  60.397 0.0000000000
57562  -30.626  -30.824  60.194 0.0000000000
60936  -28.451  -28.058  56.885 0.0000000000
59901  -27.996  -28.810  57.270 0.0000000000
58847  -28.541  -29.459  56.962 0.0000000000
58829  -30.027  -30.351  57.766 0.0000000000
58808  -31.888  -30.123  58.370 0.0000000000
58831  -31.623  -30.302  57.822 0.0000000000
57612  -31.826  -30.406  57.528 0.0000000000
57613  -32.635  -30.573  57.456 0.0000000000
57662  -32.552  -30.681  54.553 0.0000000000
56457  -33.724  -31.424  54.814 0.0000000000
56458  -34.192  -31.485  54.501 0.0000000000
56433  -35.163  -31.418  55.029 0.0000000000
56459  -34.916  -31.453  54.558 0.0000000000
56485  -35.165  -31.320  54.034 0.0000000000
57703  -36.400  -30.477  52.778 0.0000000000
47211  -20.811  -39.875  61.588 0.0000000000
47195  -21.490  -40.115  62.088 0.0000000000
38444  -8.611  -48.731  67.876 0.0000000000
35940  -9.116  -50.465  68.373 0.0000000000
35930  -9.590  -51.239  68.982 0.0000000000
39746  -12.809  -47.679  66.015 0.0000000000
53211  -35.710  -34.607  62.804 0.0000000000
40797  -19.103  -46.224  66.988 0.0000000000
41858  -19.687  -45.731  67.046 0.0000000000
41859  -20.142  -45.202  67.088 0.0000000000
42873  -20.709  -44.583  67.166 0.0000000000
42900  -19.843  -44.448  65.603 0.0000000000
46136  -32.716  -40.695  62.763 0.0000000000
47137  -15.720  -40.813  64.902 0.0000000000
46089  -15.867  -41.566  64.068 0.0000000000
43927  -15.668  -43.295  63.893 0.0000000000
42910  -15.941  -44.237  63.961 0.0000000000
41904  -15.619  -45.129  64.332 0.0000000000
40818  -18.648  -46.076  66.366 0.0000000000
50448  -32.169  -37.463  60.468 0.0000000000
51412  -33.154  -36.755  61.791 0.0000000000
49421  -29.444  -38.130  61.054 0.0000000000
49422  -30.559  -38.155  61.184 0.0000000000
49423  -31.463  -38.106  61.674 0.0000000000
61049  -36.990  -27.318  50.403 0.0000000000
64224  -37.031  -24.466  50.739 0.0000000000
63183  -38.697  -25.394  50.362 0.0000000000
71545  -40.009  -17.823  51.021 0.0000000000
71563  -39.994  -18.031  50.494 0.0000000000
70514  -41.220  -18.393  49.191 0.0000000000
72637  -41.229  -17.387  49.241 0.0000000000
71580  -41.452  -17.689  49.020 0.0000000000
69504  -41.688  -18.888  49.124 0.0000000000
69489  -42.768  -19.626  49.137 0.0000000000
69490  -43.644  -19.678  49.105 0.0000000000
69508  -45.050  -18.968  48.751 0.0000000000
70541  -44.066  -17.877  47.870 0.0000000000
70528  -45.425  -18.318  48.154 0.0000000000
71636  -46.585  -16.958  46.146 0.0000000000
74884  -46.016  -14.172  46.222 0.0000000000
53252  -31.734  -33.958  60.260 0.0000000000
54241  -29.940  -33.235  60.218 0.0000000000
54220  -29.344  -33.239  61.264 0.0000000000
54240  -29.336  -33.197  60.597 0.0000000000
55291  -28.858  -32.689  59.899 0.0000000000
56372  -28.229  -31.906  59.214 0.0000000000
61997  -28.654  -27.099  57.251 0.0000000000
59911  -29.278  -28.700  56.078 0.0000000000
58873  -30.299  -29.489  55.705 0.0000000000
58894  -30.696  -29.260  55.173 0.0000000000
58895  -31.219  -29.474  54.831 0.0000000000
60958  -30.539  -27.576  54.868 0.0000000000
59950  -30.813  -28.719  54.753 0.0000000000
58913  -31.657  -29.401  54.288 0.0000000000
59972  -33.022  -28.968  52.786 0.0000000000
61006  -32.684  -28.118  53.016 0.0000000000
62062  -34.559  -25.664  54.669 0.0000000000
49397  -23.051  -38.602  61.773 0.0000000000
48316  -23.303  -38.911  62.504 0.0000000000
48295  -24.582  -39.579  63.562 0.0000000000
48318  -25.610  -39.746  62.809 0.0000000000
48296  -25.351  -39.868  63.928 0.0000000000
40778  -9.016  -46.481  68.144 0.0000000000
37153  -9.506  -49.197  67.465 0.0000000000
38447  -15.512  -48.811  68.070 0.0000000000
32545  -4.037  -53.049  73.253 0.0000000000
32544  -3.723  -53.270  73.548 0.0000000000
32528  -3.412  -52.757  73.694 0.0000000000
68421  -38.803  -20.859  53.575 0.0000000000
69450  -39.296  -19.520  53.115 0.0000000000
70472  -39.410  -18.917  52.634 0.0000000000
70473  -40.287  -18.455  52.596 0.0000000000
57530  -32.766  -30.054  62.215 0.0000000000
47228  -28.112  -40.305  61.076 0.0000000000
47214  -27.720  -40.462  61.710 0.0000000000
46132  -28.855  -41.147  62.627 0.0000000000
43864  -11.547  -43.784  66.735 0.0000000000
41869  -10.926  -45.699  66.292 0.0000000000
41882  -11.776  -45.750  65.704 0.0000000000
40831  -12.304  -46.681  65.688 0.0000000000
39762  -13.226  -47.148  65.694 0.0000000000
39747  -13.822  -47.679  66.029 0.0000000000
38485  -14.409  -48.125  66.476 0.0000000000
39728  -15.051  -48.139  66.766 0.0000000000
41886  -15.336  -45.793  64.772 0.0000000000
40814  -15.516  -46.929  65.631 0.0000000000
40815  -16.394  -46.834  65.777 0.0000000000
38468  -15.605  -48.347  67.372 0.0000000000
49406  -35.391  -38.206  62.009 0.0000000000
51435  -34.936  -36.388  59.850 0.0000000000
51434  -34.381  -36.310  59.508 0.0000000000
52274  -33.212  -35.187  62.054 0.0000000000
54184  -30.532  -33.253  62.412 0.0000000000
46128  -18.914  -41.476  62.057 0.0000000000
47210  -19.892  -40.061  61.424 0.0000000000
48328  -19.002  -39.213  61.762 0.0000000000
48331  -21.756  -38.870  61.574 0.0000000000
52255  -20.504  -35.882  63.290 0.0000000000
51376  -20.471  -36.092  62.848 0.0000000000
51404  -20.583  -36.756  61.815 0.0000000000
52269  -21.581  -35.869  61.838 0.0000000000
49418  -24.508  -38.647  61.218 0.0000000000
50440  -23.714  -37.326  60.544 0.0000000000
49432  -24.187  -38.018  60.640 0.0000000000
49419  -25.091  -38.836  60.975 0.0000000000
48343  -25.432  -38.931  60.865 0.0000000000
48345  -27.375  -39.924  60.865 0.0000000000
51393  -25.349  -35.794  62.724 0.0000000000
51424  -26.241  -36.982  60.260 0.0000000000
51425  -26.943  -37.052  60.527 0.0000000000
48359  -26.531  -38.921  60.001 0.0000000000
48346  -28.125  -40.088  60.601 0.0000000000
47229  -28.733  -40.335  60.707 0.0000000000
47230  -29.575  -40.361  60.550 0.0000000000
50459  -31.246  -38.229  59.581 0.0000000000
47221  -33.898  -39.458  61.397 0.0000000000
48336  -33.524  -39.328  60.555 0.0000000000
48337  -33.984  -39.128  60.894 0.0000000000
48320  -34.235  -39.251  61.608 0.0000000000
48321  -34.729  -38.874  61.841 0.0000000000
47159  -17.188  -39.502  63.924 0.0000000000
48272  -17.590  -38.688  64.461 0.0000000000
47174  -17.260  -40.024  63.158 0.0000000000
46127  -18.054  -41.128  62.235 0.0000000000
61036  -40.252  -27.684  51.112 0.0000000000
66241  -37.040  -22.176  52.689 0.0000000000
66252  -37.761  -22.015  51.506 0.0000000000
68446  -38.069  -20.605  51.766 0.0000000000
67338  -38.184  -21.383  51.336 0.0000000000
66262  -38.225  -22.370  51.048 0.0000000000
65230  -40.779  -23.486  50.521 0.0000000000
70499  -39.502  -18.604  50.664 0.0000000000
69485  -39.562  -19.452  50.172 0.0000000000
68469  -40.639  -20.114  49.718 0.0000000000
68456  -40.240  -20.735  50.145 0.0000000000
65233  -43.870  -23.548  50.398 0.0000000000
73823  -50.006  -15.142  44.951 0.0000000000
74896  -48.999  -14.728  45.220 0.0000000000
74903  -49.319  -14.270  44.879 0.0000000000
76864  -49.179  -11.809  45.037 0.0000000000
77866  -49.182  -11.381  45.725 0.0000000000
34781  -4.925  -50.696  72.563 0.0000000000
34789  -4.947  -51.473  72.063 0.0000000000
32589  -6.607  -53.625  71.396 0.0000000000
33687  -5.404  -52.839  71.450 0.0000000000
32587  -5.291  -53.102  71.612 0.0000000000
30260  -5.449  -55.736  74.122 0.0000000000
53256  -35.100  -35.259  59.986 0.0000000000
52290  -35.634  -35.321  61.251 0.0000000000
54206  -35.118  -33.873  61.180 0.0000000000
54187  -34.789  -33.277  61.515 0.0000000000
54244  -32.975  -33.494  59.604 0.0000000000
55294  -31.956  -32.788  59.747 0.0000000000
54223  -33.405  -33.160  59.778 0.0000000000
55236  -33.570  -32.245  61.970 0.0000000000
56331  -32.686  -30.787  62.060 0.0000000000
57546  -27.799  -30.814  61.747 0.0000000000
58721  -27.450  -29.743  61.150 0.0000000000
56344  -27.584  -31.407  61.095 0.0000000000
56358  -27.437  -31.499  60.369 0.0000000000
59865  -27.293  -29.141  59.347 0.0000000000
59890  -27.531  -29.168  57.885 0.0000000000
58805  -27.458  -29.723  58.294 0.0000000000
58780  -27.299  -29.799  58.965 0.0000000000
57591  -27.579  -30.461  58.543 0.0000000000
56387  -28.476  -31.379  58.797 0.0000000000
57577  -30.208  -30.754  59.620 0.0000000000
57578  -30.634  -30.404  59.977 0.0000000000
58806  -30.418  -30.300  59.052 0.0000000000
58782  -30.906  -30.004  59.733 0.0000000000
58722  -31.976  -29.783  61.048 0.0000000000
58723  -32.673  -29.618  61.379 0.0000000000
58784  -32.756  -29.828  59.276 0.0000000000
57625  -32.029  -30.690  56.694 0.0000000000
57626  -32.938  -30.892  56.559 0.0000000000
57687  -38.062  -30.176  53.805 0.0000000000
57705  -37.917  -29.952  53.224 0.0000000000
58941  -36.878  -29.280  51.316 0.0000000000
59984  -33.905  -28.908  52.167 0.0000000000
59994  -34.569  -28.732  51.645 0.0000000000
59995  -35.402  -28.547  51.120 0.0000000000
60006  -35.959  -28.105  50.724 0.0000000000
61048  -36.129  -27.418  50.577 0.0000000000
63168  -35.852  -25.295  51.306 0.0000000000
64213  -35.737  -25.015  51.677 0.0000000000
45027  -20.213  -42.300  62.947 0.0000000000
46091  -20.984  -42.383  64.373 0.0000000000
47176  -21.169  -41.239  62.955 0.0000000000
46109  -21.206  -41.741  63.660 0.0000000000
48274  -23.091  -39.881  63.768 0.0000000000
47161  -22.923  -40.427  64.424 0.0000000000
48259  -24.075  -40.202  64.837 0.0000000000
47143  -23.718  -40.664  65.227 0.0000000000
47142  -22.958  -41.232  65.436 0.0000000000
46112  -27.781  -41.098  63.517 0.0000000000
34815  -7.117  -50.962  69.454 0.0000000000
34818  -10.074  -51.812  69.817 0.0000000000
40810  -10.650  -47.215  66.337 0.0000000000
39745  -11.949  -47.817  66.155 0.0000000000
38481  -10.973  -48.434  66.535 0.0000000000
37155  -10.901  -49.660  67.310 0.0000000000
37136  -11.467  -50.231  68.049 0.0000000000
37139  -14.266  -49.518  68.310 0.0000000000
37158  -13.549  -49.686  67.897 0.0000000000
37137  -12.501  -50.305  68.358 0.0000000000
76871  -50.090  -12.506  43.876 0.0000000000
29081  -3.505  -56.462  75.146 0.0000000000
30243  -2.814  -55.337  74.443 0.0000000000
32526  -2.762  -53.483  73.682 0.0000000000
30257  -1.925  -55.011  73.063 0.0000000000
31403  -2.044  -54.038  73.091 0.0000000000
32541  -2.497  -53.467  73.474 0.0000000000
30258  -4.434  -55.005  73.611 0.0000000000
32542  -2.589  -53.823  73.580 0.0000000000
41901  -13.569  -44.879  64.875 0.0000000000
42898  -18.539  -44.921  64.899 0.0000000000
42907  -13.675  -44.415  64.797 0.0000000000
43915  -13.783  -43.207  64.948 0.0000000000
45028  -20.721  -42.087  63.241 0.0000000000
46113  -28.525  -41.393  63.444 0.0000000000
46149  -31.416  -40.742  61.916 0.0000000000
47175  -17.396  -39.590  63.383 0.0000000000
48258  -23.741  -40.281  64.750 0.0000000000
48311  -17.617  -39.842  62.768 0.0000000000
48313  -18.563  -38.935  62.377 0.0000000000
48350  -33.690  -38.966  60.319 0.0000000000
50414  -27.718  -37.998  61.748 0.0000000000
50423  -20.086  -37.902  61.633 0.0000000000
50427  -23.414  -37.720  60.761 0.0000000000
51374  -19.559  -36.848  63.274 0.0000000000
53189  -35.997  -34.724  63.741 0.0000000000
54202  -29.410  -33.121  61.851 0.0000000000
55235  -29.939  -32.851  62.644 0.0000000000
55271  -27.660  -32.071  60.279 0.0000000000
55289  -27.554  -31.838  59.974 0.0000000000
56385  -27.502  -30.944  59.000 0.0000000000
56432  -34.684  -31.471  55.117 0.0000000000
56484  -34.600  -31.409  54.009 0.0000000000
57595  -32.400  -30.283  58.044 0.0000000000
57608  -27.923  -30.280  57.946 0.0000000000
57663  -33.399  -31.182  54.241 0.0000000000
58827  -28.170  -29.780  57.475 0.0000000000
58917  -38.783  -29.820  53.653 0.0000000000
61004  -31.514  -28.212  53.946 0.0000000000
62036  -29.841  -27.582  55.494 0.0000000000
66250  -36.738  -22.709  52.396 0.0000000000
67363  -42.093  -20.722  49.705 0.0000000000
68419  -37.734  -21.115  53.046 0.0000000000
68436  -37.690  -21.051  52.760 0.0000000000
69433  -38.600  -20.404  53.279 0.0000000000
70471  -38.946  -19.332  52.703 0.0000000000
71593  -43.637  -17.666  47.881 0.0000000000
71610  -43.415  -16.785  47.612 0.0000000000
72624  -41.049  -17.201  49.542 0.0000000000
72638  -41.577  -16.948  49.081 0.0000000000
73788  -44.145  -15.183  47.665 0.0000000000
75879  -47.163  -12.985  46.169 0.0000000000
75888  -50.240  -13.790  44.071 0.0000000000
