#!ascii label  , from subject sub-01 vox2ras=TkReg
1010
75431  -21.636  -14.618  2.900 0.5555555820
75432  -22.330  -14.591  2.548 0.6666666865
76452  -22.920  -13.366  1.810 0.7777777910
76453  -23.602  -13.492  1.601 0.7777777910
78414  -22.425  -11.738  1.674 0.8888888955
78417  -25.740  -11.596  0.982 0.8888888955
75416  -20.433  -14.755  4.046 0.5555555820
76417  -20.467  -13.789  3.702 0.5555555820
77394  -21.610  -13.271  2.759 0.6666666865
77413  -22.058  -12.720  2.221 0.8888888955
77434  -24.016  -12.491  1.261 0.8888888955
78415  -23.373  -11.532  1.203 0.8888888955
78434  -25.446  -10.622  0.643 1.0000000000
79388  -26.796  -9.970  0.582 1.0000000000
77392  -20.180  -12.678  3.769 0.7777777910
78401  -21.077  -11.592  2.712 1.0000000000
79356  -21.280  -10.660  2.378 1.0000000000
79366  -21.959  -10.599  1.757 1.0000000000
80376  -23.126  -9.768  0.867 1.0000000000
79385  -24.530  -10.045  0.650 1.0000000000
80395  -23.887  -9.300  0.596 1.0000000000
80396  -24.834  -9.121  0.357 1.0000000000
80399  -27.247  -9.146  0.485 1.0000000000
80397  -25.639  -9.007  0.321 1.0000000000
81353  -26.104  -8.099  0.204 1.0000000000
81355  -27.697  -8.329  0.345 0.7777777910
80360  -20.187  -9.569  3.049 0.8888888955
80374  -21.366  -9.573  1.968 1.0000000000
80394  -23.074  -9.053  0.711 1.0000000000
81330  -20.922  -8.600  1.963 1.0000000000
81349  -22.730  -8.391  0.856 1.0000000000
81351  -24.414  -8.327  0.322 1.0000000000
81352  -25.298  -8.196  0.214 1.0000000000
81367  -25.993  -7.586  0.079 1.0000000000
82343  -27.150  -7.404  0.083 1.0000000000
82344  -28.213  -7.442  0.408 0.8888888955
82345  -29.380  -7.503  0.649 0.7777777910
82325  -30.445  -7.423  1.072 0.7777777910
81312  -19.780  -8.454  3.094 0.5555555820
83348  -21.022  -6.900  1.542 0.7777777910
82303  -20.585  -7.721  2.007 0.8888888955
82338  -22.981  -7.425  0.567 1.0000000000
81350  -23.522  -8.330  0.547 1.0000000000
82337  -22.220  -7.197  0.813 0.8888888955
82339  -23.987  -7.475  0.217 1.0000000000
82356  -25.244  -7.207  -0.132 1.0000000000
82359  -26.788  -6.973  -0.118 1.0000000000
83381  -27.084  -6.627  -0.085 0.8888888955
83380  -26.628  -6.485  -0.246 1.0000000000
83365  -27.763  -6.411  0.247 0.8888888955
84407  -29.943  -5.368  1.129 0.7777777910
83352  -31.635  -6.269  2.036 0.6666666865
84408  -30.506  -5.401  1.569 0.6666666865
84371  -18.743  -5.854  3.312 0.4444444478
83330  -20.277  -6.750  2.081 0.7777777910
84405  -20.462  -5.545  1.559 0.6666666865
84418  -21.544  -5.540  0.671 0.7777777910
83361  -22.404  -6.459  0.442 0.8888888955
83362  -23.559  -6.339  0.030 0.8888888955
83364  -24.959  -7.056  -0.199 1.0000000000
83377  -24.429  -6.006  -0.235 1.0000000000
84435  -25.701  -5.571  -0.570 1.0000000000
84437  -27.141  -5.741  -0.113 1.0000000000
84420  -27.778  -5.442  0.240 0.8888888955
85377  -29.611  -4.922  0.980 0.7777777910
83336  -32.098  -5.727  2.368 0.5555555820
85378  -30.091  -4.535  1.381 0.7777777910
85379  -30.723  -4.468  2.021 0.6666666865
85376  -20.048  -4.314  1.571 0.6666666865
84404  -19.810  -4.890  1.939 0.6666666865
84417  -20.990  -4.971  0.961 0.7777777910
85389  -20.656  -4.354  1.045 0.7777777910
84419  -22.644  -5.433  0.045 0.8888888955
84432  -23.528  -5.253  -0.284 0.8888888955
84433  -24.231  -5.217  -0.481 1.0000000000
85408  -26.169  -4.619  -0.624 1.0000000000
86396  -27.316  -3.942  -0.204 0.8888888955
86398  -28.625  -3.757  0.645 0.8888888955
85394  -29.017  -4.677  0.743 0.7777777910
86414  -26.711  -3.511  -0.557 0.8888888955
86397  -27.903  -3.811  0.188 0.7777777910
87408  -29.558  -3.233  1.185 0.7777777910
86383  -30.370  -3.584  1.767 0.7777777910
85363  -32.397  -4.299  2.732 0.6666666865
85375  -19.442  -4.277  2.083 0.6666666865
85355  -18.887  -4.219  2.651 0.5555555820
85390  -21.285  -4.430  0.574 0.8888888955
85404  -22.938  -4.370  -0.320 0.8888888955
85405  -23.811  -4.380  -0.715 1.0000000000
86413  -25.867  -3.598  -0.872 1.0000000000
87407  -29.194  -2.777  0.936 0.7777777910
87391  -29.656  -2.292  1.159 0.7777777910
87393  -30.875  -2.629  1.944 0.6666666865
87376  -32.676  -2.696  2.422 0.5555555820
86369  -32.988  -3.496  2.566 0.5555555820
86378  -19.608  -3.390  1.657 0.7777777910
87385  -19.143  -2.390  1.877 0.6666666865
86394  -20.961  -3.404  0.576 0.8888888955
86409  -22.259  -3.361  -0.248 1.0000000000
86411  -24.283  -3.530  -1.111 1.0000000000
87419  -25.580  -2.902  -1.109 0.8888888955
87421  -26.985  -2.382  -0.584 0.8888888955
87405  -27.526  -2.886  -0.109 0.8888888955
88375  -28.761  -1.811  0.568 0.7777777910
90282  -29.889  -0.735  1.163 0.7777777910
89318  -30.281  -1.134  1.444 0.7777777910
88342  -32.434  -2.017  2.258 0.5555555820
89347  -28.164  -0.668  -0.204 0.7777777910
89319  -31.062  -0.874  1.745 0.5555555820
88361  -32.787  -1.290  1.941 0.5555555820
90283  -30.490  -0.308  1.348 0.6666666865
88335  -18.270  -1.371  2.782 0.4444444478
87404  -21.069  -2.315  0.314 0.7777777910
86408  -21.548  -3.026  0.138 1.0000000000
87403  -20.439  -2.477  0.822 0.8888888955
87417  -22.615  -2.273  -0.690 1.0000000000
86423  -24.072  -2.565  -1.223 0.8888888955
87432  -25.863  -1.740  -1.115 0.8888888955
87420  -26.195  -2.379  -0.959 0.8888888955
88389  -26.769  -1.477  -0.656 0.8888888955
88390  -27.603  -1.649  -0.309 0.8888888955
90284  -31.417  0.028  1.475 0.5555555820
89329  -20.222  -0.272  0.749 0.6666666865
88371  -19.962  -0.777  0.986 0.6666666865
89342  -21.605  -0.367  -0.319 0.7777777910
88388  -23.631  -1.149  -1.245 0.8888888955
88399  -24.367  -1.104  -1.272 0.7777777910
88400  -25.049  -1.191  -1.253 0.8888888955
90327  -25.541  -0.152  -0.825 0.7777777910
88402  -26.133  -1.304  -0.940 0.8888888955
90315  -26.879  0.338  -0.321 0.7777777910
89345  -26.436  -0.545  -0.626 0.7777777910
90296  -28.738  0.180  0.172 0.6666666865
91307  -27.562  1.275  -0.394 0.6666666865
91308  -28.688  1.239  -0.112 0.6666666865
90297  -29.656  0.062  0.798 0.5555555820
92318  -28.337  2.231  -0.627 0.6666666865
91309  -29.412  1.496  0.207 0.5555555820
91291  -30.124  1.460  0.583 0.5555555820
92300  -30.308  2.216  0.302 0.5555555820
91282  -19.842  1.408  1.603 0.3333333433
91289  -20.410  1.494  0.899 0.3333333433
90309  -21.206  0.629  0.170 0.5555555820
90295  -20.593  0.334  0.565 0.6666666865
91302  -21.620  1.594  -0.060 0.5555555820
90311  -22.752  0.262  -0.885 0.7777777910
90312  -24.744  1.312  -0.433 0.6666666865
90326  -25.186  0.159  -0.810 0.6666666865
90325  -24.430  0.682  -0.645 0.6666666865
90313  -25.115  0.941  -0.401 0.6666666865
91306  -26.517  1.355  -0.376 0.6666666865
92317  -27.182  2.229  -0.673 0.6666666865
92319  -29.572  2.324  -0.052 0.5555555820
93250  -31.248  3.358  -0.524 0.5555555820
93249  -30.266  3.354  -0.498 0.6666666865
92311  -20.623  1.981  0.633 0.4444444478
92298  -20.356  2.163  0.969 0.4444444478
91301  -20.909  1.564  0.440 0.4444444478
92312  -21.034  2.543  0.357 0.5555555820
91303  -22.417  1.586  -0.573 0.6666666865
90323  -22.734  0.896  -0.815 0.6666666865
91318  -23.730  1.591  -0.650 0.6666666865
91305  -25.639  1.551  -0.302 0.6666666865
92316  -26.185  2.408  -0.509 0.6666666865
93248  -29.140  3.400  -0.987 0.6666666865
94100  -30.133  3.965  -1.021 0.5555555820
92331  -23.018  2.415  -0.703 0.6666666865
92332  -23.990  2.674  -0.638 0.6666666865
91304  -25.008  1.906  -0.434 0.6666666865
91319  -24.446  1.820  -0.497 0.6666666865
93247  -27.842  3.055  -1.158 0.6666666865
77432  -22.440  -12.376  1.820 0.8888888955
77412  -21.465  -12.170  2.511 1.0000000000
78402  -21.693  -11.593  2.183 1.0000000000
79367  -22.803  -10.584  1.255 1.0000000000
84385  -19.301  -5.395  2.606 0.5555555820
85409  -26.858  -4.709  -0.304 0.8888888955
86377  -19.105  -3.377  2.292 0.5555555820
88351  -18.803  -1.349  2.075 0.5555555820
86410  -23.320  -3.245  -0.842 1.0000000000
88374  -28.038  -2.089  0.186 0.8888888955
89298  -17.875  -0.565  3.321 0.2222222239
89355  -23.985  -0.299  -1.017 0.7777777910
90298  -30.767  0.648  1.120 0.4444444478
84384  -18.656  -4.747  2.953 0.4444444478
86359  -18.563  -3.323  2.900 0.4444444478
93265  -31.763  3.541  -1.000 0.5555555820
93251  -31.997  3.127  -0.660 0.5555555820
92287  -20.264  2.198  1.475 0.2222222239
94101  -30.939  3.929  -0.898 0.5555555820
74361  -21.779  -16.103  3.230 0.5555555820
74377  -22.883  -15.367  2.653 0.5555555820
75433  -23.132  -14.529  2.234 0.5555555820
75446  -23.557  -14.191  1.868 0.5555555820
77436  -26.261  -12.690  1.275 0.7777777910
73306  -21.060  -16.070  3.788 0.5555555820
76454  -24.674  -13.468  1.471 0.6666666865
77435  -25.155  -12.495  1.250 0.8888888955
78418  -26.773  -11.842  0.992 0.7777777910
78436  -27.261  -11.006  0.733 0.7777777910
79389  -27.725  -10.154  0.608 0.8888888955
74341  -20.229  -15.500  4.634 0.4444444478
76396  -19.832  -13.837  4.370 0.5555555820
78368  -19.414  -12.200  4.602 0.2222222239
78389  -20.415  -11.671  3.360 0.6666666865
80400  -28.195  -9.313  0.474 0.8888888955
81357  -29.667  -8.615  0.570 0.6666666865
82346  -30.012  -8.005  0.633 0.6666666865
79341  -19.917  -10.684  3.498 0.5555555820
82326  -31.693  -7.331  1.799 0.6666666865
80359  -19.556  -9.169  3.520 0.4444444478
83338  -33.676  -6.360  2.810 0.5555555820
82262  -18.388  -7.132  4.572 0.2222222239
84393  -32.672  -5.130  2.684 0.5555555820
84370  -18.239  -5.194  3.479 0.4444444478
85364  -33.299  -4.363  2.683 0.5555555820
86345  -16.965  -3.444  4.523 0.3333333433
86370  -33.924  -3.545  2.375 0.5555555820
87384  -18.566  -2.034  2.391 0.4444444478
87394  -34.005  -2.327  1.855 0.4444444478
88323  -17.995  -1.455  3.557 0.3333333433
88362  -33.956  -1.540  1.388 0.5555555820
90286  -32.878  0.353  1.098 0.4444444478
91281  -19.347  0.990  1.861 0.3333333433
90277  -19.043  0.486  1.775 0.4444444478
91293  -32.218  1.490  0.652 0.4444444478
92322  -32.711  2.323  -0.595 0.4444444478
93266  -32.346  3.304  -1.452 0.2222222239
92299  -20.350  2.993  0.879 0.3333333433
92313  -22.050  2.546  -0.295 0.6666666865
92314  -25.113  2.529  -0.679 0.6666666865
93261  -26.130  3.509  -1.453 0.6666666865
93262  -27.283  3.798  -1.734 0.6666666865
94118  -28.072  4.313  -1.965 0.6666666865
93263  -28.353  3.840  -1.522 0.6666666865
94120  -29.633  4.361  -1.532 0.6666666865
94121  -30.719  4.435  -1.537 0.4444444478
94123  -32.207  3.710  -1.974 0.3333333433
93257  -22.485  3.487  -0.747 0.5555555820
75417  -21.038  -14.772  3.431 0.5555555820
74375  -21.480  -15.148  3.136 0.5555555820
76436  -21.895  -13.798  2.588 0.6666666865
76437  -22.556  -13.713  2.158 0.7777777910
76438  -23.104  -13.875  1.867 0.7777777910
77433  -22.892  -12.621  1.636 0.8888888955
74360  -21.353  -15.675  3.418 0.5555555820
74359  -20.772  -15.541  3.902 0.4444444478
76397  -20.160  -14.267  4.145 0.5555555820
76418  -21.301  -13.833  3.084 0.6666666865
77393  -21.074  -12.723  3.016 0.8888888955
78416  -24.590  -11.219  0.868 1.0000000000
78435  -26.313  -10.809  0.689 1.0000000000
78433  -24.937  -10.425  0.644 1.0000000000
79387  -25.962  -9.870  0.426 1.0000000000
77371  -19.642  -12.848  4.399 0.5555555820
76416  -20.001  -13.302  4.049 0.6666666865
79355  -20.618  -10.684  2.935 0.8888888955
80361  -20.848  -9.938  2.571 1.0000000000
79368  -23.700  -10.423  0.865 1.0000000000
79386  -25.220  -9.838  0.472 1.0000000000
80375  -22.339  -9.367  1.259 1.0000000000
80398  -26.410  -9.032  0.393 1.0000000000
81354  -26.838  -8.283  0.264 1.0000000000
81356  -28.711  -8.443  0.450 0.7777777910
80373  -20.702  -9.252  2.383 1.0000000000
80341  -19.604  -9.904  3.637 0.6666666865
81331  -21.591  -8.571  1.519 1.0000000000
81332  -22.142  -8.352  1.158 1.0000000000
82341  -25.391  -7.581  0.063 1.0000000000
82357  -25.720  -7.228  -0.108 1.0000000000
82358  -26.363  -7.273  -0.058 1.0000000000
83366  -28.759  -6.550  0.560 0.8888888955
83367  -29.472  -6.602  0.788 0.7777777910
81291  -19.254  -8.353  3.788 0.5555555820
82282  -19.501  -7.456  3.247 0.6666666865
82302  -20.025  -7.594  2.589 0.6666666865
81313  -20.328  -8.542  2.479 0.7777777910
84386  -19.917  -6.088  2.201 0.6666666865
84406  -21.189  -6.155  1.201 0.8888888955
83349  -21.681  -6.648  0.977 0.8888888955
82321  -21.161  -7.884  1.645 0.8888888955
82322  -21.729  -7.623  1.220 1.0000000000
83363  -24.506  -6.842  -0.123 1.0000000000
83379  -26.009  -6.487  -0.347 1.0000000000
84421  -28.464  -5.588  0.490 0.8888888955
83350  -30.050  -6.267  1.143 0.7777777910
82307  -32.174  -6.534  2.263 0.5555555820
84409  -31.300  -5.390  2.164 0.6666666865
83309  -18.020  -5.680  4.106 0.3333333433
83310  -18.417  -6.288  3.981 0.3333333433
83311  -19.122  -6.474  3.302 0.4444444478
83329  -19.691  -6.628  2.662 0.6666666865
83378  -25.199  -6.506  -0.327 1.0000000000
84434  -24.943  -5.421  -0.592 1.0000000000
85393  -28.190  -4.676  0.412 0.7777777910
86382  -29.797  -3.692  1.322 0.7777777910
85391  -22.037  -4.494  0.131 0.8888888955
85407  -25.421  -4.575  -0.854 1.0000000000
87392  -30.013  -2.729  1.395 0.7777777910
86367  -31.040  -3.485  2.277 0.6666666865
85354  -18.357  -4.125  3.287 0.4444444478
86395  -21.619  -3.750  0.230 0.8888888955
86412  -25.138  -3.560  -1.182 1.0000000000
88359  -30.646  -1.806  1.640 0.6666666865
88343  -33.240  -1.991  2.174 0.5555555820
87377  -33.543  -2.700  2.229 0.5555555820
87368  -18.726  -2.686  2.494 0.5555555820
87386  -19.841  -2.488  1.279 0.6666666865
86425  -25.236  -2.838  -1.203 1.0000000000
89332  -29.424  -1.071  0.795 0.8888888955
88360  -31.659  -1.665  2.007 0.6666666865
89346  -27.268  -0.625  -0.370 0.8888888955
89320  -32.078  -0.608  1.727 0.5555555820
88353  -20.092  -1.906  1.032 0.5555555820
87416  -21.817  -2.277  -0.173 1.0000000000
88373  -21.286  -1.340  -0.010 0.7777777910
88372  -20.404  -1.352  0.632 0.7777777910
87429  -24.026  -1.769  -1.303 0.8888888955
87418  -23.392  -2.071  -1.162 0.7777777910
89321  -33.118  -0.339  1.333 0.5555555820
89328  -19.565  -0.166  1.203 0.5555555820
89330  -20.882  -0.385  0.289 0.6666666865
88352  -19.567  -1.357  1.308 0.7777777910
89312  -18.915  -0.458  1.764 0.6666666865
89343  -22.407  -0.417  -0.781 0.7777777910
88386  -22.080  -1.332  -0.540 0.7777777910
89358  -25.822  -0.556  -0.881 0.7777777910
90314  -25.859  0.363  -0.538 0.6666666865
90316  -27.879  0.286  -0.242 0.6666666865
91290  -29.319  0.896  0.330 0.5555555820
92302  -31.915  2.095  0.315 0.4444444478
90300  -32.619  0.849  0.889 0.4444444478
92321  -31.604  2.697  -0.102 0.5555555820
90294  -20.073  0.641  1.085 0.4444444478
90310  -22.077  0.607  -0.530 0.6666666865
90324  -23.422  0.590  -0.857 0.7777777910
92315  -25.451  2.412  -0.539 0.6666666865
93245  -26.184  3.034  -0.862 0.6666666865
89311  -18.364  -0.541  2.479 0.3333333433
86358  -17.977  -3.208  3.571 0.4444444478
92336  -32.822  2.508  -2.028 0.3333333433
94142  -31.983  3.921  -2.328 0.3333333433
74376  -22.016  -15.518  2.900 0.5555555820
74322  -20.090  -15.906  5.124 0.3333333433
82281  -18.932  -7.273  3.886 0.3333333433
81290  -18.909  -7.924  4.307 0.1111111119
83291  -18.114  -6.571  4.466 0.1111111119
85342  -17.574  -4.079  3.953 0.4444444478
87367  -18.169  -2.344  3.036 0.3333333433
90260  -18.487  0.616  2.408 0.3333333433
94119  -28.787  4.478  -1.754 0.6666666865
94140  -30.320  4.874  -2.185 0.4444444478
74381  -26.297  -15.955  2.099 0.4444444478
73311  -28.080  -16.664  2.982 0.2222222239
73326  -23.402  -16.351  2.776 0.4444444478
72236  -24.060  -16.812  2.630 0.4444444478
74378  -23.788  -15.392  2.409 0.4444444478
74380  -25.506  -15.829  2.128 0.4444444478
74396  -26.934  -15.661  1.780 0.4444444478
74398  -28.750  -15.759  1.307 0.2222222239
75434  -23.807  -14.677  2.088 0.4444444478
74394  -24.997  -15.098  1.919 0.4444444478
75449  -26.382  -14.599  1.632 0.4444444478
75452  -29.439  -15.351  1.120 0.1111111119
75436  -30.156  -14.888  1.619 0.1111111119
75451  -28.427  -15.133  1.218 0.3333333433
75447  -24.302  -14.343  1.769 0.4444444478
75448  -25.331  -14.390  1.678 0.4444444478
75450  -27.423  -14.925  1.403 0.3333333433
76457  -27.924  -14.075  1.317 0.3333333433
75453  -30.072  -14.917  0.946 0.2222222239
76456  -26.852  -13.803  1.403 0.4444444478
76455  -25.765  -13.566  1.481 0.4444444478
77439  -29.316  -13.503  0.809 0.2222222239
77440  -30.176  -13.678  0.619 0.1111111119
77457  -31.302  -13.470  0.051 0.1111111119
77438  -28.377  -13.227  1.100 0.3333333433
78420  -28.799  -12.392  0.823 0.3333333433
78419  -27.803  -12.091  0.987 0.4444444478
78437  -28.251  -11.255  0.711 0.5555555820
78438  -29.261  -11.549  0.749 0.6666666865
78439  -30.269  -11.935  0.741 0.4444444478
79390  -28.719  -10.391  0.643 0.6666666865
79394  -32.613  -11.160  0.159 0.3333333433
79391  -29.745  -10.683  0.717 0.6666666865
80403  -31.208  -10.250  0.749 0.5555555820
80401  -29.208  -9.512  0.557 0.6666666865
80402  -30.275  -9.706  0.694 0.5555555820
80378  -31.709  -9.489  1.033 0.5555555820
80404  -31.960  -10.488  0.725 0.4444444478
80379  -32.660  -9.914  1.027 0.3333333433
81335  -32.318  -8.520  1.589 0.4444444478
82327  -32.300  -7.785  2.003 0.5555555820
81334  -31.241  -8.436  1.202 0.4444444478
82308  -32.732  -7.248  2.395 0.4444444478
92334  -25.376  2.979  -0.964 0.5555555820
93260  -25.217  3.582  -1.512 0.5555555820
93276  -26.639  3.985  -2.008 0.5555555820
94138  -28.455  4.895  -2.363 0.5555555820
73328  -25.113  -16.447  2.328 0.4444444478
73331  -27.785  -16.556  2.194 0.2222222239
76459  -29.773  -14.455  0.732 0.2222222239
78421  -29.772  -12.696  0.805 0.4444444478
78422  -30.567  -12.995  0.452 0.3333333433
79392  -30.746  -11.091  0.654 0.4444444478
81336  -33.284  -9.073  1.584 0.3333333433
81315  -33.150  -8.184  2.086 0.4444444478
84395  -34.509  -5.449  2.749 0.4444444478
94116  -25.798  4.176  -2.069 0.5555555820
94115  -24.933  4.690  -2.009 0.5555555820
78441  -32.120  -12.301  -0.356 0.2222222239
72214  -23.940  -17.508  2.912 0.4444444478
72215  -25.068  -17.873  2.872 0.4444444478
72216  -25.984  -17.928  3.012 0.4444444478
72240  -27.071  -17.202  2.742 0.2222222239
73290  -28.634  -16.318  3.866 0.1111111119
73308  -22.443  -16.574  3.153 0.4444444478
74383  -28.994  -16.012  1.941 0.1111111119
75435  -29.629  -15.317  2.227 0.1111111119
74362  -28.709  -16.160  2.864 0.1111111119
76439  -30.730  -14.323  2.083 0.1111111119
76460  -30.679  -14.377  0.860 0.1111111119
76462  -32.229  -13.955  0.627 0.1111111119
76478  -32.586  -13.725  -0.207 0.1111111119
77458  -31.816  -13.247  -0.412 0.1111111119
78442  -33.219  -12.230  -0.759 0.2222222239
80380  -33.577  -9.793  1.138 0.2222222239
80381  -34.396  -9.611  1.546 0.2222222239
81316  -34.220  -8.699  2.085 0.3333333433
82309  -33.892  -7.463  2.535 0.4444444478
83339  -34.717  -6.525  2.723 0.3333333433
84396  -35.443  -5.632  2.491 0.3333333433
84394  -33.529  -5.300  2.774 0.4444444478
90276  -18.485  0.107  2.198 0.4444444478
91294  -33.036  1.425  0.181 0.3333333433
93244  -21.638  3.546  -0.213 0.4444444478
94139  -29.379  4.987  -2.195 0.5555555820
93258  -23.459  3.581  -0.844 0.5555555820
94114  -23.901  4.618  -1.222 0.5555555820
94136  -26.538  4.444  -2.555 0.5555555820
94997  -27.127  4.915  -3.385 0.5555555820
94998  -28.062  5.212  -3.156 0.5555555820
73325  -22.665  -15.947  2.857 0.4444444478
77437  -27.332  -12.949  1.199 0.6666666865
85365  -34.227  -4.475  2.597 0.4444444478
92303  -32.495  1.875  0.177 0.3333333433
73329  -25.998  -16.526  2.345 0.4444444478
73330  -27.014  -16.536  2.197 0.4444444478
73310  -27.497  -16.867  2.671 0.3333333433
74382  -28.356  -16.380  2.244 0.1111111119
73309  -23.198  -16.993  3.058 0.4444444478
73327  -24.284  -16.286  2.486 0.4444444478
72237  -24.667  -17.042  2.575 0.4444444478
74393  -24.315  -15.016  2.112 0.4444444478
74379  -24.664  -15.682  2.209 0.4444444478
74395  -25.923  -15.241  1.928 0.4444444478
73337  -27.399  -16.162  1.842 0.4444444478
74397  -27.980  -16.062  1.529 0.4444444478
75419  -30.283  -14.669  2.848 0.1111111119
76458  -28.896  -14.339  1.000 0.3333333433
78423  -30.979  -13.228  0.165 0.1111111119
77441  -30.843  -13.683  0.352 0.1111111119
76477  -31.730  -13.758  0.101 0.1111111119
79393  -31.649  -11.356  0.369 0.3333333433
78440  -31.201  -12.507  0.178 0.3333333433
93259  -24.438  3.707  -1.075 0.5555555820
94137  -27.518  4.486  -2.521 0.5555555820
72238  -25.552  -17.183  2.608 0.4444444478
72239  -26.412  -17.198  2.667 0.4444444478
76476  -31.181  -13.964  0.290 0.1111111119
94134  -25.315  5.248  -2.620 0.5555555820
72217  -26.764  -17.752  3.192 0.4444444478
72218  -27.439  -17.272  3.384 0.2222222239
72213  -23.017  -17.575  3.351 0.4444444478
72212  -22.170  -17.477  3.636 0.4444444478
74363  -29.201  -15.649  2.907 0.1111111119
76440  -31.360  -13.915  1.653 0.1111111119
63730  -26.279  -24.869  5.686 0.1111111119
66874  -23.300  -22.396  4.231 0.3333333433
65816  -25.177  -23.353  4.651 0.2222222239
64803  -25.851  -24.247  5.226 0.2222222239
64804  -26.626  -24.127  5.650 0.1111111119
65805  -26.340  -23.353  5.439 0.1111111119
69022  -21.650  -20.369  4.746 0.3333333433
66873  -22.380  -22.122  4.561 0.3333333433
66890  -24.431  -21.711  3.781 0.3333333433
67963  -24.995  -21.734  4.027 0.3333333433
66862  -25.731  -22.771  4.866 0.2222222239
66877  -25.955  -21.833  4.801 0.2222222239
66863  -26.083  -22.540  5.095 0.2222222239
66864  -26.899  -22.491  5.821 0.1111111119
70067  -21.091  -19.386  4.960 0.2222222239
67961  -22.769  -21.437  4.187 0.3333333433
66889  -23.898  -21.891  3.761 0.3333333433
67944  -26.476  -21.533  5.286 0.1111111119
71103  -20.755  -18.295  5.002 0.2222222239
70068  -21.923  -19.454  4.449 0.3333333433
71104  -21.475  -18.425  4.436 0.3333333433
71121  -22.006  -18.109  4.035 0.3333333433
71122  -22.695  -18.450  3.795 0.3333333433
69033  -22.923  -19.921  3.841 0.3333333433
70080  -23.227  -19.393  3.688 0.3333333433
69035  -24.467  -20.484  3.562 0.3333333433
70081  -24.109  -19.582  3.439 0.3333333433
70069  -25.680  -20.012  3.991 0.3333333433
70082  -25.298  -19.798  3.550 0.3333333433
69010  -26.390  -20.492  5.013 0.1111111119
70057  -26.462  -19.959  4.942 0.2222222239
72183  -20.468  -17.208  5.148 0.2222222239
72196  -21.027  -17.466  4.515 0.2222222239
73289  -21.244  -16.975  4.176 0.3333333433
71124  -24.605  -18.727  3.087 0.3333333433
70083  -25.905  -19.278  3.669 0.3333333433
70071  -26.722  -19.320  4.637 0.1111111119
73270  -20.096  -16.433  5.463 0.3333333433
73288  -20.790  -16.452  4.323 0.3333333433
73307  -21.504  -16.608  3.678 0.3333333433
71125  -25.599  -18.769  3.193 0.3333333433
82310  -34.975  -7.587  2.546 0.2222222239
86384  -34.488  -3.244  1.963 0.3333333433
86371  -34.664  -3.814  2.243 0.2222222239
65815  -24.666  -23.191  4.485 0.3333333433
65804  -25.699  -23.243  4.951 0.2222222239
69034  -23.460  -20.430  3.717 0.3333333433
67981  -25.216  -21.082  3.953 0.3333333433
69026  -25.942  -20.644  4.548 0.3333333433
71105  -22.156  -18.751  4.201 0.3333333433
72197  -21.547  -17.505  4.057 0.3333333433
71126  -26.398  -18.658  3.777 0.3333333433
63729  -25.564  -25.536  5.489 0.1111111119
63711  -26.372  -25.622  6.070 0.1111111119
66860  -21.955  -22.688  5.077 0.3333333433
66861  -22.652  -22.820  4.813 0.3333333433
65803  -23.184  -23.459  4.812 0.3333333433
64801  -23.952  -24.365  4.616 0.3333333433
64814  -24.755  -23.872  4.577 0.3333333433
64815  -25.312  -23.882  4.808 0.3333333433
63712  -27.477  -25.654  6.645 0.1111111119
64805  -27.176  -23.986  6.021 0.1111111119
67943  -21.372  -21.259  5.062 0.3333333433
65806  -26.896  -23.444  5.855 0.1111111119
66849  -27.492  -22.530  6.213 0.1111111119
71090  -20.229  -18.272  5.638 0.2222222239
69011  -26.931  -20.765  5.495 0.1111111119
70058  -27.023  -19.738  5.233 0.1111111119
71106  -26.587  -19.097  4.353 0.1111111119
71127  -27.065  -17.989  3.872 0.1111111119
83340  -35.728  -6.623  2.485 0.2222222239
87396  -35.024  -2.852  0.980 0.2222222239
86385  -35.158  -3.502  1.600 0.2222222239
74340  -19.843  -15.001  4.886 0.2222222239
75397  -19.993  -14.627  4.521 0.3333333433
73271  -20.303  -16.289  4.938 0.2222222239
85367  -35.888  -5.087  2.137 0.2222222239
64784  -26.962  -24.771  6.069 0.1111111119
65814  -23.968  -23.269  4.430 0.3333333433
67960  -22.068  -21.265  4.587 0.3333333433
69009  -20.976  -20.393  5.301 0.2222222239
66872  -21.775  -21.931  4.911 0.2222222239
66875  -24.392  -22.424  4.110 0.3333333433
66876  -25.394  -22.511  4.558 0.3333333433
67979  -24.059  -21.208  3.600 0.3333333433
67980  -24.735  -21.166  3.698 0.3333333433
67964  -25.597  -21.354  4.393 0.2222222239
69024  -23.030  -20.931  3.949 0.3333333433
69023  -22.548  -20.408  4.185 0.3333333433
67965  -26.074  -21.173  4.811 0.1111111119
70079  -22.592  -19.395  4.052 0.3333333433
69036  -25.095  -20.626  3.691 0.3333333433
71123  -23.597  -18.547  3.360 0.3333333433
64802  -25.043  -24.630  4.760 0.2222222239
65802  -22.373  -23.464  5.253 0.3333333433
64800  -22.753  -24.468  5.327 0.3333333433
67942  -20.769  -21.268  5.666 0.2222222239
82311  -36.001  -7.601  2.420 0.1111111119
81319  -36.897  -8.295  2.215 0.1111111119
82330  -38.351  -7.725  0.977 0.1111111119
82328  -37.151  -7.181  1.784 0.1111111119
84410  -37.098  -5.775  0.987 0.1111111119
84411  -37.676  -6.289  0.793 0.1111111119
85366  -35.302  -4.528  2.246 0.1111111119
84423  -37.403  -5.457  0.242 0.1111111119
85381  -36.234  -4.669  1.396 0.1111111119
88377  -34.268  -1.183  0.620 0.2222222239
85380  -35.623  -4.138  1.626 0.1111111119
85396  -36.953  -4.885  0.017 0.1111111119
89348  -34.053  -0.324  -0.672 0.1111111119
90301  -33.279  0.459  0.564 0.2222222239
91311  -33.472  1.091  -0.556 0.1111111119
89349  -34.422  -0.967  -0.267 0.1111111119
89359  -33.741  -0.465  -1.651 0.1111111119
92323  -33.291  1.633  -0.945 0.1111111119
94980  -22.550  4.959  -0.839 0.4444444478
92337  -33.196  1.778  -1.689 0.1111111119
94135  -25.740  4.880  -2.624 0.4444444478
95001  -30.642  5.073  -2.757 0.3333333433
94141  -31.369  4.508  -2.676 0.2222222239
93290  -32.115  2.763  -3.340 0.1111111119
92344  -32.384  2.146  -3.106 0.1111111119
94995  -25.542  5.474  -3.167 0.4444444478
95014  -25.871  5.770  -3.996 0.4444444478
95016  -27.633  5.540  -4.077 0.4444444478
95017  -28.641  5.708  -3.821 0.4444444478
95018  -29.714  5.753  -3.679 0.4444444478
95032  -30.920  5.036  -4.326 0.2222222239
94152  -31.301  4.411  -4.011 0.2222222239
93301  -31.279  3.376  -4.728 0.2222222239
95062  -32.056  6.455  -8.434 0.1111111119
94181  -31.828  5.244  -7.471 0.1111111119
92371  -31.183  2.366  -5.297 0.1111111119
94981  -23.147  5.434  -1.115 0.4444444478
95865  -23.139  6.123  -0.979 0.4444444478
94982  -24.127  5.520  -1.934 0.4444444478
94994  -24.889  5.731  -2.799 0.3333333433
95029  -26.439  6.102  -4.535 0.4444444478
95907  -27.500  6.137  -5.277 0.4444444478
95893  -27.594  5.823  -4.694 0.4444444478
95895  -29.175  5.995  -4.604 0.4444444478
95931  -27.057  6.687  -6.510 0.3333333433
95909  -29.495  6.188  -5.518 0.3333333433
95040  -30.417  5.848  -5.833 0.1111111119
94162  -30.787  5.259  -5.513 0.1111111119
94171  -31.149  4.745  -6.054 0.1111111119
94163  -30.999  4.564  -5.026 0.2222222239
94966  -22.723  5.899  -0.826 0.2222222239
95012  -24.872  6.111  -3.318 0.3333333433
95892  -25.610  6.459  -4.083 0.3333333433
95906  -26.755  6.354  -5.217 0.3333333433
95908  -28.452  6.170  -5.413 0.4444444478
95932  -27.866  6.880  -6.653 0.2222222239
95921  -28.658  6.516  -6.205 0.2222222239
95922  -29.631  6.287  -6.421 0.2222222239
95047  -30.442  5.948  -6.626 0.1111111119
96844  -28.671  6.922  -7.633 0.1111111119
95933  -28.848  6.714  -7.066 0.1111111119
95934  -29.822  6.271  -7.224 0.1111111119
95048  -31.075  5.481  -6.770 0.1111111119
95938  -29.266  6.628  -7.815 0.1111111119
95939  -30.230  6.301  -7.970 0.1111111119
95054  -30.589  5.943  -7.259 0.1111111119
95878  -24.302  6.308  -2.589 0.3333333433
95879  -24.611  6.616  -3.091 0.3333333433
96793  -24.911  7.065  -3.143 0.3333333433
95905  -26.351  6.652  -4.767 0.3333333433
95918  -26.541  6.749  -5.771 0.3333333433
96841  -26.746  6.831  -6.546 0.2222222239
96843  -28.163  7.538  -7.145 0.1111111119
95945  -29.526  6.849  -8.444 0.1111111119
95940  -30.956  6.321  -8.325 0.1111111119
97699  -31.935  8.853  -8.522 0.1111111119
96764  -24.767  7.358  -0.825 0.1111111119
96794  -25.766  7.462  -2.810 0.2222222239
96806  -26.816  7.659  -3.393 0.2222222239
96805  -26.039  7.121  -4.064 0.3333333433
96818  -27.384  7.663  -4.770 0.2222222239
96817  -26.547  7.152  -5.422 0.3333333433
96832  -28.114  7.871  -5.881 0.1111111119
97682  -28.587  8.646  -6.546 0.1111111119
97689  -28.276  8.777  -7.642 0.1111111119
96851  -28.835  7.227  -8.158 0.1111111119
96858  -29.253  7.665  -9.144 0.1111111119
97696  -29.174  8.276  -9.652 0.1111111119
95946  -30.296  6.853  -8.739 0.1111111119
95948  -32.099  7.120  -8.618 0.1111111119
95941  -32.681  6.824  -8.107 0.1111111119
96779  -25.710  7.575  -1.659 0.1111111119
96780  -26.763  7.519  -1.256 0.1111111119
97641  -27.320  7.894  -1.870 0.1111111119
97649  -28.235  8.724  -2.947 0.1111111119
97658  -27.658  8.131  -3.619 0.1111111119
97659  -28.363  8.577  -4.261 0.1111111119
96819  -28.192  8.135  -5.092 0.1111111119
98501  -28.871  9.785  -5.817 0.1111111119
97683  -28.764  9.207  -6.473 0.1111111119
98511  -28.615  9.670  -6.794 0.1111111119
97695  -28.078  8.955  -8.696 0.1111111119
96781  -27.412  7.577  -0.690 0.1111111119
97631  -28.092  7.972  -0.704 0.1111111119
97642  -28.107  8.393  -1.746 0.1111111119
98485  -28.800  9.616  -3.388 0.1111111119
99374  -28.712  10.890  -5.096 0.1111111119
98461  -28.774  8.943  -0.677 0.1111111119
98473  -28.993  9.524  -1.991 0.1111111119
82313  -37.197  -8.033  2.065 0.1111111119
83341  -36.690  -6.730  1.949 0.1111111119
83353  -37.424  -6.707  1.355 0.1111111119
83354  -38.143  -6.831  0.751 0.1111111119
86400  -35.472  -3.336  0.663 0.1111111119
86401  -36.088  -4.004  0.340 0.1111111119
87410  -35.132  -2.585  0.261 0.1111111119
90328  -33.724  0.357  -1.123 0.1111111119
94999  -29.041  5.463  -2.927 0.4444444478
95019  -30.721  5.256  -3.532 0.3333333433
93289  -31.732  3.349  -3.602 0.1111111119
91325  -32.379  1.110  -3.134 0.1111111119
94996  -26.248  5.162  -3.313 0.4444444478
93309  -31.176  3.484  -5.637 0.2222222239
95041  -30.848  5.520  -6.235 0.1111111119
94176  -31.659  4.734  -6.878 0.1111111119
93316  -31.808  3.684  -6.603 0.1111111119
95028  -26.020  6.258  -4.395 0.3333333433
95061  -31.595  6.153  -8.253 0.1111111119
98492  -28.831  9.698  -4.642 0.1111111119
99382  -28.608  10.937  -6.225 0.1111111119
99348  -28.799  10.746  -2.581 0.1111111119
98474  -29.135  10.115  -1.520 0.1111111119
82361  -39.891  -7.754  -0.805 0.1111111119
83355  -38.526  -7.312  0.532 0.1111111119
88363  -34.525  -2.004  1.028 0.2222222239
89333  -33.944  -0.533  0.410 0.2222222239
91320  -33.470  1.051  -1.490 0.1111111119
94113  -22.898  4.420  -1.070 0.4444444478
95015  -26.703  5.500  -4.066 0.4444444478
95894  -28.180  5.848  -4.666 0.4444444478
96766  -26.750  7.448  -0.170 0.1111111119
96748  -26.877  7.569  0.850 0.1111111119
97621  -28.323  8.237  0.262 0.1111111119
82348  -39.530  -7.953  -0.107 0.1111111119
81317  -35.322  -8.463  2.342 0.1111111119
81338  -36.754  -8.705  2.180 0.1111111119
82369  -40.745  -7.657  -1.839 0.1111111119
81368  -39.949  -8.348  -0.331 0.1111111119
83389  -39.361  -6.742  -1.352 0.1111111119
84424  -38.001  -5.931  0.033 0.1111111119
84438  -38.203  -5.817  -1.268 0.1111111119
86415  -35.575  -3.269  -0.445 0.1111111119
86416  -36.284  -4.201  -0.831 0.1111111119
87422  -35.181  -2.535  -0.451 0.1111111119
87433  -34.710  -2.174  -1.587 0.1111111119
89368  -33.911  -1.162  -1.997 0.1111111119
90335  -33.306  0.206  -2.089 0.1111111119
90341  -31.512  0.974  -4.285 0.1111111119
90342  -31.899  0.420  -4.060 0.1111111119
94965  -22.018  5.491  -0.445 0.4444444478
91355  -31.757  1.455  -5.429 0.1111111119
92378  -31.369  2.537  -6.034 0.1111111119
95853  -22.599  6.432  -0.595 0.2222222239
95866  -23.663  6.294  -1.615 0.3333333433
95854  -23.286  6.533  -0.965 0.2222222239
96777  -24.234  6.880  -2.265 0.2222222239
94177  -32.356  4.477  -6.785 0.1111111119
96745  -23.814  7.305  0.144 0.1111111119
96778  -24.762  7.410  -2.027 0.2222222239
95057  -32.911  6.308  -7.490 0.1111111119
95935  -33.276  6.667  -6.921 0.1111111119
96730  -23.996  7.490  1.344 0.1111111119
96747  -25.921  7.433  0.616 0.1111111119
96732  -26.130  7.483  1.728 0.1111111119
96852  -33.060  7.709  -7.668 0.1111111119
96749  -27.667  7.934  1.036 0.1111111119
99390  -28.626  10.929  -7.325 0.1111111119
99401  -28.224  11.099  -8.449 0.1111111119
99416  -29.651  10.355  -9.338 0.1111111119
99413  -31.148  10.531  -8.105 0.1111111119
99361  -28.693  10.751  -3.899 0.1111111119
100356  -28.053  12.096  -5.552 0.1111111119
99349  -29.036  10.433  -1.782 0.1111111119
93279  -32.343  3.257  -2.623 0.1111111119
84397  -36.281  -5.709  2.023 0.1111111119
90317  -33.703  0.356  -0.206 0.2222222239
84425  -38.412  -6.466  -0.157 0.1111111119
85397  -37.488  -5.376  -0.119 0.1111111119
89334  -34.361  -1.067  0.281 0.1111111119
89360  -34.264  -0.990  -1.193 0.1111111119
88392  -34.628  -1.552  -0.780 0.1111111119
91326  -33.053  1.012  -2.381 0.1111111119
92358  -31.640  2.206  -3.718 0.1111111119
95031  -30.415  5.678  -4.722 0.2222222239
92357  -31.316  2.314  -4.502 0.1111111119
95056  -32.267  5.719  -7.786 0.1111111119
95947  -31.337  6.849  -8.739 0.1111111119
95055  -31.307  5.760  -7.591 0.1111111119
95049  -32.421  5.158  -7.224 0.1111111119
91354  -31.107  1.516  -5.505 0.1111111119
95920  -27.692  6.465  -6.071 0.3333333433
93315  -31.441  3.663  -6.311 0.2222222239
96804  -25.299  6.825  -3.783 0.3333333433
96792  -24.439  6.771  -2.833 0.3333333433
96763  -23.762  7.015  -1.061 0.1111111119
96831  -27.163  7.487  -6.185 0.2222222239
96842  -27.131  7.085  -6.743 0.1111111119
96850  -28.418  8.035  -8.407 0.1111111119
96859  -30.561  7.688  -9.134 0.1111111119
97697  -29.822  8.536  -9.611 0.1111111119
96860  -31.601  7.818  -8.826 0.1111111119
98531  -31.364  9.790  -8.645 0.1111111119
96746  -24.879  7.409  0.362 0.1111111119
97671  -28.644  8.768  -5.471 0.1111111119
96857  -28.433  8.339  -9.241 0.1111111119
97705  -29.458  9.296  -9.689 0.1111111119
97703  -28.241  9.009  -9.479 0.1111111119
96765  -25.785  7.498  -0.516 0.1111111119
96795  -26.623  7.706  -2.303 0.1111111119
97648  -27.445  8.114  -2.659 0.1111111119
98502  -28.830  9.429  -6.325 0.1111111119
98521  -28.031  9.910  -7.988 0.1111111119
98529  -27.995  9.865  -9.078 0.1111111119
96767  -27.607  7.638  0.094 0.1111111119
81340  -37.984  -8.488  1.401 0.1111111119
83382  -39.267  -7.089  -0.748 0.1111111119
88378  -34.660  -1.714  0.286 0.1111111119
91345  -30.959  1.481  -4.979 0.1111111119
92386  -31.563  3.179  -6.349 0.1111111119
93310  -32.240  3.447  -6.360 0.1111111119
83383  -39.726  -7.210  -1.283 0.1111111119
88393  -34.917  -2.091  -0.604 0.1111111119
88403  -34.447  -1.686  -1.668 0.1111111119
90365  -30.950  0.855  -5.251 0.1111111119
92379  -32.140  2.511  -5.935 0.1111111119
94178  -32.975  4.695  -6.240 0.1111111119
96729  -22.905  7.327  1.196 0.1111111119
95050  -33.016  5.534  -6.859 0.1111111119
99415  -29.063  10.318  -9.708 0.1111111119
100343  -28.337  11.805  -4.430 0.1111111119
101118  -28.017  12.635  -4.865 0.1111111119
79339  -19.145  -10.511  4.585 0.2222222239
80340  -19.241  -9.505  4.164 0.2222222239
76395  -19.386  -13.514  4.892 0.3333333433
78387  -19.243  -11.101  4.386 0.3333333433
93243  -20.950  3.700  0.434 0.2222222239
94953  -21.340  5.512  0.674 0.1111111119
95852  -21.952  6.292  -0.170 0.1111111119
91261  -18.227  0.844  2.815 0.2222222239
90258  -17.546  0.042  3.597 0.1111111119
78388  -19.553  -11.692  4.056 0.2222222239
91245  -17.493  0.613  4.133 0.1111111119
92271  -20.301  2.034  1.662 0.1111111119
93235  -20.533  3.872  1.014 0.1111111119
94954  -21.682  5.986  0.102 0.1111111119
95840  -21.644  6.457  0.555 0.1111111119
75395  -19.334  -14.038  5.024 0.2222222239
84369  -17.614  -5.137  4.289 0.2222222239
83290  -17.790  -6.117  4.582 0.1111111119
85341  -17.069  -4.383  4.697 0.3333333433
94098  -21.480  4.485  -0.054 0.3333333433
94964  -21.449  5.037  0.189 0.1111111119
94083  -20.862  4.742  1.313 0.1111111119
94089  -21.032  4.583  0.597 0.1111111119
93226  -20.915  3.794  1.430 0.1111111119
92288  -20.441  2.957  1.326 0.1111111119
77459  -32.652  -13.092  -0.703 0.1111111119
63726  -22.780  -25.293  5.616 0.1111111119
63727  -23.471  -25.474  5.283 0.1111111119
63728  -24.499  -25.522  4.931 0.1111111119
64781  -21.044  -24.535  6.622 0.1111111119
64799  -22.122  -23.979  5.583 0.1111111119
65801  -21.462  -23.425  5.694 0.1111111119
66859  -21.228  -22.240  5.451 0.1111111119
75376  -19.318  -14.051  5.444 0.1111111119
80320  -19.228  -9.075  4.663 0.1111111119
80339  -19.083  -9.772  4.758 0.1111111119
79340  -19.313  -10.580  3.994 0.1111111119
87355  -17.715  -2.348  3.926 0.2222222239
88308  -17.967  -1.445  4.125 0.2222222239
64782  -21.882  -24.555  6.024 0.1111111119
81274  -19.140  -8.612  4.374 0.1111111119
63707  -21.543  -25.532  6.693 0.1111111119
65789  -21.193  -23.986  6.216 0.1111111119
65800  -20.831  -22.848  5.845 0.1111111119
66858  -20.577  -22.183  6.103 0.1111111119
69008  -20.515  -20.335  5.944 0.1111111119
70056  -20.618  -19.699  5.550 0.1111111119
70066  -20.463  -19.020  5.395 0.1111111119
75377  -19.583  -14.593  5.679 0.1111111119
76370  -19.204  -13.387  5.410 0.1111111119
78367  -19.248  -11.592  4.897 0.1111111119
87341  -17.772  -2.348  4.658 0.2222222239
88309  -18.230  -1.352  4.127 0.2222222239
89269  -17.725  -0.739  4.806 0.1111111119
63708  -22.374  -25.591  6.098 0.1111111119
89285  -17.708  -0.757  4.076 0.2222222239
89297  -17.465  -0.272  3.971 0.1111111119
77370  -19.289  -12.674  4.968 0.1111111119
87354  -17.249  -2.760  4.454 0.2222222239
75396  -19.564  -14.379  5.050 0.1111111119
72182  -20.033  -17.379  5.874 0.1111111119
64783  -22.441  -24.985  5.760 0.1111111119
75357  -19.796  -14.491  6.061 0.1111111119
89270  -18.777  -0.630  4.553 0.1111111119
89259  -17.570  -0.344  5.839 0.1111111119
91262  -18.854  1.164  2.435 0.1111111119
87326  -16.773  -3.248  5.695 0.1111111119
128637  -17.730  1.453  5.106 0.1111111119
91247  -18.860  1.522  3.417 0.1111111119
91263  -19.744  1.529  2.361 0.1111111119
63709  -22.976  -25.844  5.776 0.1111111119
64813  -24.335  -23.691  4.487 0.3333333433
67962  -23.399  -21.403  3.846 0.3333333433
69025  -25.558  -20.466  4.081 0.3333333433
70070  -26.169  -19.762  4.357 0.2222222239
73338  -27.573  -16.351  1.919 0.4444444478
77414  -22.595  -13.106  1.952 0.7777777910
80364  -35.661  -9.107  2.202 0.1111111119
80377  -30.964  -9.284  0.884 0.5555555820
81314  -32.605  -7.951  2.048 0.5555555820
81318  -36.291  -8.480  2.300 0.1111111119
81333  -30.440  -8.568  0.789 0.6666666865
81337  -33.861  -9.284  1.570 0.2222222239
81339  -37.253  -8.567  1.938 0.1111111119
81366  -25.724  -7.738  0.133 1.0000000000
82261  -17.972  -6.683  4.638 0.1111111119
82312  -36.869  -7.687  2.152 0.1111111119
82323  -22.360  -7.797  0.932 1.0000000000
82324  -29.818  -6.957  0.934 0.7777777910
82329  -37.584  -7.630  1.610 0.1111111119
82340  -24.848  -7.536  0.042 1.0000000000
82342  -26.589  -7.763  0.126 1.0000000000
82347  -38.949  -7.763  0.365 0.1111111119
82360  -39.253  -7.495  -0.256 0.1111111119
82362  -40.496  -7.956  -1.351 0.1111111119
82368  -40.186  -7.499  -1.464 0.1111111119
83337  -32.788  -6.060  2.626 0.5555555820
83351  -30.928  -6.352  1.632 0.7777777910
83368  -38.319  -6.531  0.164 0.1111111119
83369  -38.675  -6.988  -0.020 0.1111111119
83376  -23.959  -5.701  -0.202 1.0000000000
84392  -31.958  -5.007  2.612 0.6666666865
84422  -29.349  -5.713  0.776 0.8888888955
84436  -26.422  -5.630  -0.420 1.0000000000
84439  -38.683  -6.461  -0.805 0.1111111119
85362  -31.499  -4.357  2.534 0.6666666865
85392  -27.505  -4.730  0.044 0.7777777910
85395  -29.559  -4.318  1.082 0.7777777910
85406  -24.634  -4.487  -0.904 1.0000000000
85411  -37.567  -5.321  -0.774 0.1111111119
86346  -17.336  -3.119  4.022 0.3333333433
86368  -32.024  -3.465  2.607 0.6666666865
86386  -35.731  -3.914  1.147 0.1111111119
86393  -20.274  -3.404  1.166 0.7777777910
86399  -29.276  -3.745  1.008 0.7777777910
86424  -24.798  -2.761  -1.232 1.0000000000
87316  -17.080  -3.496  5.989 0.1111111119
87340  -16.978  -2.914  5.059 0.1111111119
87375  -31.755  -2.628  2.333 0.5555555820
87378  -34.115  -2.859  2.007 0.3333333433
87395  -34.511  -2.573  1.468 0.2222222239
87406  -28.291  -2.846  0.459 0.8888888955
87409  -34.768  -2.340  0.813 0.2222222239
87430  -24.630  -1.916  -1.244 0.8888888955
87431  -25.386  -2.112  -1.169 0.8888888955
88344  -33.721  -2.109  1.960 0.4444444478
88358  -29.985  -1.849  1.272 0.7777777910
88376  -29.449  -1.842  1.005 0.7777777910
88379  -35.008  -2.207  -0.121 0.1111111119
88387  -22.845  -1.283  -1.028 0.8888888955
88391  -28.306  -1.402  0.054 0.8888888955
88401  -25.626  -1.219  -1.131 0.8888888955
88404  -34.766  -2.023  -1.203 0.1111111119
89317  -29.789  -1.317  1.156 0.7777777910
89331  -28.858  -0.784  0.323 0.7777777910
89344  -23.169  -0.377  -1.069 0.7777777910
89356  -24.756  -0.358  -1.099 0.7777777910
89357  -25.354  -0.531  -1.068 0.7777777910
90244  -17.620  0.454  3.719 0.1111111119
90259  -17.919  0.293  2.927 0.3333333433
90278  -19.604  0.799  1.569 0.4444444478
90285  -32.339  0.240  1.362 0.4444444478
90293  -19.574  0.448  1.393 0.4444444478
90299  -31.785  0.860  1.155 0.4444444478
90308  -20.642  0.959  0.637 0.5555555820
90334  -32.614  0.178  -3.007 0.1111111119
90366  -31.238  0.951  -5.451 0.1111111119
91237  -16.988  0.812  4.688 0.1111111119
91246  -17.973  0.974  3.705 0.1111111119
91292  -31.293  1.485  0.747 0.5555555820
91295  -33.422  0.870  0.024 0.3333333433
91310  -33.159  1.646  -0.462 0.1111111119
91317  -23.063  1.422  -0.827 0.6666666865
91334  -31.347  1.471  -4.375 0.1111111119
91335  -31.727  1.330  -3.734 0.1111111119
92301  -30.976  2.148  0.358 0.4444444478
92320  -30.650  2.750  0.008 0.5555555820
92333  -24.800  2.762  -0.803 0.6666666865
92335  -25.802  2.921  -0.807 0.6666666865
92345  -32.862  1.731  -2.522 0.1111111119
92387  -31.777  3.019  -6.342 0.1111111119
93246  -26.788  3.083  -0.955 0.6666666865
93264  -28.960  4.069  -1.380 0.6666666865
93277  -26.995  4.127  -2.250 0.5555555820
93278  -31.956  3.834  -2.839 0.1111111119
94099  -22.111  4.417  -0.676 0.4444444478
94102  -31.414  3.724  -0.971 0.5555555820
94117  -26.273  4.046  -2.017 0.5555555820
94122  -31.658  3.976  -1.556 0.5555555820
94170  -30.851  5.375  -5.905 0.1111111119
94182  -32.105  4.993  -7.323 0.1111111119
95000  -30.022  5.411  -2.788 0.3333333433
95013  -25.188  5.960  -3.591 0.3333333433
95030  -27.085  5.913  -4.661 0.4444444478
95841  -22.134  6.740  -0.047 0.1111111119
95890  -24.669  6.259  -3.121 0.3333333433
95891  -24.951  6.497  -3.524 0.3333333433
95919  -26.925  6.460  -5.975 0.3333333433
95930  -26.680  6.747  -6.317 0.2222222239
96830  -26.562  7.033  -6.339 0.2222222239
96861  -32.496  7.831  -8.431 0.1111111119
96865  -28.498  8.570  -9.646 0.1111111119
96866  -28.796  8.277  -9.593 0.1111111119
97630  -27.586  7.811  -1.284 0.1111111119
97672  -28.952  9.104  -6.145 0.1111111119
97698  -30.939  8.705  -9.072 0.1111111119
97704  -28.893  8.885  -9.743 0.1111111119
98512  -28.722  9.432  -6.544 0.1111111119
98522  -31.627  10.205  -8.089 0.1111111119
98530  -30.169  9.624  -9.309 0.1111111119
98535  -28.404  9.646  -9.753 0.1111111119
98536  -28.973  9.665  -9.850 0.1111111119
98537  -29.448  9.845  -9.610 0.1111111119
99410  -28.449  10.444  -9.474 0.1111111119
99414  -28.658  10.048  -9.842 0.1111111119
