#!ascii label  , from subject sub-01 vox2ras=TkReg
368
83379  -26.009  -6.487  -0.347 0.0000000000
80374  -21.366  -9.573  1.968 0.0000000000
79391  -29.745  -10.683  0.717 0.0000000000
76454  -24.674  -13.468  1.471 0.0000000000
94135  -25.740  4.880  -2.624 0.0000000000
92318  -28.337  2.231  -0.627 0.0000000000
87416  -21.817  -2.277  -0.173 0.0000000000
72214  -23.940  -17.508  2.912 0.0000000000
78414  -22.425  -11.738  1.674 0.0000000000
76436  -21.895  -13.798  2.588 0.0000000000
93262  -27.283  3.798  -1.734 0.0000000000
91318  -23.730  1.591  -0.650 0.0000000000
84406  -21.189  -6.155  1.201 0.0000000000
85375  -19.442  -4.277  2.083 0.0000000000
85405  -23.811  -4.380  -0.715 0.0000000000
87421  -26.985  -2.382  -0.584 0.0000000000
86398  -28.625  -3.757  0.645 0.0000000000
83350  -30.050  -6.267  1.143 0.0000000000
81312  -19.780  -8.454  3.094 0.0000000000
81350  -23.522  -8.330  0.547 0.0000000000
81355  -27.697  -8.329  0.345 0.0000000000
79386  -25.220  -9.838  0.472 0.0000000000
78418  -26.773  -11.842  0.992 0.0000000000
76457  -27.924  -14.075  1.317 0.0000000000
89329  -20.222  -0.272  0.749 0.0000000000
90327  -25.541  -0.152  -0.825 0.0000000000
91290  -29.319  0.896  0.330 0.0000000000
74360  -21.353  -15.675  3.418 0.0000000000
74378  -23.788  -15.392  2.409 0.0000000000
77393  -21.074  -12.723  3.016 0.0000000000
76417  -20.467  -13.789  3.702 0.0000000000
92331  -23.018  2.415  -0.703 0.0000000000
91302  -21.620  1.594  -0.060 0.0000000000
83362  -23.559  -6.339  0.030 0.0000000000
84419  -22.644  -5.433  0.045 0.0000000000
84434  -24.943  -5.421  -0.592 0.0000000000
85408  -26.169  -4.619  -0.624 0.0000000000
84420  -27.778  -5.442  0.240 0.0000000000
85377  -29.611  -4.922  0.980 0.0000000000
83365  -27.763  -6.411  0.247 0.0000000000
80373  -20.702  -9.252  2.383 0.0000000000
82321  -21.161  -7.884  1.645 0.0000000000
80375  -22.339  -9.367  1.259 0.0000000000
80396  -24.834  -9.121  0.357 0.0000000000
80376  -23.126  -9.768  0.867 0.0000000000
77434  -24.016  -12.491  1.261 0.0000000000
78417  -25.740  -11.596  0.982 0.0000000000
77436  -26.261  -12.690  1.275 0.0000000000
77437  -27.332  -12.949  1.199 0.0000000000
76456  -26.852  -13.803  1.403 0.0000000000
94982  -24.127  5.520  -1.934 0.0000000000
95865  -23.139  6.123  -0.979 0.0000000000
94994  -24.889  5.731  -2.799 0.0000000000
95028  -26.020  6.258  -4.395 0.0000000000
94997  -27.127  4.915  -3.385 0.0000000000
93247  -27.842  3.055  -1.158 0.0000000000
86394  -20.961  -3.404  0.576 0.0000000000
88353  -20.092  -1.906  1.032 0.0000000000
88373  -21.286  -1.340  -0.010 0.0000000000
89343  -22.407  -0.417  -0.781 0.0000000000
88388  -23.631  -1.149  -1.245 0.0000000000
88375  -28.761  -1.811  0.568 0.0000000000
89347  -28.164  -0.668  -0.204 0.0000000000
90283  -30.490  -0.308  1.348 0.0000000000
80400  -28.195  -9.313  0.474 0.0000000000
82346  -30.012  -8.005  0.633 0.0000000000
72212  -22.170  -17.477  3.636 0.0000000000
73308  -22.443  -16.574  3.153 0.0000000000
74377  -22.883  -15.367  2.653 0.0000000000
72236  -24.060  -16.812  2.630 0.0000000000
79355  -20.618  -10.684  2.935 0.0000000000
79366  -21.959  -10.599  1.757 0.0000000000
77412  -21.465  -12.170  2.511 0.0000000000
77413  -22.058  -12.720  2.221 0.0000000000
76438  -23.104  -13.875  1.867 0.0000000000
94114  -23.901  4.618  -1.222 0.0000000000
94136  -26.538  4.444  -2.555 0.0000000000
93260  -25.217  3.582  -1.512 0.0000000000
92314  -25.113  2.529  -0.679 0.0000000000
91305  -25.639  1.551  -0.302 0.0000000000
84386  -19.917  -6.088  2.201 0.0000000000
84404  -19.810  -4.890  1.939 0.0000000000
85390  -21.285  -4.430  0.574 0.0000000000
86409  -22.259  -3.361  -0.248 0.0000000000
86423  -24.072  -2.565  -1.223 0.0000000000
86412  -25.138  -3.560  -1.182 0.0000000000
87405  -27.526  -2.886  -0.109 0.0000000000
87392  -30.013  -2.729  1.395 0.0000000000
86383  -30.370  -3.584  1.767 0.0000000000
71124  -24.605  -18.727  3.087 0.0000000000
72215  -25.068  -17.873  2.872 0.0000000000
83330  -20.277  -6.750  2.081 0.0000000000
82337  -22.220  -7.197  0.813 0.0000000000
82356  -25.244  -7.207  -0.132 0.0000000000
82358  -26.363  -7.273  -0.058 0.0000000000
81352  -25.298  -8.196  0.214 0.0000000000
80398  -26.410  -9.032  0.393 0.0000000000
79388  -26.796  -9.970  0.582 0.0000000000
78416  -24.590  -11.219  0.868 0.0000000000
78435  -26.313  -10.809  0.689 0.0000000000
78437  -28.251  -11.255  0.711 0.0000000000
78420  -28.799  -12.392  0.823 0.0000000000
77439  -29.316  -13.503  0.809 0.0000000000
94138  -28.455  4.895  -2.363 0.0000000000
90310  -22.077  0.607  -0.530 0.0000000000
90325  -24.430  0.682  -0.645 0.0000000000
91307  -27.562  1.275  -0.394 0.0000000000
88402  -26.133  -1.304  -0.940 0.0000000000
90316  -27.879  0.286  -0.242 0.0000000000
91309  -29.412  1.496  0.207 0.0000000000
82345  -29.380  -7.503  0.649 0.0000000000
82326  -31.693  -7.331  1.799 0.0000000000
75416  -20.433  -14.755  4.046 0.0000000000
75431  -21.636  -14.618  2.900 0.0000000000
75433  -23.132  -14.529  2.234 0.0000000000
75434  -23.807  -14.677  2.088 0.0000000000
73328  -25.113  -16.447  2.328 0.0000000000
74380  -25.506  -15.829  2.128 0.0000000000
75449  -26.382  -14.599  1.632 0.0000000000
91301  -20.909  1.564  0.440 0.0000000000
83378  -25.199  -6.506  -0.327 0.0000000000
83377  -24.429  -6.006  -0.235 0.0000000000
84435  -25.701  -5.571  -0.570 0.0000000000
84437  -27.141  -5.741  -0.113 0.0000000000
83380  -26.628  -6.485  -0.246 0.0000000000
80361  -20.848  -9.938  2.571 0.0000000000
80360  -20.187  -9.569  3.049 0.0000000000
81330  -20.922  -8.600  1.963 0.0000000000
77435  -25.155  -12.495  1.250 0.0000000000
76455  -25.765  -13.566  1.481 0.0000000000
94134  -25.315  5.248  -2.620 0.0000000000
94995  -25.542  5.474  -3.167 0.0000000000
95014  -25.871  5.770  -3.996 0.0000000000
95016  -27.633  5.540  -4.077 0.0000000000
93248  -29.140  3.400  -0.987 0.0000000000
93249  -30.266  3.354  -0.498 0.0000000000
87403  -20.439  -2.477  0.822 0.0000000000
87386  -19.841  -2.488  1.279 0.0000000000
87404  -21.069  -2.315  0.314 0.0000000000
88372  -20.404  -1.352  0.632 0.0000000000
88386  -22.080  -1.332  -0.540 0.0000000000
87418  -23.392  -2.071  -1.162 0.0000000000
89318  -30.281  -1.134  1.444 0.0000000000
90282  -29.889  -0.735  1.163 0.0000000000
80401  -29.208  -9.512  0.557 0.0000000000
80402  -30.275  -9.706  0.694 0.0000000000
72213  -23.017  -17.575  3.351 0.0000000000
73309  -23.198  -16.993  3.058 0.0000000000
73326  -23.402  -16.351  2.776 0.0000000000
78389  -20.415  -11.671  3.360 0.0000000000
78401  -21.077  -11.592  2.712 0.0000000000
77394  -21.610  -13.271  2.759 0.0000000000
76452  -22.920  -13.366  1.810 0.0000000000
76437  -22.556  -13.713  2.158 0.0000000000
93258  -23.459  3.581  -0.844 0.0000000000
93259  -24.438  3.707  -1.075 0.0000000000
92332  -23.990  2.674  -0.638 0.0000000000
91319  -24.446  1.820  -0.497 0.0000000000
92315  -25.451  2.412  -0.539 0.0000000000
91304  -25.008  1.906  -0.434 0.0000000000
84405  -20.462  -5.545  1.559 0.0000000000
84432  -23.528  -5.253  -0.284 0.0000000000
85391  -22.037  -4.494  0.131 0.0000000000
85404  -22.938  -4.370  -0.320 0.0000000000
86395  -21.619  -3.750  0.230 0.0000000000
86411  -24.283  -3.530  -1.111 0.0000000000
86396  -27.316  -3.942  -0.204 0.0000000000
86414  -26.711  -3.511  -0.557 0.0000000000
86397  -27.903  -3.811  0.188 0.0000000000
87407  -29.194  -2.777  0.936 0.0000000000
87408  -29.558  -3.233  1.185 0.0000000000
86382  -29.797  -3.692  1.322 0.0000000000
84407  -29.943  -5.368  1.129 0.0000000000
84408  -30.506  -5.401  1.569 0.0000000000
83352  -31.635  -6.269  2.036 0.0000000000
70083  -25.905  -19.278  3.669 0.0000000000
82282  -19.501  -7.456  3.247 0.0000000000
83329  -19.691  -6.628  2.662 0.0000000000
82302  -20.025  -7.594  2.589 0.0000000000
81332  -22.142  -8.352  1.158 0.0000000000
82322  -21.729  -7.623  1.220 0.0000000000
82338  -22.981  -7.425  0.567 0.0000000000
82339  -23.987  -7.475  0.217 0.0000000000
82341  -25.391  -7.581  0.063 0.0000000000
81351  -24.414  -8.327  0.322 0.0000000000
80397  -25.639  -9.007  0.321 0.0000000000
80399  -27.247  -9.146  0.485 0.0000000000
79387  -25.962  -9.870  0.426 0.0000000000
79367  -22.803  -10.584  1.255 0.0000000000
78415  -23.373  -11.532  1.203 0.0000000000
78436  -27.261  -11.006  0.733 0.0000000000
78419  -27.803  -12.091  0.987 0.0000000000
77438  -28.377  -13.227  1.100 0.0000000000
76458  -28.896  -14.339  1.000 0.0000000000
76459  -29.773  -14.455  0.732 0.0000000000
93276  -26.639  3.985  -2.008 0.0000000000
94137  -27.518  4.486  -2.521 0.0000000000
94118  -28.072  4.313  -1.965 0.0000000000
85355  -18.887  -4.219  2.651 0.0000000000
89328  -19.565  -0.166  1.203 0.0000000000
90295  -20.593  0.334  0.565 0.0000000000
90309  -21.206  0.629  0.170 0.0000000000
89355  -23.985  -0.299  -1.017 0.0000000000
90311  -22.752  0.262  -0.885 0.0000000000
90326  -25.186  0.159  -0.810 0.0000000000
90313  -25.115  0.941  -0.401 0.0000000000
90314  -25.859  0.363  -0.538 0.0000000000
87420  -26.195  -2.379  -0.959 0.0000000000
87432  -25.863  -1.740  -1.115 0.0000000000
88389  -26.769  -1.477  -0.656 0.0000000000
90297  -29.656  0.062  0.798 0.0000000000
90296  -28.738  0.180  0.172 0.0000000000
91308  -28.688  1.239  -0.112 0.0000000000
91291  -30.124  1.460  0.583 0.0000000000
82343  -27.150  -7.404  0.083 0.0000000000
82344  -28.213  -7.442  0.408 0.0000000000
73306  -21.060  -16.070  3.788 0.0000000000
74359  -20.772  -15.541  3.902 0.0000000000
75417  -21.038  -14.772  3.431 0.0000000000
74375  -21.480  -15.148  3.136 0.0000000000
74393  -24.315  -15.016  2.112 0.0000000000
72238  -25.552  -17.183  2.608 0.0000000000
74395  -25.923  -15.241  1.928 0.0000000000
77392  -20.180  -12.678  3.769 0.0000000000
76418  -21.301  -13.833  3.084 0.0000000000
92313  -22.050  2.546  -0.295 0.0000000000
91303  -22.417  1.586  -0.573 0.0000000000
83361  -22.404  -6.459  0.442 0.0000000000
84418  -21.544  -5.540  0.671 0.0000000000
84433  -24.231  -5.217  -0.481 0.0000000000
85407  -25.421  -4.575  -0.854 0.0000000000
85409  -26.858  -4.709  -0.304 0.0000000000
85393  -28.190  -4.676  0.412 0.0000000000
85394  -29.017  -4.677  0.743 0.0000000000
84421  -28.464  -5.588  0.490 0.0000000000
80359  -19.556  -9.169  3.520 0.0000000000
81313  -20.328  -8.542  2.479 0.0000000000
82303  -20.585  -7.721  2.007 0.0000000000
81331  -21.591  -8.571  1.519 0.0000000000
81349  -22.730  -8.391  0.856 0.0000000000
80394  -23.074  -9.053  0.711 0.0000000000
80395  -23.887  -9.300  0.596 0.0000000000
79385  -24.530  -10.045  0.650 0.0000000000
94981  -23.147  5.434  -1.115 0.0000000000
93263  -28.353  3.840  -1.522 0.0000000000
88351  -18.803  -1.349  2.075 0.0000000000
88352  -19.567  -1.357  1.308 0.0000000000
88371  -19.962  -0.777  0.986 0.0000000000
89330  -20.882  -0.385  0.289 0.0000000000
89342  -21.605  -0.367  -0.319 0.0000000000
88399  -24.367  -1.104  -1.272 0.0000000000
88374  -28.038  -2.089  0.186 0.0000000000
88390  -27.603  -1.649  -0.309 0.0000000000
89332  -29.424  -1.071  0.795 0.0000000000
81356  -28.711  -8.443  0.450 0.0000000000
81357  -29.667  -8.615  0.570 0.0000000000
73307  -21.504  -16.608  3.678 0.0000000000
74361  -21.779  -16.103  3.230 0.0000000000
74376  -22.016  -15.518  2.900 0.0000000000
73325  -22.665  -15.947  2.857 0.0000000000
73327  -24.284  -16.286  2.486 0.0000000000
79356  -21.280  -10.660  2.378 0.0000000000
78402  -21.693  -11.593  2.183 0.0000000000
77432  -22.440  -12.376  1.820 0.0000000000
77433  -22.892  -12.621  1.636 0.0000000000
76453  -23.602  -13.492  1.601 0.0000000000
94980  -22.550  4.959  -0.839 0.0000000000
94115  -24.933  4.690  -2.009 0.0000000000
94116  -25.798  4.176  -2.069 0.0000000000
93261  -26.130  3.509  -1.453 0.0000000000
92334  -25.376  2.979  -0.964 0.0000000000
93245  -26.184  3.034  -0.862 0.0000000000
92316  -26.185  2.408  -0.509 0.0000000000
92317  -27.182  2.229  -0.673 0.0000000000
85376  -20.048  -4.314  1.571 0.0000000000
84417  -20.990  -4.971  0.961 0.0000000000
85389  -20.656  -4.354  1.045 0.0000000000
86408  -21.548  -3.026  0.138 0.0000000000
87417  -22.615  -2.273  -0.690 0.0000000000
86410  -23.320  -3.245  -0.842 0.0000000000
86425  -25.236  -2.838  -1.203 0.0000000000
87419  -25.580  -2.902  -1.109 0.0000000000
86413  -25.867  -3.598  -0.872 0.0000000000
87391  -29.656  -2.292  1.159 0.0000000000
88359  -30.646  -1.806  1.640 0.0000000000
87393  -30.875  -2.629  1.944 0.0000000000
86367  -31.040  -3.485  2.277 0.0000000000
85378  -30.091  -4.535  1.381 0.0000000000
83348  -21.022  -6.900  1.542 0.0000000000
83349  -21.681  -6.648  0.977 0.0000000000
83363  -24.506  -6.842  -0.123 0.0000000000
83364  -24.959  -7.056  -0.199 0.0000000000
82359  -26.788  -6.973  -0.118 0.0000000000
82357  -25.720  -7.228  -0.108 0.0000000000
81367  -25.993  -7.586  0.079 0.0000000000
81353  -26.104  -8.099  0.204 0.0000000000
81354  -26.838  -8.283  0.264 0.0000000000
79389  -27.725  -10.154  0.608 0.0000000000
79368  -23.700  -10.423  0.865 0.0000000000
78433  -24.937  -10.425  0.644 0.0000000000
78434  -25.446  -10.622  0.643 0.0000000000
79390  -28.719  -10.391  0.643 0.0000000000
78438  -29.261  -11.549  0.749 0.0000000000
94998  -28.062  5.212  -3.156 0.0000000000
90323  -22.734  0.896  -0.815 0.0000000000
90324  -23.422  0.590  -0.857 0.0000000000
90312  -24.744  1.312  -0.433 0.0000000000
91306  -26.517  1.355  -0.376 0.0000000000
87429  -24.026  -1.769  -1.303 0.0000000000
88400  -25.049  -1.191  -1.253 0.0000000000
89358  -25.822  -0.556  -0.881 0.0000000000
89346  -27.268  -0.625  -0.370 0.0000000000
89345  -26.436  -0.545  -0.626 0.0000000000
90315  -26.879  0.338  -0.321 0.0000000000
92319  -29.572  2.324  -0.052 0.0000000000
83381  -27.084  -6.627  -0.085 0.0000000000
83366  -28.759  -6.550  0.560 0.0000000000
83367  -29.472  -6.602  0.788 0.0000000000
82325  -30.445  -7.423  1.072 0.0000000000
76397  -20.160  -14.267  4.145 0.0000000000
75432  -22.330  -14.591  2.548 0.0000000000
75446  -23.557  -14.191  1.868 0.0000000000
75447  -24.302  -14.343  1.769 0.0000000000
72237  -24.667  -17.042  2.575 0.0000000000
73329  -25.998  -16.526  2.345 0.0000000000
74379  -24.664  -15.682  2.209 0.0000000000
74394  -24.997  -15.098  1.919 0.0000000000
75448  -25.331  -14.390  1.678 0.0000000000
77414  -22.595  -13.106  1.952 0.0000000000
81333  -30.440  -8.568  0.789 0.0000000000
81366  -25.724  -7.738  0.133 0.0000000000
82323  -22.360  -7.797  0.932 0.0000000000
82324  -29.818  -6.957  0.934 0.0000000000
82340  -24.848  -7.536  0.042 0.0000000000
82342  -26.589  -7.763  0.126 0.0000000000
83351  -30.928  -6.352  1.632 0.0000000000
83376  -23.959  -5.701  -0.202 0.0000000000
84422  -29.349  -5.713  0.776 0.0000000000
84436  -26.422  -5.630  -0.420 0.0000000000
85392  -27.505  -4.730  0.044 0.0000000000
85395  -29.559  -4.318  1.082 0.0000000000
85406  -24.634  -4.487  -0.904 0.0000000000
86368  -32.024  -3.465  2.607 0.0000000000
86399  -29.276  -3.745  1.008 0.0000000000
86424  -24.798  -2.761  -1.232 0.0000000000
87406  -28.291  -2.846  0.459 0.0000000000
87430  -24.630  -1.916  -1.244 0.0000000000
87431  -25.386  -2.112  -1.169 0.0000000000
88358  -29.985  -1.849  1.272 0.0000000000
88376  -29.449  -1.842  1.005 0.0000000000
88387  -22.845  -1.283  -1.028 0.0000000000
88391  -28.306  -1.402  0.054 0.0000000000
88401  -25.626  -1.219  -1.131 0.0000000000
89317  -29.789  -1.317  1.156 0.0000000000
89331  -28.858  -0.784  0.323 0.0000000000
89344  -23.169  -0.377  -1.069 0.0000000000
89356  -24.756  -0.358  -1.099 0.0000000000
89357  -25.354  -0.531  -1.068 0.0000000000
90294  -20.073  0.641  1.085 0.0000000000
90308  -20.642  0.959  0.637 0.0000000000
91292  -31.293  1.485  0.747 0.0000000000
91317  -23.063  1.422  -0.827 0.0000000000
92333  -24.800  2.762  -0.803 0.0000000000
92335  -25.802  2.921  -0.807 0.0000000000
93246  -26.788  3.083  -0.955 0.0000000000
93264  -28.960  4.069  -1.380 0.0000000000
93277  -26.995  4.127  -2.250 0.0000000000
94117  -26.273  4.046  -2.017 0.0000000000
