#!ascii label  , from subject sub-01 vox2ras=TkReg
348
15536  -38.808  -69.889  6.780 0.0000000000
20176  -41.750  -65.537  2.455 0.0000000000
22341  -36.931  -63.495  6.631 0.0000000000
16707  -39.337  -68.803  3.581 0.0000000000
23433  -41.247  -62.553  4.734 0.0000000000
20085  -41.666  -66.227  8.951 0.0000000000
24457  -38.289  -61.378  10.550 0.0000000000
23313  -39.520  -62.236  13.235 0.0000000000
25622  -37.775  -60.870  6.972 0.0000000000
22354  -39.118  -63.075  5.190 0.0000000000
25644  -40.262  -60.362  5.590 0.0000000000
22281  -39.574  -63.773  9.911 0.0000000000
23369  -41.320  -62.966  10.823 0.0000000000
26614  -39.514  -59.362  13.711 0.0000000000
26630  -39.479  -59.639  12.734 0.0000000000
12541  -38.343  -73.147  4.816 0.0000000000
17915  -40.661  -67.795  3.428 0.0000000000
14600  -38.644  -70.638  1.130 0.0000000000
16734  -39.650  -68.378  0.701 0.0000000000
17866  -37.784  -67.790  6.715 0.0000000000
15557  -38.001  -70.193  4.804 0.0000000000
20145  -40.156  -65.436  4.441 0.0000000000
20148  -42.575  -64.919  4.126 0.0000000000
20081  -38.093  -65.415  8.423 0.0000000000
23372  -36.752  -62.710  8.833 0.0000000000
27832  -37.516  -59.024  9.160 0.0000000000
22236  -41.244  -63.664  13.002 0.0000000000
24441  -40.231  -61.415  11.585 0.0000000000
27796  -37.949  -58.906  10.889 0.0000000000
28923  -39.844  -57.081  9.135 0.0000000000
12575  -38.163  -72.394  2.660 0.0000000000
25699  -43.822  -60.680  1.967 0.0000000000
22395  -41.273  -63.690  0.918 0.0000000000
20218  -39.353  -65.094  0.591 0.0000000000
26710  -39.047  -59.242  6.972 0.0000000000
25624  -39.053  -60.506  6.268 0.0000000000
13493  -39.017  -71.875  6.336 0.0000000000
17937  -41.347  -67.230  2.889 0.0000000000
16724  -40.354  -68.209  1.940 0.0000000000
17958  -40.506  -67.210  1.471 0.0000000000
17976  -40.051  -67.026  0.182 0.0000000000
20200  -40.773  -65.917  0.901 0.0000000000
20102  -37.016  -65.487  6.780 0.0000000000
21248  -37.075  -64.893  5.817 0.0000000000
22355  -39.846  -62.977  5.014 0.0000000000
21267  -39.313  -64.548  4.648 0.0000000000
21268  -40.431  -64.480  4.623 0.0000000000
20146  -41.132  -65.326  4.508 0.0000000000
22361  -41.951  -63.348  4.665 0.0000000000
18966  -39.107  -66.844  8.181 0.0000000000
20083  -39.837  -66.062  8.745 0.0000000000
23375  -39.167  -63.014  10.132 0.0000000000
22279  -37.786  -63.784  9.307 0.0000000000
23373  -37.379  -62.844  9.512 0.0000000000
25585  -36.678  -61.308  8.843 0.0000000000
25573  -36.972  -60.849  9.657 0.0000000000
23314  -40.199  -62.559  12.912 0.0000000000
23326  -40.670  -62.282  12.283 0.0000000000
24432  -40.143  -61.426  12.293 0.0000000000
28888  -39.356  -57.493  11.606 0.0000000000
27782  -38.664  -59.100  11.582 0.0000000000
28903  -38.487  -57.811  10.574 0.0000000000
16686  -38.477  -68.885  3.971 0.0000000000
14540  -38.270  -70.941  4.383 0.0000000000
14556  -38.727  -70.703  3.369 0.0000000000
12599  -37.675  -72.049  0.633 0.0000000000
26810  -43.382  -59.789  1.423 0.0000000000
24560  -42.436  -62.025  1.615 0.0000000000
23466  -40.241  -62.520  0.858 0.0000000000
23416  -37.141  -62.023  6.960 0.0000000000
22352  -37.713  -63.236  5.777 0.0000000000
23424  -38.196  -61.867  6.114 0.0000000000
24524  -39.679  -61.423  5.511 0.0000000000
24525  -40.982  -61.543  4.958 0.0000000000
20071  -40.491  -65.387  9.226 0.0000000000
22282  -40.556  -63.742  10.129 0.0000000000
23367  -39.738  -62.366  10.507 0.0000000000
24419  -39.043  -61.320  13.617 0.0000000000
24431  -39.697  -61.331  12.897 0.0000000000
28872  -39.678  -57.978  12.916 0.0000000000
28873  -40.156  -57.139  12.530 0.0000000000
16708  -40.078  -68.755  3.257 0.0000000000
15576  -39.616  -69.549  3.012 0.0000000000
15591  -39.695  -69.551  2.262 0.0000000000
15606  -38.802  -69.887  0.645 0.0000000000
14631  -38.152  -70.267  -0.830 0.0000000000
16781  -38.869  -68.592  -1.384 0.0000000000
18011  -38.295  -68.169  -1.871 0.0000000000
19086  -38.558  -66.771  -0.371 0.0000000000
16659  -38.052  -68.620  6.625 0.0000000000
15545  -38.395  -70.255  6.177 0.0000000000
17888  -37.908  -67.874  4.485 0.0000000000
19008  -38.131  -66.947  4.292 0.0000000000
21250  -38.477  -64.132  4.961 0.0000000000
20144  -39.116  -65.586  4.361 0.0000000000
17890  -39.883  -67.370  3.922 0.0000000000
17891  -40.762  -66.967  4.109 0.0000000000
17916  -41.439  -66.810  3.750 0.0000000000
20160  -42.126  -65.655  3.305 0.0000000000
17860  -38.604  -67.743  7.514 0.0000000000
18979  -38.371  -66.674  7.783 0.0000000000
20089  -37.241  -65.410  7.509 0.0000000000
20069  -38.908  -65.073  9.103 0.0000000000
22302  -37.299  -64.070  8.714 0.0000000000
23392  -36.630  -62.964  7.977 0.0000000000
24498  -36.938  -61.650  7.486 0.0000000000
26708  -37.807  -60.039  7.591 0.0000000000
27842  -38.457  -58.790  7.787 0.0000000000
23327  -41.379  -62.826  11.979 0.0000000000
23348  -40.943  -62.415  11.337 0.0000000000
24458  -39.464  -61.334  10.932 0.0000000000
26644  -39.193  -59.851  11.879 0.0000000000
25530  -39.080  -60.312  11.364 0.0000000000
26657  -37.885  -59.878  10.824 0.0000000000
27812  -37.496  -59.204  10.004 0.0000000000
28922  -38.648  -57.567  9.189 0.0000000000
14524  -38.358  -71.092  5.494 0.0000000000
12561  -38.156  -72.700  3.761 0.0000000000
13582  -38.666  -71.149  1.792 0.0000000000
12586  -37.786  -72.467  1.624 0.0000000000
22362  -42.942  -63.445  4.598 0.0000000000
21272  -43.329  -63.882  4.001 0.0000000000
21297  -42.373  -64.355  2.766 0.0000000000
22384  -42.424  -63.456  2.350 0.0000000000
21316  -41.695  -64.513  1.838 0.0000000000
20220  -40.976  -65.046  0.705 0.0000000000
20230  -39.740  -65.281  0.097 0.0000000000
27844  -39.798  -58.534  6.991 0.0000000000
27850  -39.545  -59.078  6.751 0.0000000000
14502  -38.921  -70.872  6.537 0.0000000000
19065  -41.226  -66.514  2.123 0.0000000000
17959  -40.993  -67.208  2.283 0.0000000000
19064  -40.827  -66.297  1.282 0.0000000000
21223  -36.894  -64.469  6.457 0.0000000000
20122  -36.955  -65.367  6.086 0.0000000000
22360  -40.711  -63.401  4.705 0.0000000000
21269  -41.472  -64.369  4.592 0.0000000000
18969  -41.815  -66.838  8.810 0.0000000000
20084  -40.995  -66.326  8.838 0.0000000000
18967  -40.305  -67.017  8.379 0.0000000000
23366  -38.797  -62.173  10.339 0.0000000000
23374  -38.235  -62.970  9.925 0.0000000000
23365  -37.788  -62.150  10.141 0.0000000000
24456  -37.455  -61.402  10.192 0.0000000000
22233  -39.146  -62.928  13.656 0.0000000000
22234  -39.850  -63.206  13.396 0.0000000000
23325  -40.043  -61.969  12.684 0.0000000000
28889  -40.112  -56.786  11.696 0.0000000000
30009  -39.929  -56.709  10.915 0.0000000000
15575  -38.935  -69.691  3.461 0.0000000000
24568  -41.966  -61.439  1.033 0.0000000000
23467  -40.910  -62.568  0.559 0.0000000000
24499  -37.431  -61.486  6.963 0.0000000000
23423  -37.587  -62.397  6.333 0.0000000000
24515  -37.995  -61.409  6.495 0.0000000000
25643  -39.552  -60.677  5.866 0.0000000000
24517  -39.247  -60.981  5.907 0.0000000000
25645  -41.278  -60.551  5.017 0.0000000000
23376  -39.954  -63.098  10.220 0.0000000000
23368  -40.619  -62.779  10.562 0.0000000000
25501  -39.487  -60.439  13.269 0.0000000000
11564  -37.873  -73.804  4.777 0.0000000000
15577  -40.080  -69.147  2.699 0.0000000000
16709  -40.454  -68.515  2.688 0.0000000000
16735  -40.018  -67.983  1.323 0.0000000000
15600  -39.912  -68.583  1.511 0.0000000000
15607  -39.235  -69.112  0.191 0.0000000000
15621  -38.619  -69.630  -0.475 0.0000000000
16762  -38.792  -69.000  -1.178 0.0000000000
17997  -39.742  -66.666  -0.229 0.0000000000
17996  -39.252  -67.429  -0.812 0.0000000000
17995  -38.059  -67.413  -1.205 0.0000000000
19087  -39.492  -66.141  -0.148 0.0000000000
22353  -38.313  -63.370  5.372 0.0000000000
21249  -37.567  -64.312  5.457 0.0000000000
19009  -38.974  -66.654  4.115 0.0000000000
19010  -39.987  -66.373  4.137 0.0000000000
20147  -41.992  -65.176  4.512 0.0000000000
19012  -41.643  -66.055  4.274 0.0000000000
19013  -42.206  -65.632  4.164 0.0000000000
19022  -42.071  -66.133  3.804 0.0000000000
19023  -42.374  -65.535  3.815 0.0000000000
20091  -38.515  -66.190  8.081 0.0000000000
20090  -37.886  -65.785  7.949 0.0000000000
21155  -40.031  -64.542  9.616 0.0000000000
20070  -39.482  -65.210  9.165 0.0000000000
21154  -39.075  -64.498  9.393 0.0000000000
22278  -37.117  -63.451  8.975 0.0000000000
22301  -36.838  -63.728  8.261 0.0000000000
24476  -36.611  -62.045  8.209 0.0000000000
25586  -36.982  -60.522  8.636 0.0000000000
26697  -37.616  -59.615  8.236 0.0000000000
26698  -38.092  -59.083  7.922 0.0000000000
22248  -41.569  -63.446  12.527 0.0000000000
24459  -40.275  -61.982  10.923 0.0000000000
24440  -39.820  -61.153  11.349 0.0000000000
25518  -39.786  -60.658  12.312 0.0000000000
26643  -38.543  -59.759  11.292 0.0000000000
25552  -38.609  -60.564  10.961 0.0000000000
27795  -37.661  -59.460  10.492 0.0000000000
30052  -39.858  -56.800  9.806 0.0000000000
28942  -38.678  -57.978  8.408 0.0000000000
15544  -38.021  -69.907  5.545 0.0000000000
14539  -38.089  -70.714  4.965 0.0000000000
13556  -38.449  -71.745  3.553 0.0000000000
11606  -37.773  -73.081  3.101 0.0000000000
14575  -39.331  -70.103  2.428 0.0000000000
14574  -38.984  -70.730  2.509 0.0000000000
12598  -37.101  -72.317  0.363 0.0000000000
11634  -37.359  -72.609  1.093 0.0000000000
23436  -43.709  -62.524  4.540 0.0000000000
22368  -43.189  -63.786  3.629 0.0000000000
21284  -42.937  -64.217  3.684 0.0000000000
22376  -43.015  -63.500  3.138 0.0000000000
23460  -42.287  -62.825  1.826 0.0000000000
22383  -41.879  -63.486  1.697 0.0000000000
21317  -42.082  -63.957  2.162 0.0000000000
21340  -41.197  -64.663  0.958 0.0000000000
21338  -39.957  -64.441  0.358 0.0000000000
21357  -39.973  -64.983  -0.061 0.0000000000
19075  -39.409  -65.606  0.205 0.0000000000
26720  -38.737  -60.086  6.692 0.0000000000
25623  -38.367  -60.582  6.699 0.0000000000
26721  -39.166  -59.734  6.593 0.0000000000
26722  -39.882  -59.599  6.239 0.0000000000
26736  -40.416  -59.454  5.889 0.0000000000
27725  -39.928  -58.664  14.302 0.0000000000
13520  -38.658  -72.400  5.548 0.0000000000
17936  -40.771  -67.743  2.491 0.0000000000
17957  -39.923  -67.626  0.759 0.0000000000
17975  -39.686  -67.743  0.061 0.0000000000
19088  -40.129  -66.168  0.007 0.0000000000
18984  -37.288  -66.577  6.342 0.0000000000
18983  -37.035  -65.859  6.264 0.0000000000
18990  -37.071  -65.999  5.824 0.0000000000
20123  -37.300  -65.483  5.451 0.0000000000
22358  -38.964  -63.745  4.956 0.0000000000
22359  -39.722  -63.700  4.834 0.0000000000
21270  -42.378  -64.275  4.518 0.0000000000
20082  -38.682  -65.572  8.573 0.0000000000
22280  -38.689  -63.728  9.666 0.0000000000
24467  -36.604  -61.897  8.997 0.0000000000
24468  -36.965  -61.925  9.615 0.0000000000
26679  -37.250  -59.826  9.326 0.0000000000
21101  -40.385  -63.769  13.488 0.0000000000
22235  -40.762  -63.203  12.922 0.0000000000
22247  -41.108  -62.913  12.421 0.0000000000
25519  -40.143  -61.059  12.009 0.0000000000
27783  -39.163  -58.726  12.213 0.0000000000
28887  -38.661  -58.357  11.422 0.0000000000
28904  -39.356  -57.043  10.217 0.0000000000
15558  -38.315  -69.928  4.082 0.0000000000
13598  -38.189  -71.454  0.894 0.0000000000
25698  -42.918  -60.507  1.393 0.0000000000
24569  -42.555  -61.243  1.379 0.0000000000
24561  -43.200  -61.513  1.915 0.0000000000
23468  -41.705  -62.514  1.136 0.0000000000
22394  -40.494  -63.516  0.587 0.0000000000
22393  -39.966  -63.420  0.946 0.0000000000
23422  -37.142  -62.971  6.572 0.0000000000
21224  -37.089  -63.901  6.140 0.0000000000
23427  -37.987  -62.811  5.735 0.0000000000
23428  -38.528  -62.364  5.680 0.0000000000
24516  -38.755  -61.363  6.026 0.0000000000
24523  -39.078  -61.861  5.623 0.0000000000
23429  -39.413  -62.340  5.332 0.0000000000
23430  -40.297  -62.365  4.998 0.0000000000
24529  -41.564  -62.121  4.762 0.0000000000
21156  -41.023  -64.658  9.702 0.0000000000
27768  -39.579  -58.821  13.025 0.0000000000
29991  -40.794  -56.559  12.054 0.0000000000
14592  -39.341  -69.942  1.879 0.0000000000
15598  -39.024  -70.059  1.412 0.0000000000
14611  -37.948  -70.767  -0.654 0.0000000000
16763  -39.123  -68.410  -1.032 0.0000000000
18012  -38.875  -68.254  -1.434 0.0000000000
15535  -38.205  -69.397  6.375 0.0000000000
16670  -37.760  -68.784  5.951 0.0000000000
17872  -37.510  -67.799  5.541 0.0000000000
16685  -37.763  -69.081  4.817 0.0000000000
17889  -38.938  -67.896  3.860 0.0000000000
21266  -38.434  -64.830  4.699 0.0000000000
17913  -39.370  -68.349  3.714 0.0000000000
17914  -39.769  -68.230  3.698 0.0000000000
19011  -40.871  -66.181  4.358 0.0000000000
17892  -41.256  -66.574  4.202 0.0000000000
19040  -41.755  -66.383  3.085 0.0000000000
16660  -38.582  -68.863  7.034 0.0000000000
17867  -38.193  -68.260  7.004 0.0000000000
17859  -37.983  -67.496  7.213 0.0000000000
17840  -39.122  -67.486  7.917 0.0000000000
18978  -37.812  -66.888  7.279 0.0000000000
20103  -37.391  -66.033  7.179 0.0000000000
21196  -36.922  -64.632  7.540 0.0000000000
21153  -38.360  -64.352  9.231 0.0000000000
21173  -38.550  -64.870  9.003 0.0000000000
21172  -37.855  -64.838  8.642 0.0000000000
21171  -37.171  -64.484  8.269 0.0000000000
22325  -36.729  -63.662  7.347 0.0000000000
23415  -36.846  -62.635  7.163 0.0000000000
25601  -36.794  -61.202  8.146 0.0000000000
25602  -37.348  -60.679  7.632 0.0000000000
25603  -37.920  -60.333  7.223 0.0000000000
26709  -38.411  -59.593  7.287 0.0000000000
27843  -39.101  -58.643  7.346 0.0000000000
25532  -40.001  -60.950  11.855 0.0000000000
25531  -39.637  -60.785  11.557 0.0000000000
25553  -39.236  -60.725  11.192 0.0000000000
25551  -37.687  -60.672  10.498 0.0000000000
26656  -37.424  -59.957  10.172 0.0000000000
27813  -37.851  -58.366  9.749 0.0000000000
27833  -38.121  -58.522  8.529 0.0000000000
28943  -39.412  -57.796  8.034 0.0000000000
13541  -38.391  -72.037  4.586 0.0000000000
11587  -37.726  -73.541  3.923 0.0000000000
14557  -39.176  -70.198  2.973 0.0000000000
13566  -38.639  -71.490  2.602 0.0000000000
12600  -38.035  -71.983  1.215 0.0000000000
12587  -38.295  -71.876  1.777 0.0000000000
27859  -40.763  -58.958  5.808 0.0000000000
24526  -41.642  -61.206  4.854 0.0000000000
24530  -42.037  -61.828  4.740 0.0000000000
23434  -41.927  -62.518  4.718 0.0000000000
23435  -42.665  -62.619  4.704 0.0000000000
22363  -43.417  -63.379  4.216 0.0000000000
21271  -43.005  -64.087  4.259 0.0000000000
20161  -42.457  -65.002  3.473 0.0000000000
21296  -42.013  -64.900  2.501 0.0000000000
23461  -43.005  -62.609  2.454 0.0000000000
23452  -43.308  -62.958  3.012 0.0000000000
20201  -41.160  -65.508  1.291 0.0000000000
20219  -40.577  -65.476  0.429 0.0000000000
21358  -40.270  -64.946  0.098 0.0000000000
14523  -38.074  -70.486  5.199 0.0000000000
14591  -39.035  -70.477  1.865 0.0000000000
16780  -38.586  -68.785  -1.674 0.0000000000
18022  -37.912  -68.661  -2.312 0.0000000000
19076  -40.489  -66.339  0.665 0.0000000000
20177  -42.177  -65.121  2.919 0.0000000000
20231  -40.043  -65.468  -0.071 0.0000000000
21197  -37.319  -65.065  8.030 0.0000000000
21285  -43.258  -63.892  3.827 0.0000000000
22342  -37.312  -63.378  6.149 0.0000000000
22369  -43.455  -63.412  3.702 0.0000000000
25572  -36.750  -61.484  9.299 0.0000000000
25625  -39.583  -60.173  6.116 0.0000000000
27834  -38.721  -58.296  7.990 0.0000000000
30053  -40.383  -56.730  9.726 0.0000000000
