#!ascii label  , from subject sub-01 vox2ras=TkReg
1507
17991  -33.604  -67.865  -0.701 0.1000000015
17989  -31.665  -67.510  -0.539 0.1000000015
17970  -30.004  -67.262  0.509 0.1000000015
17988  -30.646  -67.476  -0.481 0.1000000015
17987  -29.587  -67.438  -0.427 0.1000000015
18004  -30.274  -67.857  -1.390 0.1000000015
18003  -29.183  -67.781  -1.346 0.1000000015
16774  -29.922  -68.453  -2.239 0.1000000015
16790  -30.682  -68.946  -3.109 0.1000000015
16773  -28.785  -68.414  -2.137 0.1000000015
16789  -29.543  -69.278  -3.142 0.1000000015
16807  -30.379  -69.492  -3.848 0.1000000015
15649  -29.440  -69.899  -3.806 0.1000000015
15648  -28.702  -69.756  -3.470 0.1000000015
15662  -29.822  -69.956  -4.439 0.1000000015
16829  -30.047  -69.480  -5.175 0.1000000015
15661  -28.998  -70.297  -4.118 0.1000000015
14661  -28.942  -70.496  -5.031 0.1000000015
14651  -28.440  -70.593  -4.577 0.1000000015
16779  -34.474  -69.110  -1.832 0.1000000015
17990  -32.644  -67.595  -0.607 0.1000000015
18008  -33.667  -68.200  -1.378 0.1000000015
18006  -32.279  -67.866  -1.474 0.1000000015
16794  -34.286  -68.947  -2.542 0.1000000015
16777  -32.918  -68.256  -2.224 0.1000000015
16793  -33.608  -68.596  -2.795 0.1000000015
16775  -30.990  -68.346  -2.288 0.1000000015
16791  -31.697  -68.615  -3.104 0.1000000015
22417  -32.682  -63.408  -2.190 0.1000000015
20251  -31.247  -65.206  -3.104 0.1000000015
20260  -31.556  -66.315  -3.529 0.1000000015
18031  -30.844  -67.572  -4.417 0.1000000015
18032  -31.103  -67.644  -4.415 0.1000000015
16822  -30.649  -68.832  -4.906 0.1000000015
15675  -30.429  -69.561  -4.839 0.1000000015
15684  -29.961  -69.858  -5.080 0.1000000015
14653  -29.488  -70.270  -4.814 0.1000000015
13626  -36.099  -71.021  -2.200 0.1000000015
15667  -36.332  -70.013  -3.154 0.2000000030
14655  -36.215  -70.426  -3.019 0.2000000030
14628  -35.382  -70.238  -2.222 0.1000000015
16813  -36.265  -69.109  -3.173 0.1000000015
15665  -35.194  -69.556  -3.107 0.1000000015
14641  -35.383  -70.154  -2.663 0.1000000015
16812  -35.464  -69.046  -3.315 0.1000000015
26792  -36.795  -59.074  3.278 0.1000000015
25673  -35.289  -60.360  3.645 0.1000000015
16811  -34.505  -68.923  -3.221 0.1000000015
16792  -32.681  -68.471  -2.980 0.1000000015
24537  -34.898  -61.019  3.261 0.1000000015
24547  -35.005  -61.517  3.045 0.1000000015
23464  -34.602  -62.538  0.938 0.1000000015
22391  -34.671  -62.939  0.169 0.1000000015
16810  -33.428  -68.468  -3.404 0.1000000015
16809  -32.375  -68.410  -3.684 0.1000000015
16808  -31.323  -69.040  -3.973 0.1000000015
23456  -34.626  -62.117  2.019 0.1000000015
24565  -34.068  -61.781  0.538 0.1000000015
23470  -34.393  -62.456  -0.108 0.1000000015
23476  -34.092  -63.278  -1.862 0.1000000015
22419  -34.067  -63.973  -2.082 0.1000000015
21378  -34.500  -64.745  -2.224 0.1000000015
20253  -33.221  -65.529  -3.054 0.1000000015
24575  -33.814  -62.147  -0.733 0.1000000015
23474  -33.338  -62.928  -1.891 0.1000000015
22418  -33.553  -63.586  -2.205 0.1000000015
21377  -33.791  -64.608  -2.605 0.1000000015
19116  -31.808  -67.370  -4.206 0.1000000015
18044  -31.355  -68.143  -4.523 0.1000000015
21376  -32.924  -64.431  -2.660 0.1000000015
20252  -32.246  -65.389  -3.037 0.1000000015
18045  -32.001  -68.207  -4.316 0.1000000015
15676  -30.844  -69.249  -4.584 0.1000000015
16796  -37.573  -69.059  -2.570 0.1000000015
15652  -36.965  -69.583  -2.890 0.2000000030
13646  -36.842  -71.073  -2.237 0.1000000015
14630  -37.735  -70.527  -1.410 0.2000000030
14611  -37.948  -70.767  -0.654 0.2000000030
18021  -37.443  -68.376  -2.402 0.1000000015
18037  -35.860  -68.513  -3.216 0.1000000015
27888  -36.373  -58.419  3.331 0.1000000015
26773  -35.995  -59.417  3.771 0.1000000015
18036  -35.265  -67.997  -3.265 0.1000000015
19120  -35.037  -67.282  -3.141 0.1000000015
24538  -35.573  -61.361  3.410 0.1000000015
23448  -35.170  -62.187  2.706 0.1000000015
23457  -34.956  -62.867  1.839 0.1000000015
18035  -34.123  -68.115  -3.548 0.1000000015
23465  -34.918  -63.151  1.205 0.1000000015
22392  -34.940  -63.613  0.538 0.1000000015
22412  -34.399  -63.819  -1.520 0.1000000015
21379  -34.882  -65.048  -1.972 0.1000000015
20254  -34.211  -65.750  -2.978 0.1000000015
19118  -33.730  -67.450  -3.658 0.1000000015
18034  -33.169  -68.099  -3.796 0.1000000015
19117  -32.717  -67.558  -4.025 0.1000000015
16823  -31.213  -68.875  -4.493 0.1000000015
17996  -39.252  -67.429  -0.812 0.1000000015
17995  -38.059  -67.413  -1.205 0.1000000015
18011  -38.295  -68.169  -1.871 0.1000000015
18012  -38.875  -68.254  -1.434 0.1000000015
16781  -38.869  -68.592  -1.384 0.2000000030
16762  -38.792  -69.000  -1.178 0.2000000030
16797  -38.150  -69.111  -2.163 0.2000000030
14631  -38.152  -70.267  -0.830 0.2000000030
18010  -37.402  -67.729  -1.980 0.1000000015
18009  -36.804  -67.434  -1.913 0.1000000015
26793  -37.453  -59.522  2.820 0.1000000015
25675  -37.143  -60.609  3.427 0.1000000015
25687  -37.980  -60.614  2.869 0.1000000015
18020  -36.365  -67.860  -2.695 0.1000000015
19108  -35.982  -67.097  -2.338 0.1000000015
29025  -36.695  -57.651  2.847 0.1000000015
29026  -37.184  -57.374  2.339 0.1000000015
26774  -36.737  -59.821  3.460 0.1000000015
22365  -35.720  -62.735  2.945 0.1000000015
22372  -35.642  -63.378  2.406 0.1000000015
21312  -35.538  -64.556  1.186 0.1000000015
20215  -35.620  -65.417  -0.057 0.1000000015
20241  -35.366  -65.808  -1.743 0.1000000015
19095  -35.709  -66.439  -1.953 0.1000000015
30173  -36.971  -57.128  2.808 0.1000000015
21356  -35.257  -64.900  -0.678 0.1000000015
20255  -35.017  -65.822  -2.289 0.1000000015
30160  -37.261  -56.791  3.205 0.1000000015
30139  -37.852  -56.619  3.837 0.1000000015
30138  -36.972  -56.597  4.057 0.1000000015
20230  -39.740  -65.281  0.097 0.1000000015
19087  -39.492  -66.141  -0.148 0.1000000015
19075  -39.409  -65.606  0.205 0.1000000015
17997  -39.742  -66.666  -0.229 0.1000000015
16763  -39.123  -68.410  -1.032 0.1000000015
15622  -39.098  -68.913  -0.612 0.2000000030
19074  -38.824  -65.907  0.426 0.1000000015
19086  -38.558  -66.771  -0.371 0.1000000015
15621  -38.619  -69.630  -0.475 0.2000000030
20217  -38.835  -65.360  0.942 0.1000000015
30175  -38.445  -56.756  1.966 0.1000000015
30186  -37.990  -57.033  1.493 0.1000000015
29038  -37.541  -57.525  1.638 0.1000000015
27917  -37.325  -57.999  1.876 0.1000000015
27904  -37.604  -58.833  2.235 0.1000000015
26807  -37.913  -59.176  2.106 0.1000000015
20199  -39.012  -64.876  1.241 0.1000000015
20198  -38.314  -65.245  1.554 0.1000000015
19085  -37.525  -67.007  -0.576 0.1000000015
17994  -37.174  -67.322  -1.367 0.1000000015
29037  -37.148  -57.746  2.206 0.1000000015
24540  -37.572  -61.744  3.294 0.1000000015
23442  -37.409  -62.733  3.189 0.1000000015
22373  -36.549  -63.733  2.748 0.1000000015
20216  -36.102  -66.167  -0.336 0.1000000015
19072  -36.890  -66.514  0.073 0.1000000015
19096  -36.327  -67.036  -1.861 0.1000000015
30162  -39.072  -56.579  2.722 0.1000000015
23441  -36.778  -62.434  3.419 0.1000000015
22366  -36.222  -63.003  3.107 0.1000000015
22374  -37.531  -63.581  2.834 0.1000000015
20173  -36.233  -65.095  1.618 0.1000000015
20196  -36.231  -65.613  0.956 0.1000000015
20229  -36.081  -66.339  -0.980 0.1000000015
19083  -36.062  -66.492  -1.401 0.1000000015
30161  -38.144  -56.677  2.940 0.1000000015
30121  -37.614  -56.484  4.616 0.1000000015
30120  -36.883  -56.482  4.991 0.1000000015
20218  -39.353  -65.094  0.591 0.1000000015
21338  -39.957  -64.441  0.358 0.1000000015
21358  -40.270  -64.946  0.098 0.1000000015
17976  -40.051  -67.026  0.182 0.1000000015
21315  -39.479  -64.165  1.187 0.1000000015
22393  -39.966  -63.420  0.946 0.1000000015
19088  -40.129  -66.168  0.007 0.1000000015
17975  -39.686  -67.743  0.061 0.1000000015
23458  -39.396  -62.828  1.669 0.1000000015
22382  -39.582  -63.289  1.377 0.1000000015
16734  -39.650  -68.378  0.701 0.2000000030
29048  -37.794  -57.712  0.941 0.1000000015
27918  -37.805  -58.431  1.433 0.1000000015
22375  -38.482  -63.535  2.376 0.1000000015
17957  -39.923  -67.626  0.759 0.1000000015
16735  -40.018  -67.983  1.323 0.2000000030
30187  -38.711  -56.901  0.861 0.1000000015
26794  -38.126  -59.833  2.343 0.1000000015
24548  -38.481  -61.589  2.580 0.1000000015
21294  -37.047  -64.497  2.433 0.1000000015
20175  -37.487  -65.074  2.016 0.1000000015
30141  -39.594  -56.399  3.383 0.1000000015
30140  -38.840  -56.494  3.750 0.1000000015
31275  -39.276  -55.993  4.815 0.1000000015
30122  -38.352  -56.428  4.459 0.1000000015
31274  -38.129  -56.276  5.166 0.1000000015
31273  -37.514  -56.385  5.153 0.1000000015
23466  -40.241  -62.520  0.858 0.1000000015
22394  -40.494  -63.516  0.587 0.1000000015
24566  -40.392  -61.545  0.578 0.1000000015
23459  -39.741  -62.544  1.300 0.1000000015
21339  -40.689  -64.526  0.464 0.1000000015
24549  -39.220  -61.471  1.726 0.1000000015
24550  -39.567  -61.951  1.453 0.1000000015
20219  -40.577  -65.476  0.429 0.1000000015
30176  -39.417  -56.629  1.703 0.1000000015
29039  -37.970  -57.276  0.985 0.1000000015
27925  -37.922  -58.019  0.626 0.1000000015
26808  -38.406  -59.495  1.570 0.1000000015
25688  -38.623  -60.536  2.102 0.1000000015
23451  -39.413  -62.269  1.678 0.1000000015
20200  -40.773  -65.917  0.901 0.1000000015
30163  -40.095  -56.472  2.629 0.1000000015
27919  -38.340  -58.922  0.984 0.1000000015
23450  -38.974  -62.552  2.176 0.1000000015
31290  -40.417  -56.076  3.785 0.1000000015
31289  -39.541  -56.272  3.959 0.1000000015
31276  -40.677  -55.355  5.157 0.1000000015
31263  -39.759  -55.294  6.172 0.1000000015
23467  -40.910  -62.568  0.559 0.1000000015
25705  -40.681  -60.543  0.365 0.1000000015
24559  -39.729  -61.549  1.074 0.1000000015
22395  -41.273  -63.690  0.918 0.1000000015
20220  -40.976  -65.046  0.705 0.1000000015
24558  -39.420  -61.053  1.257 0.1000000015
25704  -39.700  -60.473  0.567 0.1000000015
21340  -41.197  -64.663  0.958 0.1000000015
30177  -40.482  -56.451  1.453 0.1000000015
26814  -38.761  -59.412  0.787 0.1000000015
25696  -39.111  -60.389  1.204 0.1000000015
25703  -39.199  -59.889  0.689 0.1000000015
19064  -40.827  -66.297  1.282 0.1000000015
30164  -40.899  -56.429  2.327 0.1000000015
30188  -39.810  -56.572  0.738 0.1000000015
30200  -38.796  -57.100  0.004 0.1000000015
29055  -38.689  -57.601  -0.085 0.1000000015
31308  -41.605  -56.064  2.870 0.1000000015
31291  -41.690  -55.417  4.269 0.1000000015
32420  -41.770  -55.007  4.857 0.1000000015
31277  -41.402  -55.130  4.953 0.1000000015
31264  -40.497  -55.075  5.881 0.1000000015
32408  -40.838  -54.957  5.736 0.1000000015
27928  -40.596  -58.713  -0.167 0.1000000015
26817  -41.110  -59.541  0.297 0.1000000015
24567  -41.238  -61.546  0.581 0.1000000015
27935  -40.215  -58.075  -0.359 0.1000000015
23468  -41.705  -62.514  1.136 0.1000000015
30210  -39.336  -57.123  -0.269 0.1000000015
27934  -39.349  -58.202  -0.258 0.1000000015
26820  -39.528  -58.869  -0.081 0.1000000015
26816  -40.089  -59.496  -0.017 0.1000000015
31318  -42.045  -55.894  1.836 0.1000000015
30178  -41.378  -56.204  1.681 0.1000000015
30201  -39.470  -56.750  0.102 0.1000000015
27933  -38.857  -57.926  -0.195 0.1000000015
27927  -39.140  -58.685  0.027 0.1000000015
20201  -41.160  -65.508  1.291 0.1000000015
19065  -41.226  -66.514  2.123 0.1000000015
31309  -42.536  -55.323  3.371 0.1000000015
32437  -42.667  -54.986  3.951 0.1000000015
32421  -42.481  -54.667  4.626 0.1000000015
33551  -42.695  -54.101  5.148 0.1000000015
32409  -41.493  -54.751  5.475 0.1000000015
33539  -42.755  -53.703  5.579 0.1000000015
32400  -42.380  -53.791  6.020 0.1000000015
32399  -41.813  -53.999  6.402 0.1000000015
24568  -41.966  -61.439  1.033 0.1000000015
31328  -41.844  -55.764  1.018 0.1000000015
30202  -40.332  -56.419  0.083 0.1000000015
30211  -40.126  -56.819  -0.304 0.1000000015
31310  -43.012  -55.020  3.053 0.1000000015
31319  -42.451  -55.548  2.331 0.1000000015
31329  -42.528  -55.308  1.394 0.1000000015
30190  -41.144  -56.067  0.780 0.1000000015
30189  -40.548  -56.305  0.563 0.1000000015
32438  -43.134  -54.654  3.553 0.1000000015
32422  -43.198  -54.259  4.203 0.1000000015
33569  -43.589  -53.695  3.679 0.1000000015
33552  -43.198  -53.779  4.744 0.1000000015
34663  -43.792  -52.614  4.198 0.1000000015
33540  -43.269  -53.078  5.437 0.1000000015
33531  -43.225  -52.692  5.979 0.1000000015
27936  -40.794  -58.116  -0.293 0.1000000015
25706  -41.594  -60.567  0.674 0.1000000015
26818  -42.356  -59.625  0.850 0.1000000015
29058  -40.941  -57.384  -0.399 0.1000000015
29057  -39.811  -57.484  -0.401 0.1000000015
32447  -43.211  -54.746  2.665 0.1000000015
34654  -43.531  -52.248  5.419 0.1000000015
35766  -43.647  -51.380  5.605 0.1000000015
27929  -41.471  -58.352  -0.015 0.1000000015
32456  -43.093  -54.725  1.640 0.1000000015
32455  -42.775  -54.955  1.274 0.1000000015
31339  -41.598  -55.654  0.300 0.1000000015
30203  -40.978  -55.964  0.123 0.1000000015
30212  -41.153  -56.168  -0.329 0.1000000015
33570  -43.862  -53.316  2.925 0.1000000015
34680  -43.863  -53.045  3.418 0.1000000015
35774  -43.887  -51.532  4.778 0.1000000015
36942  -43.900  -50.936  5.082 0.1000000015
36920  -43.841  -50.312  5.487 0.1000000015
29051  -41.971  -57.458  -0.212 0.1000000015
29059  -41.712  -56.630  -0.392 0.1000000015
33584  -43.585  -53.585  1.226 0.1000000015
31340  -42.230  -55.286  0.558 0.1000000015
31347  -42.113  -55.355  -0.070 0.1000000015
33577  -43.596  -54.035  2.539 0.1000000015
36943  -44.246  -50.526  4.459 0.1000000015
38203  -44.414  -49.491  4.389 0.1000000015
36921  -44.181  -49.917  4.869 0.1000000015
32465  -43.101  -54.342  0.657 0.1000000015
32473  -42.599  -54.809  0.316 0.1000000015
33578  -43.903  -53.201  2.115 0.1000000015
34664  -44.197  -52.063  3.472 0.1000000015
35775  -44.252  -51.503  3.889 0.1000000015
34681  -44.155  -52.559  2.829 0.1000000015
35786  -44.468  -51.551  2.919 0.1000000015
36961  -44.585  -50.669  3.359 0.1000000015
38217  -44.628  -49.811  3.666 0.1000000015
39476  -44.795  -48.832  3.670 0.1000000015
38218  -44.944  -49.387  3.131 0.1000000015
38233  -44.886  -50.011  2.966 0.1000000015
17971  -31.057  -67.204  0.478 0.1000000015
18005  -31.307  -67.823  -1.458 0.1000000015
16776  -31.983  -68.272  -2.283 0.1000000015
16778  -33.767  -68.492  -1.982 0.1000000015
15650  -34.931  -69.642  -2.574 0.1000000015
18007  -33.164  -67.971  -1.456 0.1000000015
21375  -31.950  -64.291  -2.749 0.1000000015
20259  -30.577  -66.111  -3.447 0.1000000015
19123  -30.285  -67.317  -4.286 0.1000000015
13644  -36.077  -70.884  -2.505 0.1000000015
15666  -35.745  -69.879  -3.231 0.1000000015
14643  -36.714  -70.493  -2.720 0.2000000030
22403  -34.647  -63.366  -0.535 0.1000000015
23473  -34.184  -62.586  -1.156 0.1000000015
21368  -34.736  -64.605  -1.682 0.1000000015
20261  -32.535  -66.455  -3.600 0.1000000015
20262  -33.477  -66.573  -3.521 0.1000000015
18033  -32.468  -68.225  -4.048 0.1000000015
15654  -37.993  -69.527  -2.005 0.2000000030
15638  -37.824  -70.000  -1.738 0.2000000030
18019  -35.725  -67.647  -2.948 0.1000000015
19119  -34.537  -67.392  -3.375 0.1000000015
23440  -35.961  -62.247  3.323 0.1000000015
22380  -35.250  -63.605  1.512 0.1000000015
22404  -34.915  -64.174  -0.316 0.1000000015
21369  -35.135  -65.161  -1.545 0.1000000015
20263  -34.181  -66.762  -3.357 0.1000000015
24539  -36.552  -61.505  3.557 0.1000000015
19107  -35.494  -67.093  -2.734 0.1000000015
30174  -37.582  -56.966  2.287 0.1000000015
21292  -35.609  -64.025  1.815 0.1000000015
21293  -36.094  -64.499  2.041 0.1000000015
21337  -35.307  -64.618  0.197 0.1000000015
20228  -35.641  -65.850  -1.102 0.1000000015
19106  -34.776  -66.664  -3.019 0.1000000015
30159  -36.259  -57.020  3.496 0.1000000015
21357  -39.973  -64.983  -0.061 0.1000000015
19063  -38.520  -65.611  0.957 0.1000000015
15607  -39.235  -69.112  0.191 0.2000000030
19073  -37.896  -66.554  0.306 0.1000000015
21314  -38.781  -64.320  1.788 0.1000000015
20197  -37.337  -65.673  1.492 0.1000000015
19061  -37.265  -66.205  0.854 0.1000000015
19084  -36.615  -66.757  -1.023 0.1000000015
23449  -38.134  -62.645  2.847 0.1000000015
21295  -38.005  -64.461  2.323 0.1000000015
17958  -40.506  -67.210  1.471 0.1000000015
26815  -39.256  -59.314  0.289 0.1000000015
26821  -39.934  -58.673  -0.252 0.1000000015
32410  -42.286  -54.196  5.565 0.1000000015
33530  -42.596  -53.160  6.451 0.1000000015
23376  -39.954  -63.098  10.220 0.5000000000
16624  -41.137  -68.798  8.120 0.5000000000
23367  -39.738  -62.366  10.507 0.5000000000
22281  -39.574  -63.773  9.911 0.5000000000
24457  -38.289  -61.378  10.550 0.5000000000
23366  -38.797  -62.173  10.339 0.5000000000
23375  -39.167  -63.014  10.132 0.5000000000
17842  -40.847  -67.894  8.193 0.5000000000
23374  -38.235  -62.970  9.925 0.5000000000
23365  -37.788  -62.150  10.141 0.4000000060
23373  -37.379  -62.844  9.512 0.4000000060
16660  -38.582  -68.863  7.034 0.5000000000
15536  -38.808  -69.889  6.780 0.5000000000
16659  -38.052  -68.620  6.625 0.5000000000
17872  -37.510  -67.799  5.541 0.5000000000
20143  -37.988  -65.736  4.588 0.4000000060
21266  -38.434  -64.830  4.699 0.4000000060
17781  -41.503  -67.606  11.453 0.1000000015
17843  -41.714  -68.042  8.736 0.5000000000
22282  -40.556  -63.742  10.129 0.5000000000
21155  -40.031  -64.542  9.616 0.4000000060
24458  -39.464  -61.334  10.932 0.5000000000
25553  -39.236  -60.725  11.192 0.5000000000
26644  -39.193  -59.851  11.879 0.5000000000
25530  -39.080  -60.312  11.364 0.5000000000
25552  -38.609  -60.564  10.961 0.5000000000
27782  -38.664  -59.100  11.582 0.4000000060
24456  -37.455  -61.402  10.192 0.4000000060
26657  -37.885  -59.878  10.824 0.3000000119
22279  -37.786  -63.784  9.307 0.6999999881
21173  -38.550  -64.870  9.003 0.5000000000
26643  -38.543  -59.759  11.292 0.3000000119
25551  -37.687  -60.672  10.498 0.3000000119
22278  -37.117  -63.451  8.975 0.5000000000
22302  -37.299  -64.070  8.714 0.6000000238
20081  -38.093  -65.415  8.423 0.6000000238
20083  -39.837  -66.062  8.745 0.6000000238
16623  -40.517  -68.541  7.914 0.5000000000
15520  -39.363  -69.429  7.263 0.3000000119
27795  -37.661  -59.460  10.492 0.3000000119
25573  -36.972  -60.849  9.657 0.3000000119
24467  -36.604  -61.897  8.997 0.4000000060
22301  -36.838  -63.728  8.261 0.5000000000
20090  -37.886  -65.785  7.949 0.6000000238
18979  -38.371  -66.674  7.783 0.6000000238
17860  -38.604  -67.743  7.514 0.5000000000
17867  -38.193  -68.260  7.004 0.5000000000
26679  -37.250  -59.826  9.326 0.4000000060
25585  -36.678  -61.308  8.843 0.4000000060
23392  -36.630  -62.964  7.977 0.5000000000
21196  -36.922  -64.632  7.540 0.5000000000
20103  -37.391  -66.033  7.179 0.5000000000
18978  -37.812  -66.888  7.279 0.5000000000
17866  -37.784  -67.790  6.715 0.5000000000
27832  -37.516  -59.024  9.160 0.4000000060
25586  -36.982  -60.522  8.636 0.4000000060
24498  -36.938  -61.650  7.486 0.5000000000
22325  -36.729  -63.662  7.347 0.5000000000
21223  -36.894  -64.469  6.457 0.4000000060
18984  -37.288  -66.577  6.342 0.5000000000
25602  -37.348  -60.679  7.632 0.4000000060
23416  -37.141  -62.023  6.960 0.5000000000
22341  -36.931  -63.495  6.631 0.5000000000
18990  -37.071  -65.999  5.824 0.4000000060
23423  -37.587  -62.397  6.333 0.5000000000
22352  -37.713  -63.236  5.777 0.4000000060
21249  -37.567  -64.312  5.457 0.4000000060
23427  -37.987  -62.811  5.735 0.3000000119
22353  -38.313  -63.370  5.372 0.4000000060
21250  -38.477  -64.132  4.961 0.3000000119
22358  -38.964  -63.745  4.956 0.3000000119
21267  -39.313  -64.548  4.648 0.3000000119
17760  -41.764  -67.526  12.381 0.1000000015
17782  -42.447  -67.363  11.562 0.1000000015
17803  -42.293  -67.466  10.428 0.4000000060
17822  -41.729  -68.227  9.715 0.4000000060
17823  -42.209  -67.525  9.464 0.5000000000
17844  -42.240  -67.174  9.065 0.5000000000
23368  -40.619  -62.779  10.562 0.5000000000
22272  -41.189  -63.370  10.448 0.5000000000
21156  -41.023  -64.658  9.702 0.4000000060
18969  -41.815  -66.838  8.810 0.5000000000
18968  -41.177  -67.214  8.554 0.5000000000
24440  -39.820  -61.153  11.349 0.5000000000
24459  -40.275  -61.982  10.923 0.5000000000
25532  -40.001  -60.950  11.855 0.5000000000
25531  -39.637  -60.785  11.557 0.5000000000
20084  -40.995  -66.326  8.838 0.6000000238
27783  -39.163  -58.726  12.213 0.2000000030
27796  -37.949  -58.906  10.889 0.3000000119
27812  -37.496  -59.204  10.004 0.4000000060
28887  -38.661  -58.357  11.422 0.3000000119
28903  -38.487  -57.811  10.574 0.3000000119
28888  -39.356  -57.493  11.606 0.3000000119
27813  -37.851  -58.366  9.749 0.4000000060
28922  -38.648  -57.567  9.189 0.3000000119
27833  -38.121  -58.522  8.529 0.4000000060
26708  -37.807  -60.039  7.591 0.4000000060
25603  -37.920  -60.333  7.223 0.4000000060
27842  -38.457  -58.790  7.787 0.3000000119
26720  -38.737  -60.086  6.692 0.3000000119
24499  -37.431  -61.486  6.963 0.4000000060
26721  -39.166  -59.734  6.593 0.3000000119
24516  -38.755  -61.363  6.026 0.3000000119
23428  -38.528  -62.364  5.680 0.4000000060
22354  -39.118  -63.075  5.190 0.3000000119
26722  -39.882  -59.599  6.239 0.2000000030
25643  -39.552  -60.677  5.866 0.2000000030
24524  -39.679  -61.423  5.511 0.3000000119
26737  -40.937  -59.591  5.376 0.1000000015
25645  -41.278  -60.551  5.017 0.2000000030
23429  -39.413  -62.340  5.332 0.4000000060
30142  -43.867  -57.028  4.751 0.1000000015
17783  -43.280  -66.980  11.707 0.1000000015
17804  -43.038  -67.099  10.943 0.2000000030
18932  -43.137  -66.908  10.301 0.5000000000
18952  -42.825  -66.719  9.487 0.4000000060
23369  -41.320  -62.966  10.823 0.5000000000
22283  -41.479  -64.014  10.152 0.4000000060
21157  -41.980  -64.756  9.779 0.4000000060
20072  -41.565  -65.588  9.287 0.5000000000
18951  -42.164  -66.258  9.117 0.5000000000
24441  -40.231  -61.415  11.585 0.5000000000
23348  -40.943  -62.415  11.337 0.5000000000
20085  -41.666  -66.227  8.951 0.4000000060
25518  -39.786  -60.658  12.312 0.4000000060
26630  -39.479  -59.639  12.734 0.4000000060
28872  -39.678  -57.978  12.916 0.2000000030
28873  -40.156  -57.139  12.530 0.1000000015
28889  -40.112  -56.786  11.696 0.3000000119
29991  -40.794  -56.559  12.054 0.1000000015
28904  -39.356  -57.043  10.217 0.3000000119
30009  -39.929  -56.709  10.915 0.2000000030
30052  -39.858  -56.800  9.806 0.2000000030
28942  -38.678  -57.978  8.408 0.2000000030
27843  -39.101  -58.643  7.346 0.2000000030
28924  -40.896  -56.893  9.040 0.2000000030
28959  -39.677  -58.233  7.370 0.2000000030
27844  -39.798  -58.534  6.991 0.2000000030
28944  -40.588  -57.402  8.188 0.2000000030
28960  -40.405  -58.050  7.155 0.1000000015
27851  -40.296  -58.795  6.424 0.2000000030
26736  -40.416  -59.454  5.889 0.2000000030
28961  -41.397  -57.506  7.427 0.1000000015
28971  -41.363  -57.969  6.329 0.1000000015
27860  -41.493  -58.608  5.424 0.1000000015
28972  -42.102  -57.301  6.770 0.1000000015
28982  -42.335  -57.647  5.539 0.1000000015
28983  -43.168  -57.262  5.121 0.1000000015
30125  -44.595  -56.256  5.250 0.1000000015
31278  -45.308  -55.967  5.233 0.1000000015
18933  -43.718  -66.417  10.811 0.3000000119
18953  -43.402  -66.490  10.057 0.3000000119
21136  -44.342  -65.265  11.634 0.3000000119
21146  -44.330  -65.450  11.278 0.3000000119
20074  -43.501  -65.779  9.924 0.3000000119
21134  -43.402  -64.384  11.760 0.3000000119
21159  -43.689  -65.079  10.429 0.3000000119
20073  -42.562  -65.582  9.475 0.5000000000
23328  -41.852  -63.275  11.916 0.4000000060
22265  -42.257  -63.585  11.166 0.5000000000
22284  -42.191  -64.188  10.263 0.4000000060
23325  -40.043  -61.969  12.684 0.4000000060
23326  -40.670  -62.282  12.283 0.4000000060
24419  -39.043  -61.320  13.617 0.4000000060
25501  -39.487  -60.439  13.269 0.4000000060
24432  -40.143  -61.426  12.293 0.5000000000
26614  -39.514  -59.362  13.711 0.3000000119
27768  -39.579  -58.821  13.025 0.3000000119
27749  -40.183  -58.220  14.027 0.3000000119
27748  -39.863  -58.381  13.594 0.2000000030
28851  -40.412  -57.683  13.663 0.1000000015
29974  -40.997  -56.773  12.991 0.1000000015
29992  -41.669  -56.512  12.271 0.1000000015
30011  -41.470  -56.451  11.430 0.1000000015
30029  -41.334  -56.514  10.621 0.2000000030
30012  -42.265  -56.576  11.592 0.1000000015
30054  -41.175  -56.662  9.833 0.2000000030
30030  -42.091  -56.574  10.848 0.2000000030
28945  -41.586  -57.155  8.366 0.1000000015
28946  -42.468  -57.164  8.623 0.1000000015
28962  -42.363  -57.182  7.742 0.1000000015
28963  -42.836  -57.188  8.184 0.1000000015
30107  -42.706  -56.974  7.208 0.1000000015
30123  -42.736  -56.982  6.428 0.1000000015
30108  -43.362  -56.627  6.911 0.1000000015
30109  -44.426  -56.098  6.542 0.1000000015
30110  -45.458  -55.730  6.670 0.1000000015
31265  -45.299  -55.765  5.828 0.1000000015
31266  -46.316  -55.507  6.149 0.1000000015
31267  -47.404  -55.321  6.162 0.1000000015
32401  -48.194  -54.492  6.431 0.1000000015
20029  -44.474  -65.694  12.206 0.3000000119
18902  -44.524  -66.452  12.832 0.2000000030
21120  -43.753  -64.620  12.315 0.3000000119
21119  -42.901  -64.326  12.364 0.4000000060
23314  -40.199  -62.559  12.912 0.3000000119
22248  -41.569  -63.446  12.527 0.4000000060
21118  -42.170  -64.064  12.669 0.3000000119
23313  -39.520  -62.236  13.235 0.3000000119
22236  -41.244  -63.664  13.002 0.4000000060
21103  -41.642  -64.147  13.171 0.4000000060
21092  -41.850  -64.740  13.700 0.3000000119
25479  -39.012  -60.298  14.238 0.3000000119
25468  -39.037  -59.839  14.896 0.3000000119
26597  -39.563  -59.317  14.794 0.3000000119
27725  -39.928  -58.664  14.302 0.3000000119
28831  -40.677  -57.826  14.180 0.1000000015
28833  -41.979  -57.617  14.407 0.1000000015
28852  -41.451  -57.173  13.777 0.1000000015
28853  -42.437  -57.201  13.747 0.1000000015
29975  -41.992  -56.727  13.093 0.1000000015
29993  -42.516  -56.709  12.350 0.1000000015
28905  -42.629  -56.879  10.439 0.2000000030
28926  -42.803  -57.166  9.607 0.2000000030
28927  -43.899  -57.619  9.573 0.1000000015
28947  -43.405  -57.330  8.593 0.1000000015
30094  -43.142  -57.033  7.744 0.1000000015
30076  -44.103  -57.173  8.265 0.1000000015
30075  -43.683  -57.084  8.056 0.1000000015
30095  -44.101  -56.649  7.687 0.1000000015
30096  -45.338  -56.208  7.570 0.1000000015
31246  -46.092  -55.698  7.118 0.1000000015
31248  -47.614  -55.227  7.305 0.1000000015
31247  -46.870  -55.493  7.121 0.1000000015
32386  -47.901  -54.555  7.071 0.1000000015
33518  -46.831  -53.277  7.094 0.1000000015
33519  -47.408  -53.967  7.605 0.1000000015
17744  -44.832  -67.217  13.695 0.2000000030
17763  -44.330  -67.096  13.155 0.2000000030
18869  -45.242  -65.956  14.218 0.2000000030
21106  -44.076  -64.959  12.844 0.3000000119
19983  -44.824  -65.850  15.496 0.2000000030
20013  -43.981  -65.178  13.538 0.3000000119
22235  -40.762  -63.203  12.922 0.3000000119
21104  -42.512  -64.661  13.213 0.3000000119
23312  -38.761  -62.293  13.793 0.3000000119
21101  -40.385  -63.769  13.488 0.3000000119
21102  -40.972  -63.937  13.368 0.3000000119
24398  -38.591  -61.052  14.174 0.3000000119
24418  -38.493  -61.652  14.079 0.3000000119
21090  -40.559  -64.360  13.860 0.3000000119
21091  -41.213  -64.541  13.744 0.3000000119
19999  -42.453  -65.182  14.174 0.2000000030
25467  -38.429  -60.299  15.013 0.2000000030
25478  -38.491  -60.728  14.486 0.2000000030
26598  -40.222  -58.704  14.999 0.3000000119
27726  -40.599  -58.172  14.504 0.1000000015
27708  -41.002  -58.649  15.341 0.2000000030
27727  -41.524  -58.169  14.888 0.1000000015
27728  -42.537  -58.253  14.928 0.1000000015
27729  -43.759  -58.380  14.535 0.1000000015
27711  -44.033  -59.414  15.387 0.1000000015
26599  -44.949  -59.887  15.436 0.1000000015
27730  -44.969  -59.255  14.823 0.1000000015
26615  -46.024  -59.774  14.437 0.1000000015
25480  -46.153  -60.327  15.244 0.1000000015
25471  -47.168  -60.616  15.812 0.1000000015
29977  -43.309  -57.191  12.932 0.1000000015
28855  -44.133  -57.742  13.168 0.1000000015
27751  -44.857  -58.339  13.462 0.1000000015
27752  -45.879  -59.238  13.802 0.1000000015
26602  -46.993  -60.321  14.352 0.1000000015
25482  -47.750  -60.863  14.451 0.1000000015
28890  -43.736  -57.293  11.836 0.1000000015
28875  -44.460  -57.786  12.336 0.1000000015
30013  -43.010  -56.890  11.646 0.1000000015
28906  -43.459  -57.278  10.705 0.2000000030
28948  -44.441  -57.656  8.762 0.1000000015
30077  -44.939  -57.084  8.236 0.1000000015
30097  -46.497  -56.084  7.815 0.1000000015
30098  -47.171  -55.758  7.888 0.1000000015
32370  -47.513  -54.659  8.163 0.1000000015
33503  -47.201  -54.087  8.183 0.1000000015
19945  -43.295  -65.749  17.165 0.2000000030
19982  -43.876  -65.689  15.288 0.2000000030
21105  -43.437  -64.780  12.980 0.3000000119
19944  -42.192  -65.520  17.126 0.2000000030
19960  -43.032  -65.814  16.160 0.2000000030
19981  -42.794  -65.588  15.148 0.2000000030
20000  -43.550  -65.357  14.355 0.3000000119
20012  -43.208  -65.065  13.628 0.3000000119
22219  -38.550  -63.264  14.283 0.3000000119
21088  -39.118  -63.951  14.357 0.3000000119
21089  -39.788  -64.098  13.972 0.3000000119
21072  -40.253  -64.699  14.575 0.3000000119
23298  -38.145  -62.272  14.346 0.3000000119
21071  -39.479  -64.472  14.853 0.3000000119
19997  -40.862  -64.801  14.265 0.3000000119
24383  -37.480  -61.312  15.245 0.2000000030
23297  -37.556  -62.121  14.928 0.3000000119
19998  -41.485  -65.036  14.285 0.2000000030
25466  -37.837  -60.598  15.304 0.2000000030
25454  -38.081  -60.154  15.583 0.2000000030
26587  -39.250  -59.449  15.558 0.3000000119
26588  -40.298  -58.971  15.742 0.2000000030
26589  -41.414  -59.215  16.010 0.2000000030
27710  -43.037  -59.047  15.460 0.1000000015
27769  -45.161  -58.337  12.292 0.1000000015
26631  -46.351  -59.290  12.528 0.1000000015
26632  -46.872  -59.677  12.711 0.1000000015
26633  -47.633  -60.375  12.351 0.1000000015
27784  -44.912  -58.176  11.630 0.1000000015
27785  -45.589  -58.745  11.459 0.1000000015
26646  -47.229  -60.123  11.363 0.1000000015
28891  -44.377  -57.729  11.267 0.1000000015
27797  -44.987  -58.300  10.879 0.1000000015
27798  -45.508  -58.791  10.538 0.1000000015
26658  -46.293  -59.458  10.563 0.1000000015
26659  -47.286  -60.118  10.287 0.1000000015
28907  -44.451  -57.931  10.331 0.1000000015
27814  -45.073  -58.464  10.172 0.1000000015
26680  -46.237  -59.365  9.788 0.1000000015
27816  -46.376  -59.088  9.332 0.1000000015
28928  -44.890  -58.226  9.469 0.1000000015
28949  -45.607  -57.952  8.755 0.1000000015
30078  -46.088  -56.945  8.259 0.1000000015
21030  -42.304  -64.295  19.131 0.3000000119
21042  -41.761  -64.899  18.340 0.3000000119
21051  -41.291  -65.240  17.428 0.3000000119
19959  -42.025  -65.604  16.008 0.2000000030
19943  -41.401  -65.413  16.674 0.3000000119
19958  -41.081  -65.354  15.869 0.3000000119
22218  -37.885  -62.914  14.786 0.3000000119
21055  -38.441  -64.170  15.678 0.3000000119
21049  -39.481  -64.761  16.617 0.3000000119
19980  -41.758  -65.452  15.041 0.2000000030
24379  -36.867  -61.384  16.018 0.2000000030
22202  -37.499  -63.066  15.493 0.3000000119
22195  -37.849  -63.878  16.081 0.3000000119
25453  -37.446  -60.474  15.796 0.2000000030
26586  -38.587  -59.734  15.712 0.2000000030
26570  -39.970  -59.064  16.366 0.3000000119
26571  -40.893  -59.205  16.571 0.2000000030
27837  -47.206  -58.267  8.864 0.1000000015
28950  -46.738  -57.686  8.625 0.1000000015
23262  -42.691  -62.770  20.004 0.1000000015
23261  -41.827  -62.490  19.850 0.2000000030
22172  -42.491  -63.471  19.607 0.3000000119
22171  -41.301  -63.726  19.180 0.3000000119
22183  -40.319  -64.176  18.492 0.3000000119
21048  -38.608  -64.369  16.455 0.3000000119
22189  -38.968  -64.430  17.287 0.3000000119
22194  -37.119  -63.228  16.529 0.3000000119
22188  -38.032  -63.962  17.281 0.3000000119
23280  -36.585  -62.282  16.532 0.2000000030
26567  -37.277  -59.811  16.267 0.1000000015
27689  -37.661  -59.132  16.410 0.1000000015
26568  -38.102  -59.636  16.079 0.2000000030
26569  -39.141  -59.185  16.362 0.2000000030
27691  -39.095  -58.807  16.692 0.2000000030
26552  -39.827  -59.013  16.736 0.3000000119
22182  -39.117  -63.956  18.265 0.3000000119
22186  -36.564  -62.840  17.942 0.3000000119
22187  -37.138  -63.390  17.693 0.3000000119
23279  -36.227  -62.236  17.360 0.2000000030
24378  -36.242  -61.408  16.739 0.2000000030
25445  -36.014  -60.477  16.940 0.1000000015
27688  -37.113  -59.330  16.463 0.1000000015
23259  -39.742  -62.491  19.715 0.3000000119
23234  -39.678  -61.814  20.179 0.2000000030
22169  -38.873  -63.135  19.184 0.3000000119
23275  -36.202  -62.300  18.225 0.2000000030
22180  -37.065  -63.063  18.696 0.3000000119
22181  -37.988  -63.479  18.426 0.3000000119
24373  -35.703  -61.393  17.746 0.2000000030
26550  -35.172  -59.328  17.898 0.1000000015
25444  -35.422  -60.326  17.694 0.1000000015
26540  -34.689  -59.180  18.890 0.1000000015
26551  -35.928  -59.451  17.105 0.1000000015
27671  -36.898  -58.643  16.664 0.1000000015
28790  -37.695  -57.653  16.941 0.1000000015
23258  -38.611  -62.165  19.885 0.2000000030
23257  -37.334  -62.377  19.478 0.2000000030
22168  -37.843  -62.929  19.216 0.2000000030
24349  -36.690  -61.761  19.633 0.2000000030
22167  -37.307  -62.827  19.165 0.2000000030
24348  -35.718  -61.199  19.403 0.1000000015
24369  -35.935  -61.825  18.801 0.2000000030
25442  -35.077  -60.362  18.802 0.1000000015
27670  -35.790  -58.258  17.328 0.1000000015
28789  -36.726  -57.538  17.127 0.1000000015
27648  -34.967  -58.318  18.177 0.1000000015
28788  -36.064  -57.314  17.434 0.1000000015
28759  -34.814  -57.393  18.521 0.1000000015
29918  -35.913  -56.756  17.692 0.1000000015
20069  -38.908  -65.073  9.103 0.4000000060
22280  -38.689  -63.728  9.666 0.5000000000
21154  -39.075  -64.498  9.393 0.4000000060
21153  -38.360  -64.352  9.231 0.6000000238
20071  -40.491  -65.387  9.226 0.5000000000
16645  -40.641  -69.328  7.855 0.5000000000
20082  -38.682  -65.572  8.573 0.5000000000
20070  -39.482  -65.210  9.165 0.6000000238
17841  -39.722  -67.840  7.952 0.5000000000
16644  -39.877  -68.842  7.638 0.3000000119
18967  -40.305  -67.017  8.379 0.5000000000
15500  -40.826  -69.938  8.426 0.5000000000
16643  -39.134  -68.638  7.452 0.4000000060
18991  -37.419  -66.632  5.115 0.4000000060
20123  -37.300  -65.483  5.451 0.4000000060
24468  -36.965  -61.925  9.615 0.3000000119
21172  -37.855  -64.838  8.642 0.6000000238
26656  -37.424  -59.957  10.172 0.4000000060
23372  -36.752  -62.710  8.833 0.5000000000
21171  -37.171  -64.484  8.269 0.6000000238
20091  -38.515  -66.190  8.081 0.6000000238
18966  -39.107  -66.844  8.181 0.5000000000
17861  -39.329  -68.271  7.660 0.5000000000
25601  -36.794  -61.202  8.146 0.4000000060
24476  -36.611  -62.045  8.209 0.4000000060
20089  -37.241  -65.410  7.509 0.6000000238
17859  -37.983  -67.496  7.213 0.5000000000
17840  -39.122  -67.486  7.917 0.5000000000
20102  -37.016  -65.487  6.780 0.4000000060
26697  -37.616  -59.615  8.236 0.4000000060
26698  -38.092  -59.083  7.922 0.3000000119
23415  -36.846  -62.635  7.163 0.5000000000
23422  -37.142  -62.971  6.572 0.5000000000
20122  -36.955  -65.367  6.086 0.4000000060
18983  -37.035  -65.859  6.264 0.5000000000
21224  -37.089  -63.901  6.140 0.4000000060
21248  -37.075  -64.893  5.817 0.4000000060
23424  -38.196  -61.867  6.114 0.4000000060
24515  -37.995  -61.409  6.495 0.4000000060
22273  -41.865  -63.540  10.658 0.5000000000
25519  -40.143  -61.059  12.009 0.5000000000
26709  -38.411  -59.593  7.287 0.3000000119
25622  -37.775  -60.870  6.972 0.3000000119
28943  -39.412  -57.796  8.034 0.2000000030
26710  -39.047  -59.242  6.972 0.3000000119
25623  -38.367  -60.582  6.699 0.3000000119
25624  -39.053  -60.506  6.268 0.3000000119
27850  -39.545  -59.078  6.751 0.2000000030
24517  -39.247  -60.981  5.907 0.3000000119
24523  -39.078  -61.861  5.623 0.4000000060
25644  -40.262  -60.362  5.590 0.2000000030
27859  -40.763  -58.958  5.808 0.2000000030
28995  -43.255  -57.879  4.607 0.1000000015
23349  -41.680  -63.149  11.350 0.4000000060
21158  -42.923  -64.760  10.128 0.4000000060
24431  -39.697  -61.331  12.897 0.4000000060
30027  -39.990  -56.688  10.214 0.2000000030
30010  -40.676  -56.506  11.195 0.2000000030
28923  -39.844  -57.081  9.135 0.2000000030
30053  -40.383  -56.730  9.726 0.2000000030
28925  -41.832  -56.916  9.240 0.2000000030
28970  -40.750  -58.330  6.516 0.2000000030
30093  -42.728  -57.069  7.571 0.1000000015
27852  -40.918  -58.513  6.100 0.1000000015
28981  -41.688  -58.036  5.745 0.1000000015
27871  -42.125  -59.068  4.719 0.1000000015
27861  -42.232  -58.417  4.924 0.1000000015
30124  -43.421  -56.722  5.755 0.1000000015
18917  -43.933  -66.543  11.803 0.3000000119
21121  -44.302  -65.063  12.275 0.3000000119
20042  -44.401  -65.750  11.556 0.3000000119
21135  -44.014  -64.707  11.634 0.3000000119
18934  -44.217  -66.165  11.393 0.3000000119
20055  -43.953  -65.617  10.567 0.3000000119
21144  -43.442  -64.479  10.983 0.3000000119
22274  -42.583  -64.074  10.776 0.3000000119
22266  -42.723  -64.007  11.534 0.3000000119
23327  -41.379  -62.826  11.979 0.4000000060
22249  -42.268  -63.720  12.114 0.4000000060
23350  -42.162  -63.521  11.611 0.4000000060
30055  -41.999  -56.717  10.075 0.2000000030
30031  -42.717  -56.786  11.031 0.2000000030
20014  -44.563  -65.537  13.101 0.2000000030
22234  -39.850  -63.206  13.396 0.3000000119
22247  -41.108  -62.913  12.421 0.4000000060
28834  -42.857  -57.707  14.314 0.1000000015
29976  -42.844  -56.964  13.044 0.1000000015
28854  -43.421  -57.502  13.553 0.1000000015
28874  -43.722  -57.395  12.705 0.1000000015
18885  -45.062  -66.243  13.801 0.2000000030
20002  -45.236  -65.917  15.002 0.2000000030
20001  -44.736  -65.672  14.362 0.2000000030
22233  -39.146  -62.928  13.656 0.3000000119
22220  -39.254  -63.526  13.885 0.3000000119
24397  -38.011  -61.299  14.613 0.3000000119
24384  -37.882  -60.844  14.991 0.3000000119
27709  -41.997  -58.795  15.520 0.1000000015
27712  -44.589  -59.694  15.418 0.1000000015
26600  -45.618  -60.037  15.109 0.1000000015
27731  -45.629  -59.582  14.573 0.1000000015
27750  -44.068  -57.949  13.711 0.1000000015
26601  -46.350  -60.162  14.710 0.1000000015
26616  -46.612  -59.806  13.864 0.1000000015
25481  -46.740  -60.462  15.126 0.1000000015
27753  -46.439  -59.477  13.345 0.1000000015
27770  -45.842  -58.865  12.623 0.1000000015
26617  -47.393  -60.282  13.473 0.1000000015
25483  -48.903  -61.253  14.499 0.1000000015
19934  -42.708  -65.394  17.923 0.2000000030
21070  -38.731  -64.104  14.971 0.3000000119
19979  -40.894  -65.111  14.942 0.3000000119
22203  -38.094  -63.630  15.183 0.3000000119
21056  -39.108  -64.540  15.708 0.3000000119
21057  -40.085  -64.941  15.640 0.3000000119
26645  -46.377  -59.354  11.847 0.1000000015
25502  -48.116  -60.811  13.059 0.1000000015
27815  -45.657  -58.905  9.732 0.1000000015
28929  -45.479  -58.480  9.223 0.1000000015
27836  -46.517  -58.479  8.925 0.1000000015
21043  -42.870  -64.944  18.683 0.3000000119
22184  -41.013  -64.425  18.535 0.3000000119
21041  -40.745  -64.827  17.943 0.3000000119
21050  -40.505  -65.149  16.863 0.3000000119
23283  -37.074  -62.264  15.728 0.3000000119
22173  -43.596  -63.459  19.901 0.1000000015
23260  -40.804  -62.543  19.706 0.2000000030
21040  -39.828  -64.608  17.618 0.3000000119
22193  -36.635  -62.874  17.188 0.3000000119
25452  -36.719  -60.545  16.354 0.2000000030
27690  -38.511  -58.940  16.494 0.2000000030
22170  -40.018  -63.360  19.137 0.3000000119
26566  -36.639  -59.711  16.597 0.1000000015
27672  -38.065  -58.399  16.651 0.1000000015
23272  -36.629  -62.471  19.047 0.2000000030
24372  -35.344  -60.842  18.172 0.1000000015
24350  -37.754  -61.651  20.103 0.2000000030
23256  -36.872  -62.231  19.401 0.2000000030
25424  -35.670  -60.417  20.061 0.1000000015
28760  -35.456  -57.399  17.845 0.1000000015
15537  -39.562  -70.422  7.106 0.3000000119
13469  -40.040  -71.868  7.688 0.3000000119
14476  -40.249  -70.878  7.508 0.3000000119
13491  -36.879  -71.920  6.555 0.2000000030
14499  -35.842  -70.621  6.249 0.2000000030
12480  -39.416  -72.478  8.017 0.4000000060
12491  -38.221  -72.779  7.355 0.3000000119
14503  -39.640  -71.427  6.999 0.4000000060
12492  -38.912  -72.867  7.499 0.3000000119
13467  -37.983  -72.037  7.697 0.3000000119
13494  -39.538  -72.359  6.911 0.4000000060
13492  -37.520  -72.420  7.001 0.3000000119
13519  -36.440  -72.203  6.085 0.2000000030
14502  -38.921  -70.872  6.537 0.4000000060
13493  -39.017  -71.875  6.336 0.4000000060
11523  -38.463  -73.273  6.926 0.4000000060
15545  -38.395  -70.255  6.177 0.4000000060
15535  -38.205  -69.397  6.375 0.4000000060
11535  -38.803  -73.395  6.469 0.4000000060
12504  -37.700  -73.185  6.702 0.3000000119
12522  -36.371  -72.820  5.600 0.3000000119
12505  -39.065  -72.777  6.302 0.4000000060
11534  -37.974  -73.697  6.193 0.3000000119
11533  -37.156  -73.500  5.916 0.4000000060
16670  -37.760  -68.784  5.951 0.4000000060
13520  -38.658  -72.400  5.548 0.4000000060
11548  -37.420  -74.038  5.180 0.3000000119
14524  -38.358  -71.092  5.494 0.4000000060
12541  -38.343  -73.147  4.816 0.4000000060
15544  -38.021  -69.907  5.545 0.4000000060
11564  -37.873  -73.804  4.777 0.3000000119
14539  -38.089  -70.714  4.965 0.4000000060
15557  -38.001  -70.193  4.804 0.4000000060
14540  -38.270  -70.941  4.383 0.4000000060
13541  -38.391  -72.037  4.586 0.4000000060
11587  -37.726  -73.541  3.923 0.3000000119
16685  -37.763  -69.081  4.817 0.4000000060
13556  -38.449  -71.745  3.553 0.4000000060
12561  -38.156  -72.700  3.761 0.3000000119
11605  -37.202  -73.583  2.871 0.2000000030
17888  -37.908  -67.874  4.485 0.3000000119
16686  -38.477  -68.885  3.971 0.4000000060
14556  -38.727  -70.703  3.369 0.4000000060
11606  -37.773  -73.081  3.101 0.2000000030
12575  -38.163  -72.394  2.660 0.2000000030
11618  -36.815  -73.116  1.931 0.3000000119
19008  -38.131  -66.947  4.292 0.3000000119
12574  -37.626  -72.946  2.389 0.2000000030
12573  -36.444  -72.737  2.045 0.2000000030
15575  -38.935  -69.691  3.461 0.4000000060
13566  -38.639  -71.490  2.602 0.1000000015
20144  -39.116  -65.586  4.361 0.3000000119
17889  -38.938  -67.896  3.860 0.3000000119
16707  -39.337  -68.803  3.581 0.2000000030
14557  -39.176  -70.198  2.973 0.2000000030
12586  -37.786  -72.467  1.624 0.1000000015
12585  -36.676  -72.471  1.163 0.2000000030
17914  -39.769  -68.230  3.698 0.2000000030
15576  -39.616  -69.549  3.012 0.1000000015
13582  -38.666  -71.149  1.792 0.1000000015
11634  -37.359  -72.609  1.093 0.1000000015
11633  -36.997  -72.875  1.196 0.1000000015
19009  -38.974  -66.654  4.115 0.3000000119
17890  -39.883  -67.370  3.922 0.3000000119
22359  -39.722  -63.700  4.834 0.2000000030
20145  -40.156  -65.436  4.441 0.1000000015
12599  -37.675  -72.049  0.633 0.1000000015
12598  -37.101  -72.317  0.363 0.1000000015
21268  -40.431  -64.480  4.623 0.2000000030
19011  -40.871  -66.181  4.358 0.2000000030
17891  -40.762  -66.967  4.109 0.1000000015
16708  -40.078  -68.755  3.257 0.1000000015
15591  -39.695  -69.551  2.262 0.1000000015
14592  -39.341  -69.942  1.879 0.1000000015
13598  -38.189  -71.454  0.894 0.1000000015
12621  -37.399  -71.999  0.087 0.1000000015
14598  -36.208  -70.553  0.032 0.1000000015
20146  -41.132  -65.326  4.508 0.1000000015
17915  -40.661  -67.795  3.428 0.1000000015
16709  -40.454  -68.515  2.688 0.1000000015
15599  -39.492  -69.340  1.346 0.1000000015
14600  -38.644  -70.638  1.130 0.1000000015
14612  -38.259  -70.709  0.064 0.1000000015
13610  -36.880  -71.628  -0.706 0.1000000015
15605  -35.804  -69.659  0.388 0.1000000015
15600  -39.912  -68.583  1.511 0.1000000015
15606  -38.802  -69.887  0.645 0.1000000015
13627  -36.587  -71.232  -1.807 0.1000000015
13609  -36.262  -71.143  -1.416 0.1000000015
26553  -40.416  -59.034  17.036 0.2000000030
22355  -39.846  -62.977  5.014 0.2000000030
22360  -40.711  -63.401  4.705 0.1000000015
21269  -41.472  -64.369  4.592 0.1000000015
17892  -41.256  -66.574  4.202 0.1000000015
17916  -41.439  -66.810  3.750 0.1000000015
17936  -40.771  -67.743  2.491 0.1000000015
13611  -37.614  -71.433  -0.339 0.1000000015
16724  -40.354  -68.209  1.940 0.1000000015
12493  -39.463  -72.727  7.412 0.3000000119
11524  -39.032  -73.228  7.128 0.3000000119
12503  -36.989  -72.752  6.355 0.3000000119
12523  -38.692  -73.174  5.735 0.4000000060
11549  -38.233  -73.679  5.547 0.3000000119
15558  -38.315  -69.928  4.082 0.4000000060
12587  -38.295  -71.876  1.777 0.1000000015
17913  -39.370  -68.349  3.714 0.2000000030
14574  -38.984  -70.730  2.509 0.1000000015
13581  -36.465  -71.756  0.907 0.1000000015
14575  -39.331  -70.103  2.428 0.1000000015
12600  -38.035  -71.983  1.215 0.1000000015
19010  -39.987  -66.373  4.137 0.3000000119
15577  -40.080  -69.147  2.699 0.1000000015
13612  -37.987  -71.340  0.233 0.1000000015
13596  -36.662  -71.871  0.204 0.1000000015
15598  -39.024  -70.059  1.412 0.1000000015
14609  -35.931  -70.660  -1.062 0.1000000015
15592  -40.094  -68.964  2.079 0.1000000015
15620  -35.508  -69.741  -0.775 0.1000000015
17937  -41.347  -67.230  2.889 0.1000000015
19012  -41.643  -66.055  4.274 0.1000000015
16603  -39.847  -69.418  9.853 0.3000000119
15477  -40.201  -70.174  9.464 0.2000000030
16602  -38.970  -69.126  9.844 0.3000000119
15476  -39.193  -70.192  9.445 0.2000000030
16604  -40.642  -69.397  9.622 0.2000000030
16605  -41.315  -69.155  9.220 0.4000000060
15478  -40.739  -69.958  9.140 0.3000000119
16625  -41.203  -69.257  8.559 0.4000000060
14423  -39.416  -70.794  9.257 0.2000000030
15497  -38.112  -69.695  8.951 0.1000000015
15498  -38.671  -70.451  9.034 0.2000000030
14425  -40.560  -70.718  9.044 0.3000000119
16622  -37.469  -68.743  8.906 0.1000000015
14445  -39.127  -71.078  8.967 0.2000000030
16642  -37.252  -69.096  8.203 0.1000000015
15518  -36.884  -69.497  7.346 0.1000000015
15519  -37.589  -70.107  8.037 0.1000000015
14474  -37.209  -70.518  7.208 0.1000000015
16640  -35.334  -68.255  7.008 0.1000000015
16658  -35.996  -69.105  6.789 0.1000000015
14447  -40.722  -70.547  8.505 0.3000000119
14446  -39.722  -71.568  8.877 0.2000000030
13448  -38.494  -71.614  8.368 0.2000000030
14444  -38.290  -70.701  8.575 0.2000000030
14475  -37.814  -71.102  7.865 0.2000000030
15533  -35.444  -69.813  6.479 0.1000000015
16639  -34.162  -68.742  6.971 0.1000000015
15522  -40.670  -70.216  8.007 0.2000000030
14477  -40.568  -71.141  8.077 0.3000000119
13449  -39.261  -71.962  8.558 0.2000000030
15534  -36.414  -70.044  6.653 0.1000000015
16656  -34.495  -69.287  6.761 0.1000000015
16657  -35.019  -69.121  6.679 0.1000000015
13470  -40.384  -71.636  8.204 0.3000000119
13468  -38.706  -72.401  8.007 0.3000000119
14501  -37.383  -71.511  7.138 0.2000000030
14500  -36.695  -71.006  6.604 0.1000000015
15532  -34.674  -69.697  6.601 0.1000000015
14472  -33.828  -70.091  6.782 0.1000000015
13489  -35.449  -71.149  5.969 0.1000000015
13490  -36.208  -71.463  6.148 0.1000000015
14497  -33.619  -70.489  6.412 0.1000000015
14498  -34.671  -70.408  6.261 0.1000000015
15521  -40.146  -69.869  7.522 0.2000000030
13518  -35.805  -71.859  5.706 0.1000000015
12521  -35.505  -72.190  5.158 0.1000000015
13466  -32.409  -71.037  7.015 0.1000000015
14522  -34.162  -70.644  5.919 0.1000000015
13517  -34.763  -71.262  5.441 0.1000000015
11547  -36.652  -73.775  5.106 0.3000000119
14521  -33.605  -70.616  5.610 0.1000000015
16646  -40.896  -69.594  8.191 0.3000000119
14426  -40.735  -70.335  8.906 0.2000000030
13450  -39.992  -71.912  8.380 0.3000000119
14473  -34.324  -69.953  6.636 0.1000000015
14424  -39.899  -71.035  9.334 0.2000000030
13451  -40.495  -71.303  8.605 0.3000000119
14471  -32.809  -70.483  7.247 0.1000000015
14496  -32.777  -70.760  6.504 0.1000000015
13539  -34.664  -71.390  4.526 0.1000000015
14537  -33.775  -70.500  4.606 0.1000000015
14538  -34.298  -70.879  4.063 0.2000000030
15555  -33.010  -69.677  4.250 0.1000000015
12540  -35.487  -72.384  4.355 0.2000000030
13540  -35.149  -71.822  3.889 0.2000000030
15556  -33.632  -70.108  4.121 0.2000000030
13554  -34.731  -71.304  3.811 0.1000000015
14554  -34.557  -70.636  3.456 0.2000000030
13555  -35.302  -71.530  3.228 0.1000000015
11546  -36.055  -73.075  4.807 0.2000000030
11584  -35.841  -72.941  3.798 0.1000000015
15573  -33.879  -69.746  3.695 0.1000000015
15574  -34.476  -69.935  3.160 0.1000000015
10526  -36.715  -74.071  4.595 0.2000000030
11561  -35.989  -73.188  4.200 0.2000000030
12560  -35.596  -72.388  3.526 0.1000000015
14555  -35.176  -70.832  2.851 0.1000000015
11585  -36.242  -73.484  3.679 0.1000000015
12572  -35.932  -72.402  2.665 0.1000000015
11563  -37.470  -74.024  4.395 0.2000000030
10549  -36.602  -73.966  3.933 0.2000000030
10565  -36.611  -73.721  3.444 0.2000000030
13565  -35.822  -71.277  2.267 0.1000000015
11604  -36.456  -73.317  2.842 0.1000000015
11586  -37.261  -73.963  3.801 0.2000000030
14573  -35.411  -70.335  2.385 0.1000000015
16586  -41.114  -68.776  9.887 0.2000000030
18901  -44.196  -66.572  12.299 0.2000000030
17761  -42.728  -67.448  12.504 0.1000000015
19935  -43.552  -65.501  18.080 0.1000000015
17725  -45.460  -67.256  14.753 0.1000000015
17745  -45.223  -67.296  14.217 0.1000000015
18886  -45.343  -66.867  14.144 0.1000000015
19936  -44.451  -65.592  18.278 0.2000000030
17675  -45.884  -67.692  16.372 0.1000000015
21044  -43.793  -65.019  18.874 0.2000000030
19946  -44.280  -65.931  17.321 0.1000000015
19963  -45.590  -66.409  16.247 0.1000000015
19984  -45.453  -66.294  15.628 0.1000000015
18852  -45.619  -66.841  15.373 0.1000000015
19961  -44.078  -65.965  16.294 0.1000000015
21031  -43.195  -64.297  19.373 0.2000000030
17762  -43.785  -67.091  12.645 0.1000000015
16528  -45.178  -68.023  15.203 0.1000000015
17699  -45.643  -67.494  15.653 0.1000000015
19962  -45.115  -66.132  16.482 0.1000000015
19947  -45.221  -66.078  17.535 0.1000000015
17802  -41.138  -68.140  10.595 0.1000000015
16585  -40.412  -68.760  10.188 0.1000000015
24330  -40.298  -61.277  20.471 0.1000000015
24331  -41.172  -61.569  20.287 0.1000000015
24332  -41.923  -61.796  20.334 0.1000000015
23238  -42.708  -62.513  20.420 0.1000000015
23235  -40.455  -61.923  20.077 0.1000000015
24352  -41.289  -62.027  19.946 0.1000000015
25411  -40.046  -60.628  21.009 0.1000000015
25398  -40.758  -60.775  21.482 0.1000000015
24318  -41.500  -61.473  21.384 0.1000000015
23224  -42.094  -62.338  21.261 0.1000000015
25412  -40.994  -60.932  20.804 0.1000000015
24319  -42.174  -61.728  20.886 0.1000000015
22142  -43.670  -63.509  20.933 0.1000000015
24329  -39.217  -61.199  20.508 0.1000000015
23223  -41.301  -62.118  21.573 0.1000000015
25397  -39.585  -60.034  21.851 0.1000000015
24307  -40.878  -61.253  21.926 0.1000000015
22140  -41.762  -63.120  21.530 0.1000000015
24328  -38.265  -60.908  20.551 0.1000000015
24327  -37.212  -60.985  20.426 0.1000000015
24306  -40.044  -61.164  22.415 0.1000000015
25410  -38.981  -60.346  21.066 0.1000000015
26572  -41.885  -59.438  16.770 0.1000000015
25409  -37.838  -60.023  21.067 0.1000000015
25425  -36.304  -60.999  20.110 0.1000000015
27674  -39.729  -58.631  17.068 0.1000000015
26554  -41.341  -59.055  17.276 0.1000000015
26573  -43.046  -59.652  16.928 0.1000000015
26590  -42.452  -59.440  16.125 0.1000000015
25380  -40.283  -60.588  22.121 0.1000000015
23212  -40.541  -62.040  21.929 0.1000000015
23263  -43.022  -62.929  20.202 0.1000000015
24351  -38.468  -61.473  20.271 0.1000000015
25413  -41.633  -61.300  20.663 0.1000000015
24333  -42.376  -62.016  20.508 0.1000000015
23226  -43.381  -63.125  20.655 0.1000000015
23225  -42.824  -62.676  20.832 0.1000000015
25396  -38.637  -59.769  21.494 0.1000000015
26591  -43.476  -59.752  16.055 0.1000000015
23430  -40.297  -62.365  4.998 0.1000000015
24529  -41.564  -62.121  4.762 0.1000000015
24525  -40.982  -61.543  4.958 0.1000000015
17778  -38.670  -67.368  11.362 0.1000000015
17800  -39.142  -67.877  10.755 0.1000000015
17757  -39.013  -67.117  12.124 0.1000000015
17756  -38.155  -66.892  11.964 0.1000000015
17777  -37.863  -67.198  11.224 0.1000000015
17779  -39.555  -67.545  11.440 0.1000000015
17737  -38.357  -66.914  12.994 0.1000000015
18884  -37.477  -66.839  13.271 0.1000000015
17738  -39.341  -67.120  12.871 0.1000000015
17717  -37.681  -67.131  14.143 0.1000000015
17718  -39.201  -67.380  13.885 0.1000000015
13329  -38.328  -71.801  19.689 0.1000000015
13315  -37.819  -71.179  20.228 0.1000000015
14323  -34.459  -70.298  18.524 0.1000000015
14322  -33.862  -69.963  18.112 0.1000000015
15378  -34.340  -69.471  18.633 0.1000000015
16470  -33.798  -68.377  18.003 0.1000000015
17801  -40.056  -68.126  10.819 0.1000000015
16469  -33.314  -68.567  17.561 0.1000000015
17631  -34.419  -67.843  18.223 0.1000000015
18868  -37.097  -66.858  13.603 0.1000000015
18867  -36.493  -66.767  13.954 0.1000000015
17668  -32.964  -67.855  16.986 0.1000000015
18826  -33.950  -66.664  16.243 0.1000000015
18827  -34.905  -66.597  15.997 0.1000000015
17716  -36.804  -67.066  14.817 0.1000000015
15475  -38.575  -69.434  9.482 0.1000000015
17667  -31.985  -67.927  16.220 0.1000000015
18849  -34.106  -66.400  15.287 0.1000000015
17694  -36.495  -66.953  15.672 0.1000000015
17695  -37.453  -67.369  15.438 0.1000000015
13314  -36.916  -70.952  20.116 0.1000000015
14307  -36.170  -70.631  19.747 0.1000000015
14306  -35.499  -70.302  19.449 0.1000000015
17758  -39.906  -67.320  12.206 0.1000000015
17780  -40.503  -67.690  11.468 0.1000000015
14305  -34.885  -69.901  19.115 0.1000000015
16452  -34.359  -68.480  18.514 0.1000000015
15363  -34.898  -69.061  19.143 0.1000000015
16584  -39.522  -68.606  10.283 0.1000000015
17670  -34.750  -66.925  16.945 0.1000000015
18828  -35.680  -66.674  15.660 0.1000000015
17696  -38.617  -67.655  15.112 0.1000000015
17671  -35.865  -66.820  16.638 0.1000000015
14294  -38.214  -70.842  20.708 0.1000000015
14293  -37.442  -70.282  20.699 0.1000000015
13304  -38.946  -71.013  21.006 0.1000000015
14283  -39.936  -71.001  21.753 0.1000000015
17759  -40.814  -67.511  12.300 0.1000000015
14292  -36.523  -70.131  20.303 0.1000000015
15348  -36.935  -69.547  20.706 0.1000000015
17739  -40.145  -67.323  13.091 0.1000000015
15347  -36.068  -69.271  20.223 0.1000000015
15364  -35.446  -69.498  19.615 0.1000000015
16453  -34.974  -68.280  19.021 0.1000000015
17632  -35.103  -67.760  18.659 0.1000000015
17651  -34.541  -67.422  17.769 0.1000000015
17652  -35.461  -67.161  17.755 0.1000000015
17672  -37.049  -67.234  16.542 0.1000000015
17653  -36.541  -67.159  17.622 0.1000000015
14282  -39.397  -70.366  21.702 0.1000000015
14281  -38.217  -70.250  21.128 0.1000000015
15335  -38.402  -69.435  21.487 0.1000000015
15320  -39.941  -69.948  22.156 0.1000000015
15321  -40.720  -69.867  22.529 0.1000000015
17719  -40.402  -67.665  13.978 0.1000000015
15333  -37.198  -69.449  20.854 0.1000000015
16422  -36.074  -68.747  20.128 0.1000000015
16401  -37.128  -69.197  20.888 0.1000000015
17673  -38.211  -67.663  16.340 0.1000000015
16439  -35.650  -68.475  19.591 0.1000000015
17654  -37.707  -67.420  17.504 0.1000000015
17614  -35.780  -67.791  19.164 0.1000000015
17633  -36.056  -67.436  18.588 0.1000000015
15336  -39.372  -69.243  21.901 0.1000000015
17697  -39.882  -67.905  14.893 0.1000000015
17674  -39.402  -68.023  15.979 0.1000000015
17634  -37.077  -67.336  18.566 0.1000000015
16440  -36.242  -68.263  19.856 0.1000000015
17615  -36.489  -67.823  19.523 0.1000000015
17720  -41.350  -67.942  14.048 0.1000000015
17655  -39.177  -67.793  17.432 0.1000000015
16402  -37.595  -68.829  21.108 0.1000000015
16423  -36.653  -68.570  20.364 0.1000000015
17616  -37.547  -67.534  19.421 0.1000000015
17635  -38.169  -67.469  18.513 0.1000000015
16501  -41.109  -68.215  15.090 0.1000000015
16524  -41.745  -68.239  14.594 0.1000000015
16471  -40.333  -68.245  16.505 0.1000000015
16404  -39.974  -68.390  21.784 0.1000000015
17636  -39.054  -67.514  18.665 0.1000000015
17598  -37.232  -67.887  20.085 0.1000000015
16502  -41.939  -68.420  15.243 0.1000000015
16484  -41.207  -68.341  15.853 0.1000000015
17656  -40.621  -68.103  17.470 0.1000000015
16472  -41.353  -68.371  16.671 0.1000000015
16384  -40.197  -69.235  22.182 0.1000000015
17617  -38.487  -67.469  19.468 0.1000000015
16424  -37.692  -68.145  20.673 0.1000000015
16503  -42.823  -68.648  15.336 0.1000000015
16403  -38.651  -68.318  21.283 0.1000000015
14273  -40.273  -70.664  22.170 0.1000000015
14256  -42.776  -71.069  23.824 0.1000000015
15303  -42.119  -70.650  23.362 0.1000000015
15322  -41.822  -69.810  22.953 0.1000000015
14274  -41.247  -70.792  22.872 0.1000000015
14324  -35.070  -70.670  18.870 0.1000000015
17649  -33.349  -68.092  17.453 0.1000000015
17669  -33.822  -67.229  17.053 0.1000000015
18825  -33.055  -66.980  16.335 0.1000000015
18850  -35.061  -66.532  15.036 0.1000000015
18851  -36.004  -66.705  14.881 0.1000000015
18882  -35.726  -66.413  13.090 0.1000000015
14291  -35.898  -69.979  19.918 0.1000000015
15349  -37.295  -69.821  20.806 0.1000000015
17698  -40.746  -67.991  14.631 0.1000000015
16483  -40.395  -68.187  15.570 0.1000000015
14255  -41.911  -71.376  23.410 0.1000000015
6669  -27.732  -77.929  -1.102 0.1000000015
6658  -27.614  -77.770  -0.639 0.1000000015
7669  -25.824  -77.404  -3.486 0.1000000015
7670  -26.935  -77.182  -3.435 0.1000000015
8593  -27.723  -76.424  -3.268 0.1000000015
7671  -28.027  -77.142  -3.210 0.1000000015
6683  -27.822  -77.986  -1.968 0.1000000015
8592  -26.531  -76.359  -3.186 0.1000000015
8572  -24.551  -76.373  -2.526 0.1000000015
7637  -29.378  -77.486  -0.635 0.1000000015
7622  -28.996  -77.426  0.269 0.1000000015
7649  -29.625  -77.335  -1.599 0.1000000015
7672  -28.751  -76.902  -3.031 0.1000000015
7658  -28.771  -77.384  -2.475 0.1000000015
7635  -27.422  -77.601  -0.206 0.1000000015
9595  -27.581  -75.804  -3.068 0.1000000015
6682  -26.888  -78.250  -2.469 0.1000000015
6701  -27.198  -77.696  -3.121 0.1000000015
9594  -26.946  -75.724  -2.880 0.1000000015
9577  -26.181  -75.648  -1.740 0.1000000015
8559  -25.623  -75.795  -1.354 0.1000000015
8544  -25.043  -75.913  -0.877 0.1000000015
11542  -29.108  -74.122  5.609 0.1000000015
9478  -29.296  -75.505  4.341 0.1000000015
11543  -29.882  -74.423  6.313 0.1000000015
7623  -29.997  -77.279  0.272 0.1000000015
7606  -29.558  -77.354  1.121 0.1000000015
7586  -29.091  -77.195  1.810 0.1000000015
8501  -29.574  -76.968  2.588 0.1000000015
8485  -29.221  -76.387  3.086 0.1000000015
9492  -29.660  -76.304  3.887 0.1000000015
7638  -30.472  -77.071  -0.771 0.1000000015
8500  -28.514  -76.704  2.268 0.1000000015
7605  -28.616  -77.238  1.040 0.1000000015
8575  -29.382  -76.737  -2.971 0.1000000015
7659  -29.844  -76.970  -2.377 0.1000000015
8574  -26.459  -75.894  -2.745 0.1000000015
10534  -29.490  -75.283  5.076 0.1000000015
11529  -29.477  -73.639  6.499 0.1000000015
8502  -30.426  -77.154  2.801 0.1000000015
8487  -30.884  -77.070  3.541 0.1000000015
8472  -30.381  -76.614  4.224 0.1000000015
7588  -30.773  -77.349  2.225 0.1000000015
7608  -31.182  -77.128  1.585 0.1000000015
8594  -28.795  -76.359  -3.254 0.1000000015
9596  -28.450  -75.770  -3.151 0.1000000015
9580  -28.255  -75.405  -2.840 0.1000000015
9579  -27.610  -75.371  -2.581 0.1000000015
9564  -27.426  -75.138  -1.838 0.1000000015
8560  -30.965  -76.478  -1.512 0.1000000015
10522  -29.247  -74.810  5.118 0.1000000015
9479  -29.789  -75.823  4.791 0.1000000015
8577  -30.780  -76.002  -2.570 0.1000000015
10547  -28.616  -74.658  3.900 0.1000000015
7624  -30.915  -76.972  0.380 0.1000000015
8546  -31.472  -76.365  -0.326 0.1000000015
11558  -28.606  -74.249  4.606 0.1000000015
10611  -31.762  -74.742  -0.205 0.1000000015
12597  -31.001  -73.127  0.911 0.1000000015
9480  -30.690  -76.371  4.912 0.1000000015
7589  -31.314  -77.044  2.578 0.1000000015
8518  -31.597  -76.747  2.006 0.1000000015
8531  -31.888  -76.107  0.662 0.1000000015
9507  -32.037  -75.805  2.387 0.1000000015
9551  -31.874  -75.372  -0.022 0.1000000015
10592  -31.819  -74.804  0.724 0.1000000015
8489  -31.925  -76.292  2.861 0.1000000015
8473  -31.215  -76.726  4.401 0.1000000015
8488  -31.638  -76.608  3.341 0.1000000015
9506  -31.857  -75.153  2.795 0.1000000015
8530  -31.535  -76.621  0.995 0.1000000015
11655  -31.383  -73.976  -0.716 0.1000000015
10579  -31.933  -75.226  1.448 0.1000000015
6657  -27.037  -77.888  -0.675 0.1000000015
7571  -30.973  -77.281  2.904 0.1000000015
7572  -31.228  -77.068  3.127 0.1000000015
7587  -30.010  -77.301  1.997 0.1000000015
7607  -30.456  -77.344  1.272 0.1000000015
7621  -28.008  -77.355  0.335 0.1000000015
7636  -28.271  -77.648  -0.491 0.1000000015
7639  -30.989  -76.763  -0.376 0.1000000015
7648  -28.636  -77.703  -1.398 0.1000000015
7650  -30.336  -76.950  -1.744 0.1000000015
7657  -27.767  -77.752  -2.729 0.1000000015
7660  -30.466  -76.607  -2.262 0.1000000015
8486  -30.039  -76.823  3.403 0.1000000015
8503  -31.586  -76.722  2.628 0.1000000015
8504  -31.808  -76.444  2.498 0.1000000015
8519  -31.886  -76.285  1.633 0.1000000015
8545  -31.025  -76.691  -0.765 0.1000000015
8547  -31.841  -75.798  0.011 0.1000000015
8558  -24.847  -76.147  -1.616 0.1000000015
8573  -25.750  -76.046  -2.361 0.1000000015
8576  -30.165  -76.472  -2.866 0.1000000015
8595  -29.767  -76.119  -3.285 0.1000000015
9464  -30.126  -75.674  5.380 0.1000000015
9494  -31.972  -76.135  3.103 0.1000000015
9520  -32.016  -75.752  1.232 0.1000000015
9534  -31.928  -75.610  0.501 0.1000000015
9550  -31.659  -75.465  -0.694 0.1000000015
9578  -26.714  -75.581  -2.273 0.1000000015
10527  -36.913  -74.176  4.838 0.2000000030
10533  -29.168  -75.116  4.501 0.1000000015
10536  -36.672  -74.062  4.305 0.2000000030
10537  -36.989  -74.230  4.317 0.2000000030
10550  -36.917  -73.982  3.576 0.2000000030
10566  -36.788  -73.691  3.180 0.2000000030
10593  -31.928  -75.347  0.830 0.1000000015
10612  -31.898  -75.195  0.347 0.1000000015
10637  -28.212  -75.209  -2.563 0.1000000015
11525  -39.281  -73.126  7.094 0.3000000119
11536  -39.155  -73.279  6.901 0.3000000119
11562  -36.409  -73.730  4.375 0.2000000030
11603  -35.939  -72.974  3.265 0.1000000015
11619  -37.284  -73.004  1.811 0.2000000030
11632  -31.421  -73.753  0.555 0.1000000015
12481  -39.847  -72.368  7.912 0.4000000060
12506  -39.280  -73.023  6.859 0.4000000060
12620  -37.257  -71.944  -0.204 0.1000000015
13326  -35.743  -71.043  19.178 0.1000000015
13437  -40.159  -71.488  8.884 0.3000000119
13438  -40.392  -71.228  9.029 0.2000000030
13597  -37.856  -71.605  0.350 0.1000000015
13628  -37.199  -71.249  -1.526 0.1000000015
13645  -36.343  -70.937  -2.429 0.1000000015
14272  -39.872  -70.321  22.021 0.1000000015
14280  -37.721  -70.057  20.955 0.1000000015
14448  -40.767  -70.195  8.655 0.5000000000
14523  -38.074  -70.486  5.199 0.4000000060
14553  -34.002  -70.390  3.986 0.2000000030
14591  -39.035  -70.477  1.865 0.1000000015
14610  -36.444  -71.220  -0.494 0.1000000015
14629  -35.736  -70.775  -1.914 0.1000000015
14642  -35.838  -70.609  -2.750 0.1000000015
14644  -37.294  -70.742  -2.126 0.1000000015
14652  -29.225  -70.366  -4.737 0.1000000015
14654  -36.005  -70.306  -3.149 0.2000000030
14662  -29.323  -70.354  -4.966 0.1000000015
15334  -37.531  -69.648  20.990 0.1000000015
15479  -40.966  -69.847  8.801 0.5000000000
15499  -40.738  -70.164  8.260 0.3000000119
15517  -34.146  -69.566  6.819 0.1000000015
15523  -40.750  -69.936  8.136 0.3000000119
15639  -38.174  -69.630  -1.553 0.2000000030
15647  -27.853  -69.504  -3.208 0.1000000015
15651  -35.379  -70.031  -2.932 0.1000000015
15653  -37.631  -69.872  -2.189 0.2000000030
15663  -30.654  -69.403  -4.421 0.1000000015
15664  -31.046  -69.178  -4.440 0.1000000015
15674  -29.626  -70.122  -4.948 0.1000000015
15683  -29.584  -69.953  -5.145 0.1000000015
16425  -38.251  -67.849  20.714 0.1000000015
16438  -34.955  -68.569  19.091 0.1000000015
16451  -33.791  -68.620  18.087 0.1000000015
16468  -32.868  -68.693  17.102 0.1000000015
16500  -40.523  -68.097  15.060 0.1000000015
16523  -41.235  -68.107  14.605 0.1000000015
16745  -39.426  -68.337  -0.311 0.2000000030
16780  -38.586  -68.785  -1.674 0.2000000030
16795  -36.947  -68.792  -2.802 0.1000000015
16806  -29.864  -69.766  -3.814 0.1000000015
16824  -31.883  -68.544  -4.121 0.1000000015
17650  -33.784  -67.926  17.752 0.1000000015
17724  -44.942  -67.724  14.459 0.1000000015
17993  -36.716  -67.172  -1.545 0.1000000015
18022  -37.912  -68.661  -2.312 0.1000000015
18043  -30.508  -67.881  -4.633 0.1000000015
18829  -45.664  -66.388  16.595 0.1000000015
18870  -45.368  -66.336  14.626 0.2000000030
18918  -44.381  -66.213  11.978 0.2000000030
18970  -42.290  -66.736  9.095 0.4000000060
19062  -38.063  -65.936  0.978 0.1000000015
19076  -40.489  -66.339  0.665 0.1000000015
19115  -30.850  -67.147  -4.111 0.1000000015
19124  -31.875  -67.915  -4.393 0.1000000015
19125  -32.145  -67.797  -4.297 0.1000000015
20056  -44.256  -65.758  11.025 0.3000000119
20174  -36.698  -65.172  1.865 0.1000000015
20195  -35.605  -65.093  0.590 0.1000000015
20231  -40.043  -65.468  -0.071 0.1000000015
21045  -44.560  -65.117  19.006 0.2000000030
21145  -44.176  -65.095  10.985 0.3000000119
21197  -37.319  -65.065  8.030 0.6000000238
21313  -35.973  -64.985  1.493 0.1000000015
21355  -34.817  -64.325  -1.065 0.1000000015
22179  -36.568  -62.721  18.488 0.3000000119
22342  -37.312  -63.378  6.149 0.4000000060
22367  -36.902  -63.144  3.159 0.1000000015
22381  -39.149  -63.462  1.786 0.1000000015
23236  -40.944  -61.960  19.974 0.1000000015
23237  -42.321  -62.258  20.217 0.1000000015
23239  -43.209  -63.006  20.416 0.1000000015
23273  -37.052  -62.741  19.137 0.2000000030
23447  -34.745  -61.907  2.441 0.1000000015
23475  -33.792  -62.884  -1.799 0.1000000015
24320  -42.523  -62.196  20.679 0.1000000015
24353  -41.584  -61.899  20.085 0.1000000015
24368  -35.473  -61.176  18.576 0.1000000015
24396  -37.641  -61.581  14.899 0.3000000119
24574  -33.632  -62.220  -0.995 0.1000000015
25399  -41.527  -61.082  21.081 0.1000000015
25572  -36.750  -61.484  9.299 0.3000000119
25625  -39.583  -60.173  6.116 0.2000000030
25674  -36.226  -60.523  3.683 0.1000000015
25697  -39.502  -60.859  1.012 0.1000000015
27771  -46.315  -59.259  13.001 0.1000000015
27834  -38.721  -58.296  7.990 0.3000000119
27835  -45.891  -58.656  9.111 0.1000000015
27903  -37.154  -58.414  2.506 0.1000000015
27926  -38.550  -58.407  0.306 0.1000000015
28832  -41.073  -57.695  14.308 0.1000000015
28850  -39.937  -57.985  13.423 0.2000000030
28994  -42.617  -58.142  4.804 0.1000000015
29049  -38.203  -57.501  0.375 0.1000000015
29050  -41.443  -57.707  -0.262 0.1000000015
29056  -39.126  -57.567  -0.303 0.1000000015
29994  -43.202  -57.038  12.415 0.1000000015
30028  -40.571  -56.568  10.412 0.2000000030
30209  -38.951  -57.315  -0.223 0.1000000015
31292  -42.376  -55.156  4.103 0.1000000015
31307  -40.778  -56.365  2.948 0.1000000015
31320  -42.900  -55.138  2.511 0.1000000015
31330  -42.787  -55.213  1.957 0.1000000015
31346  -41.433  -55.735  -0.069 0.1000000015
32464  -42.705  -54.876  0.908 0.1000000015
