#!ascii label  , from subject sub-01 vox2ras=TkReg
415
76461  -31.485  -14.047  0.696 0.0000000000
79391  -29.745  -10.683  0.717 0.0000000000
92318  -28.337  2.231  -0.627 0.0000000000
88360  -31.659  -1.665  2.007 0.0000000000
82310  -34.975  -7.587  2.546 0.0000000000
77471  -37.419  -12.515  -1.131 0.0000000000
93262  -27.283  3.798  -1.734 0.0000000000
85364  -33.299  -4.363  2.683 0.0000000000
83350  -30.050  -6.267  1.143 0.0000000000
78422  -30.567  -12.995  0.452 0.0000000000
79394  -32.613  -11.160  0.159 0.0000000000
76493  -33.942  -14.032  -1.181 0.0000000000
72217  -26.764  -17.752  3.192 0.0000000000
76457  -27.924  -14.075  1.317 0.0000000000
96831  -27.163  7.487  -6.185 0.0000000000
95920  -27.692  6.465  -6.071 0.0000000000
95018  -29.714  5.753  -3.679 0.0000000000
94141  -31.369  4.508  -2.676 0.0000000000
92336  -32.822  2.508  -2.028 0.0000000000
91290  -29.319  0.896  0.330 0.0000000000
89348  -34.053  -0.324  -0.672 0.0000000000
87410  -35.132  -2.585  0.261 0.0000000000
84423  -37.403  -5.457  0.242 0.0000000000
83355  -38.526  -7.312  0.532 0.0000000000
81334  -31.241  -8.436  1.202 0.0000000000
79372  -35.985  -10.323  1.189 0.0000000000
85377  -29.611  -4.922  0.980 0.0000000000
83365  -27.763  -6.411  0.247 0.0000000000
77441  -30.843  -13.683  0.352 0.0000000000
77458  -31.816  -13.247  -0.412 0.0000000000
76478  -32.586  -13.725  -0.207 0.0000000000
67944  -26.476  -21.533  5.286 0.0000000000
69011  -26.931  -20.765  5.495 0.0000000000
70071  -26.722  -19.320  4.637 0.0000000000
77437  -27.332  -12.949  1.199 0.0000000000
76456  -26.852  -13.803  1.403 0.0000000000
95894  -28.180  5.848  -4.666 0.0000000000
93247  -27.842  3.055  -1.158 0.0000000000
94119  -28.787  4.478  -1.754 0.0000000000
94100  -30.133  3.965  -1.021 0.0000000000
94123  -32.207  3.710  -1.974 0.0000000000
93250  -31.248  3.358  -0.524 0.0000000000
90283  -30.490  -0.308  1.348 0.0000000000
90300  -32.619  0.849  0.889 0.0000000000
89321  -33.118  -0.339  1.333 0.0000000000
89334  -34.361  -1.067  0.281 0.0000000000
88362  -33.956  -1.540  1.388 0.0000000000
84395  -34.509  -5.449  2.749 0.0000000000
85366  -35.302  -4.528  2.246 0.0000000000
84397  -36.281  -5.709  2.023 0.0000000000
84411  -37.676  -6.289  0.793 0.0000000000
82328  -37.151  -7.181  1.784 0.0000000000
80400  -28.195  -9.313  0.474 0.0000000000
82346  -30.012  -8.005  0.633 0.0000000000
80402  -30.275  -9.706  0.694 0.0000000000
78444  -35.150  -11.468  -0.524 0.0000000000
79396  -34.557  -10.958  0.030 0.0000000000
79398  -36.590  -10.852  0.521 0.0000000000
79374  -38.039  -9.978  1.096 0.0000000000
78447  -38.336  -11.320  0.035 0.0000000000
72218  -27.439  -17.272  3.384 0.0000000000
73330  -27.014  -16.536  2.197 0.0000000000
73311  -28.080  -16.664  2.982 0.0000000000
74383  -28.994  -16.012  1.941 0.0000000000
87392  -30.013  -2.729  1.395 0.0000000000
87376  -32.676  -2.696  2.422 0.0000000000
86383  -30.370  -3.584  1.767 0.0000000000
84409  -31.300  -5.390  2.164 0.0000000000
82307  -32.174  -6.534  2.263 0.0000000000
78439  -30.269  -11.935  0.741 0.0000000000
79393  -31.649  -11.356  0.369 0.0000000000
78441  -32.120  -12.301  -0.356 0.0000000000
78455  -33.636  -12.756  -1.193 0.0000000000
77481  -35.356  -13.202  -1.650 0.0000000000
71127  -27.065  -17.989  3.872 0.0000000000
78437  -28.251  -11.255  0.711 0.0000000000
78420  -28.799  -12.392  0.823 0.0000000000
77439  -29.316  -13.503  0.809 0.0000000000
76459  -29.773  -14.455  0.732 0.0000000000
97682  -28.587  8.646  -6.546 0.0000000000
96805  -26.039  7.121  -4.064 0.0000000000
96841  -26.746  6.831  -6.546 0.0000000000
95922  -29.631  6.287  -6.421 0.0000000000
95040  -30.417  5.848  -5.833 0.0000000000
94162  -30.787  5.259  -5.513 0.0000000000
94138  -28.455  4.895  -2.363 0.0000000000
95019  -30.721  5.256  -3.532 0.0000000000
93301  -31.279  3.376  -4.728 0.0000000000
93289  -31.732  3.349  -3.602 0.0000000000
92344  -32.384  2.146  -3.106 0.0000000000
91326  -33.053  1.012  -2.381 0.0000000000
91309  -29.412  1.496  0.207 0.0000000000
92302  -31.915  2.095  0.315 0.0000000000
91311  -33.472  1.091  -0.556 0.0000000000
89359  -33.741  -0.465  -1.651 0.0000000000
88403  -34.447  -1.686  -1.668 0.0000000000
86426  -35.663  -3.665  -1.742 0.0000000000
86384  -34.488  -3.244  1.963 0.0000000000
86401  -36.088  -4.004  0.340 0.0000000000
82345  -29.380  -7.503  0.649 0.0000000000
82326  -31.693  -7.331  1.799 0.0000000000
81315  -33.150  -8.184  2.086 0.0000000000
80379  -32.660  -9.914  1.027 0.0000000000
80381  -34.396  -9.611  1.546 0.0000000000
81317  -35.322  -8.463  2.342 0.0000000000
81340  -37.984  -8.488  1.401 0.0000000000
81359  -39.471  -8.588  0.279 0.0000000000
75450  -27.423  -14.925  1.403 0.0000000000
75452  -29.439  -15.351  1.120 0.0000000000
76439  -30.730  -14.323  2.083 0.0000000000
76476  -31.181  -13.964  0.290 0.0000000000
76477  -31.730  -13.758  0.101 0.0000000000
76462  -32.229  -13.955  0.627 0.0000000000
76441  -31.872  -13.889  1.168 0.0000000000
67945  -27.114  -21.457  5.783 0.0000000000
68989  -27.727  -20.655  5.995 0.0000000000
93248  -29.140  3.400  -0.987 0.0000000000
93249  -30.266  3.354  -0.498 0.0000000000
89318  -30.281  -1.134  1.444 0.0000000000
90282  -29.889  -0.735  1.163 0.0000000000
89319  -31.062  -0.874  1.745 0.0000000000
90284  -31.417  0.028  1.475 0.0000000000
89320  -32.078  -0.608  1.727 0.0000000000
88361  -32.787  -1.290  1.941 0.0000000000
83339  -34.717  -6.525  2.723 0.0000000000
84396  -35.443  -5.632  2.491 0.0000000000
83340  -35.728  -6.623  2.485 0.0000000000
83341  -36.690  -6.730  1.949 0.0000000000
82311  -36.001  -7.601  2.420 0.0000000000
80401  -29.208  -9.512  0.557 0.0000000000
78458  -35.784  -12.009  -0.890 0.0000000000
78445  -36.159  -11.376  -0.299 0.0000000000
78459  -36.801  -11.918  -0.763 0.0000000000
78460  -37.866  -11.990  -0.576 0.0000000000
78461  -38.946  -11.955  -0.458 0.0000000000
77472  -38.491  -12.820  -0.969 0.0000000000
87408  -29.558  -3.233  1.185 0.0000000000
86382  -29.797  -3.692  1.322 0.0000000000
84407  -29.943  -5.368  1.129 0.0000000000
84408  -30.506  -5.401  1.569 0.0000000000
83336  -32.098  -5.727  2.368 0.0000000000
83352  -31.635  -6.269  2.036 0.0000000000
78440  -31.201  -12.507  0.178 0.0000000000
76492  -33.241  -13.606  -0.669 0.0000000000
77459  -32.652  -13.092  -0.703 0.0000000000
77466  -33.431  -13.168  -1.015 0.0000000000
77468  -34.708  -12.740  -1.580 0.0000000000
76504  -34.489  -13.732  -1.462 0.0000000000
75481  -35.852  -14.273  -1.279 0.0000000000
75470  -34.810  -14.560  -0.989 0.0000000000
66863  -26.083  -22.540  5.095 0.0000000000
71107  -27.139  -18.728  4.543 0.0000000000
72198  -27.702  -17.663  4.364 0.0000000000
77438  -28.377  -13.227  1.100 0.0000000000
76458  -28.896  -14.339  1.000 0.0000000000
96818  -27.384  7.663  -4.770 0.0000000000
96819  -28.192  8.135  -5.092 0.0000000000
96832  -28.114  7.871  -5.881 0.0000000000
95906  -26.755  6.354  -5.217 0.0000000000
95918  -26.541  6.749  -5.771 0.0000000000
95931  -27.057  6.687  -6.510 0.0000000000
95932  -27.866  6.880  -6.653 0.0000000000
95933  -28.848  6.714  -7.066 0.0000000000
95921  -28.658  6.516  -6.205 0.0000000000
95895  -29.175  5.995  -4.604 0.0000000000
95909  -29.495  6.188  -5.518 0.0000000000
95031  -30.415  5.678  -4.722 0.0000000000
94118  -28.072  4.313  -1.965 0.0000000000
94140  -30.320  4.874  -2.185 0.0000000000
94139  -29.379  4.987  -2.195 0.0000000000
95001  -30.642  5.073  -2.757 0.0000000000
94152  -31.301  4.411  -4.011 0.0000000000
93266  -32.346  3.304  -1.452 0.0000000000
93279  -32.343  3.257  -2.623 0.0000000000
91325  -32.379  1.110  -3.134 0.0000000000
92337  -33.196  1.778  -1.689 0.0000000000
90297  -29.656  0.062  0.798 0.0000000000
90296  -28.738  0.180  0.172 0.0000000000
92300  -30.308  2.216  0.302 0.0000000000
91291  -30.124  1.460  0.583 0.0000000000
90301  -33.279  0.459  0.564 0.0000000000
91294  -33.036  1.425  0.181 0.0000000000
90317  -33.703  0.356  -0.206 0.0000000000
90328  -33.724  0.357  -1.123 0.0000000000
89368  -33.911  -1.162  -1.997 0.0000000000
89360  -34.264  -0.990  -1.193 0.0000000000
88378  -34.660  -1.714  0.286 0.0000000000
88393  -34.917  -2.091  -0.604 0.0000000000
87422  -35.181  -2.535  -0.451 0.0000000000
86415  -35.575  -3.269  -0.445 0.0000000000
86369  -32.988  -3.496  2.566 0.0000000000
87377  -33.543  -2.700  2.229 0.0000000000
86370  -33.924  -3.545  2.375 0.0000000000
85381  -36.234  -4.669  1.396 0.0000000000
85380  -35.623  -4.138  1.626 0.0000000000
85396  -36.953  -4.885  0.017 0.0000000000
86416  -36.284  -4.201  -0.831 0.0000000000
83354  -38.143  -6.831  0.751 0.0000000000
82361  -39.891  -7.754  -0.805 0.0000000000
82344  -28.213  -7.442  0.408 0.0000000000
81335  -32.318  -8.520  1.589 0.0000000000
82327  -32.300  -7.785  2.003 0.0000000000
80404  -31.960  -10.488  0.725 0.0000000000
79371  -34.960  -10.341  0.913 0.0000000000
80382  -35.365  -9.780  1.781 0.0000000000
80363  -34.873  -9.190  2.079 0.0000000000
80383  -36.510  -9.395  1.954 0.0000000000
81338  -36.754  -8.705  2.180 0.0000000000
80384  -37.546  -9.334  1.546 0.0000000000
79400  -38.893  -10.326  0.467 0.0000000000
80405  -38.962  -9.310  0.679 0.0000000000
80406  -39.772  -9.539  0.186 0.0000000000
75435  -29.629  -15.317  2.227 0.0000000000
74398  -28.750  -15.759  1.307 0.0000000000
75436  -30.156  -14.888  1.619 0.0000000000
75419  -30.283  -14.669  2.848 0.0000000000
85394  -29.017  -4.677  0.743 0.0000000000
84421  -28.464  -5.588  0.490 0.0000000000
78423  -30.979  -13.228  0.165 0.0000000000
77457  -31.302  -13.470  0.051 0.0000000000
76479  -33.667  -14.211  -0.245 0.0000000000
75459  -34.258  -14.429  -0.282 0.0000000000
76463  -33.135  -13.917  0.598 0.0000000000
66864  -26.899  -22.491  5.821 0.0000000000
70058  -27.023  -19.738  5.233 0.0000000000
70038  -27.758  -19.827  5.721 0.0000000000
77436  -26.261  -12.690  1.275 0.0000000000
95907  -27.500  6.137  -5.277 0.0000000000
95908  -28.452  6.170  -5.413 0.0000000000
95893  -27.594  5.823  -4.694 0.0000000000
95016  -27.633  5.540  -4.077 0.0000000000
95017  -28.641  5.708  -3.821 0.0000000000
93263  -28.353  3.840  -1.522 0.0000000000
94120  -29.633  4.361  -1.532 0.0000000000
94121  -30.719  4.435  -1.537 0.0000000000
94142  -31.983  3.921  -2.328 0.0000000000
94101  -30.939  3.929  -0.898 0.0000000000
93265  -31.763  3.541  -1.000 0.0000000000
93251  -31.997  3.127  -0.660 0.0000000000
90298  -30.767  0.648  1.120 0.0000000000
90286  -32.878  0.353  1.098 0.0000000000
89333  -33.944  -0.533  0.410 0.0000000000
89349  -34.422  -0.967  -0.267 0.0000000000
88377  -34.268  -1.183  0.620 0.0000000000
88363  -34.525  -2.004  1.028 0.0000000000
84394  -33.529  -5.300  2.774 0.0000000000
85365  -34.227  -4.475  2.597 0.0000000000
85367  -35.888  -5.087  2.137 0.0000000000
84410  -37.098  -5.775  0.987 0.0000000000
83353  -37.424  -6.707  1.355 0.0000000000
82330  -38.351  -7.725  0.977 0.0000000000
81356  -28.711  -8.443  0.450 0.0000000000
81357  -29.667  -8.615  0.570 0.0000000000
80378  -31.709  -9.489  1.033 0.0000000000
78443  -34.188  -11.653  -0.752 0.0000000000
79395  -33.616  -11.135  -0.088 0.0000000000
79397  -35.545  -10.861  0.266 0.0000000000
79373  -37.070  -10.210  1.291 0.0000000000
79399  -37.689  -10.733  0.614 0.0000000000
79401  -40.192  -10.516  -0.215 0.0000000000
78449  -40.032  -11.195  -0.241 0.0000000000
72240  -27.071  -17.202  2.742 0.0000000000
73310  -27.497  -16.867  2.671 0.0000000000
73331  -27.785  -16.556  2.194 0.0000000000
74397  -27.980  -16.062  1.529 0.0000000000
74382  -28.356  -16.380  2.244 0.0000000000
74363  -29.201  -15.649  2.907 0.0000000000
87391  -29.656  -2.292  1.159 0.0000000000
88359  -30.646  -1.806  1.640 0.0000000000
88342  -32.434  -2.017  2.258 0.0000000000
87393  -30.875  -2.629  1.944 0.0000000000
86367  -31.040  -3.485  2.277 0.0000000000
85363  -32.397  -4.299  2.732 0.0000000000
85378  -30.091  -4.535  1.381 0.0000000000
85379  -30.723  -4.468  2.021 0.0000000000
84393  -32.672  -5.130  2.684 0.0000000000
83338  -33.676  -6.360  2.810 0.0000000000
82309  -33.892  -7.463  2.535 0.0000000000
79392  -30.746  -11.091  0.654 0.0000000000
78442  -33.219  -12.230  -0.759 0.0000000000
78456  -34.027  -12.377  -1.327 0.0000000000
77469  -35.526  -12.547  -1.445 0.0000000000
77470  -36.450  -12.455  -1.307 0.0000000000
77484  -37.854  -12.995  -1.462 0.0000000000
76507  -36.861  -13.585  -1.657 0.0000000000
75460  -34.751  -14.523  -0.329 0.0000000000
65804  -25.699  -23.243  4.951 0.0000000000
72216  -25.984  -17.928  3.012 0.0000000000
71106  -26.587  -19.097  4.353 0.0000000000
79390  -28.719  -10.391  0.643 0.0000000000
78438  -29.261  -11.549  0.749 0.0000000000
78421  -29.772  -12.696  0.805 0.0000000000
78419  -27.803  -12.091  0.987 0.0000000000
77440  -30.176  -13.678  0.619 0.0000000000
76460  -30.679  -14.377  0.860 0.0000000000
96817  -26.547  7.152  -5.422 0.0000000000
96842  -27.131  7.085  -6.743 0.0000000000
96843  -28.163  7.538  -7.145 0.0000000000
95047  -30.442  5.948  -6.626 0.0000000000
95041  -30.848  5.520  -6.235 0.0000000000
94171  -31.149  4.745  -6.054 0.0000000000
94163  -30.999  4.564  -5.026 0.0000000000
94998  -28.062  5.212  -3.156 0.0000000000
94999  -29.041  5.463  -2.927 0.0000000000
95032  -30.920  5.036  -4.326 0.0000000000
93309  -31.176  3.484  -5.637 0.0000000000
91345  -30.959  1.481  -4.979 0.0000000000
93290  -32.115  2.763  -3.340 0.0000000000
92358  -31.640  2.206  -3.718 0.0000000000
91307  -27.562  1.275  -0.394 0.0000000000
92319  -29.572  2.324  -0.052 0.0000000000
92321  -31.604  2.697  -0.102 0.0000000000
92322  -32.711  2.323  -0.595 0.0000000000
91293  -32.218  1.490  0.652 0.0000000000
92303  -32.495  1.875  0.177 0.0000000000
92323  -33.291  1.633  -0.945 0.0000000000
91320  -33.470  1.051  -1.490 0.0000000000
90335  -33.306  0.206  -2.089 0.0000000000
88392  -34.628  -1.552  -0.780 0.0000000000
87433  -34.710  -2.174  -1.587 0.0000000000
86433  -35.518  -3.597  -2.526 0.0000000000
88343  -33.240  -1.991  2.174 0.0000000000
87394  -34.005  -2.327  1.855 0.0000000000
87396  -35.024  -2.852  0.980 0.0000000000
86371  -34.664  -3.814  2.243 0.0000000000
86385  -35.158  -3.502  1.600 0.0000000000
86400  -35.472  -3.336  0.663 0.0000000000
84424  -38.001  -5.931  0.033 0.0000000000
83366  -28.759  -6.550  0.560 0.0000000000
83367  -29.472  -6.602  0.788 0.0000000000
82325  -30.445  -7.423  1.072 0.0000000000
82308  -32.732  -7.248  2.395 0.0000000000
80403  -31.208  -10.250  0.749 0.0000000000
79369  -33.285  -10.492  0.555 0.0000000000
80380  -33.577  -9.793  1.138 0.0000000000
81336  -33.284  -9.073  1.584 0.0000000000
81316  -34.220  -8.699  2.085 0.0000000000
81319  -36.897  -8.295  2.215 0.0000000000
82313  -37.197  -8.033  2.065 0.0000000000
80385  -38.294  -9.219  1.105 0.0000000000
81358  -38.679  -8.500  0.839 0.0000000000
82348  -39.530  -7.953  -0.107 0.0000000000
75451  -28.427  -15.133  1.218 0.0000000000
75453  -30.072  -14.917  0.946 0.0000000000
76440  -31.360  -13.915  1.653 0.0000000000
75461  -35.507  -14.598  -0.468 0.0000000000
75469  -34.257  -14.409  -0.645 0.0000000000
75480  -35.210  -14.321  -1.228 0.0000000000
76494  -34.702  -14.137  -1.329 0.0000000000
76505  -35.160  -13.846  -1.465 0.0000000000
76506  -36.013  -13.707  -1.498 0.0000000000
77442  -32.221  -13.782  1.223 0.0000000000
77467  -34.072  -13.176  -1.438 0.0000000000
77480  -34.717  -13.345  -1.583 0.0000000000
77482  -36.194  -13.046  -1.709 0.0000000000
77483  -37.089  -12.887  -1.732 0.0000000000
78446  -37.223  -11.374  -0.082 0.0000000000
78448  -39.406  -11.206  -0.099 0.0000000000
78457  -34.859  -12.115  -1.124 0.0000000000
79370  -34.048  -10.382  0.649 0.0000000000
79375  -38.527  -9.706  0.837 0.0000000000
80362  -34.472  -9.182  1.929 0.0000000000
80364  -35.661  -9.107  2.202 0.0000000000
80377  -30.964  -9.284  0.884 0.0000000000
80407  -40.501  -9.573  -0.497 0.0000000000
81314  -32.605  -7.951  2.048 0.0000000000
81318  -36.291  -8.480  2.300 0.0000000000
81333  -30.440  -8.568  0.789 0.0000000000
81337  -33.861  -9.284  1.570 0.0000000000
81339  -37.253  -8.567  1.938 0.0000000000
81360  -40.151  -8.906  -0.183 0.0000000000
82312  -36.869  -7.687  2.152 0.0000000000
82324  -29.818  -6.957  0.934 0.0000000000
82329  -37.584  -7.630  1.610 0.0000000000
82347  -38.949  -7.763  0.365 0.0000000000
82360  -39.253  -7.495  -0.256 0.0000000000
83337  -32.788  -6.060  2.626 0.0000000000
83351  -30.928  -6.352  1.632 0.0000000000
83368  -38.319  -6.531  0.164 0.0000000000
83369  -38.675  -6.988  -0.020 0.0000000000
84392  -31.958  -5.007  2.612 0.0000000000
84422  -29.349  -5.713  0.776 0.0000000000
85362  -31.499  -4.357  2.534 0.0000000000
85395  -29.559  -4.318  1.082 0.0000000000
86368  -32.024  -3.465  2.607 0.0000000000
86386  -35.731  -3.914  1.147 0.0000000000
86399  -29.276  -3.745  1.008 0.0000000000
87375  -31.755  -2.628  2.333 0.0000000000
87378  -34.115  -2.859  2.007 0.0000000000
87395  -34.511  -2.573  1.468 0.0000000000
87409  -34.768  -2.340  0.813 0.0000000000
88344  -33.721  -2.109  1.960 0.0000000000
88358  -29.985  -1.849  1.272 0.0000000000
88379  -35.008  -2.207  -0.121 0.0000000000
88404  -34.766  -2.023  -1.203 0.0000000000
89317  -29.789  -1.317  1.156 0.0000000000
90285  -32.339  0.240  1.362 0.0000000000
90299  -31.785  0.860  1.155 0.0000000000
90334  -32.614  0.178  -3.007 0.0000000000
91292  -31.293  1.485  0.747 0.0000000000
91295  -33.422  0.870  0.024 0.0000000000
91310  -33.159  1.646  -0.462 0.0000000000
91335  -31.727  1.330  -3.734 0.0000000000
92301  -30.976  2.148  0.358 0.0000000000
92320  -30.650  2.750  0.008 0.0000000000
92345  -32.862  1.731  -2.522 0.0000000000
93264  -28.960  4.069  -1.380 0.0000000000
93278  -31.956  3.834  -2.839 0.0000000000
94102  -31.414  3.724  -0.971 0.0000000000
94122  -31.658  3.976  -1.556 0.0000000000
94170  -30.851  5.375  -5.905 0.0000000000
95000  -30.022  5.411  -2.788 0.0000000000
95919  -26.925  6.460  -5.975 0.0000000000
95930  -26.680  6.747  -6.317 0.0000000000
96830  -26.562  7.033  -6.339 0.0000000000
