#!ascii label  , from subject sub-01 vox2ras=TkReg
1048
65804  -25.699  -23.243  4.951 0.4285714328
67944  -26.476  -21.533  5.286 0.2857142985
66863  -26.083  -22.540  5.095 0.4285714328
68989  -27.727  -20.655  5.995 0.4285714328
69010  -26.390  -20.492  5.013 0.2857142985
69011  -26.931  -20.765  5.495 0.4285714328
70038  -27.758  -19.827  5.721 0.4285714328
71106  -26.587  -19.097  4.353 0.4285714328
71107  -27.139  -18.728  4.543 0.4285714328
71127  -27.065  -17.989  3.872 0.4285714328
72218  -27.439  -17.272  3.384 0.4285714328
73330  -27.014  -16.536  2.197 0.5714285970
72240  -27.071  -17.202  2.742 0.5714285970
73311  -28.080  -16.664  2.982 0.4285714328
74362  -28.709  -16.160  2.864 0.2857142985
73331  -27.785  -16.556  2.194 0.7142857313
74382  -28.356  -16.380  2.244 0.7142857313
75435  -29.629  -15.317  2.227 0.7142857313
75419  -30.283  -14.669  2.848 0.4285714328
74383  -28.994  -16.012  1.941 0.7142857313
76440  -31.360  -13.915  1.653 0.5714285970
75452  -29.439  -15.351  1.120 0.5714285970
75453  -30.072  -14.917  0.946 0.5714285970
76460  -30.679  -14.377  0.860 0.5714285970
76461  -31.485  -14.047  0.696 0.5714285970
76441  -31.872  -13.889  1.168 0.4285714328
76477  -31.730  -13.758  0.101 0.5714285970
76479  -33.667  -14.211  -0.245 0.5714285970
77440  -30.176  -13.678  0.619 0.7142857313
76478  -32.586  -13.725  -0.207 0.7142857313
76492  -33.241  -13.606  -0.669 0.7142857313
76493  -33.942  -14.032  -1.181 0.5714285970
77441  -30.843  -13.683  0.352 0.5714285970
77438  -28.377  -13.227  1.100 0.5714285970
77458  -31.816  -13.247  -0.412 0.8571428657
77466  -33.431  -13.168  -1.015 0.7142857313
76504  -34.489  -13.732  -1.462 0.5714285970
78422  -30.567  -12.995  0.452 0.7142857313
78421  -29.772  -12.696  0.805 0.5714285970
78456  -34.027  -12.377  -1.327 0.7142857313
77481  -35.356  -13.202  -1.650 0.5714285970
78441  -32.120  -12.301  -0.356 0.7142857313
78455  -33.636  -12.756  -1.193 0.7142857313
78444  -35.150  -11.468  -0.524 0.5714285970
78458  -35.784  -12.009  -0.890 0.5714285970
78442  -33.219  -12.230  -0.759 0.7142857313
78443  -34.188  -11.653  -0.752 0.7142857313
79397  -35.545  -10.861  0.266 0.7142857313
78445  -36.159  -11.376  -0.299 0.7142857313
79394  -32.613  -11.160  0.159 0.7142857313
79395  -33.616  -11.135  -0.088 0.7142857313
79396  -34.557  -10.958  0.030 0.7142857313
79372  -35.985  -10.323  1.189 0.7142857313
79398  -36.590  -10.852  0.521 0.5714285970
79369  -33.285  -10.492  0.555 0.7142857313
79393  -31.649  -11.356  0.369 0.5714285970
80384  -37.546  -9.334  1.546 0.5714285970
81340  -37.984  -8.488  1.401 0.5714285970
80380  -33.577  -9.793  1.138 0.8571428657
80379  -32.660  -9.914  1.027 0.8571428657
81338  -36.754  -8.705  2.180 0.7142857313
81317  -35.322  -8.463  2.342 0.7142857313
80381  -34.396  -9.611  1.546 0.8571428657
80363  -34.873  -9.190  2.079 0.7142857313
83340  -35.728  -6.623  2.485 0.8571428657
82328  -37.151  -7.181  1.784 0.5714285970
82310  -34.975  -7.587  2.546 0.8571428657
82309  -33.892  -7.463  2.535 0.8571428657
81316  -34.220  -8.699  2.085 0.8571428657
84395  -34.509  -5.449  2.749 0.8571428657
85366  -35.302  -4.528  2.246 0.8571428657
86384  -34.488  -3.244  1.963 0.8571428657
85365  -34.227  -4.475  2.597 0.8571428657
86369  -32.988  -3.496  2.566 1.0000000000
86370  -33.924  -3.545  2.375 1.0000000000
87377  -33.543  -2.700  2.229 1.0000000000
85364  -33.299  -4.363  2.683 1.0000000000
88361  -32.787  -1.290  1.941 1.0000000000
90283  -30.490  -0.308  1.348 0.7142857313
88343  -33.240  -1.991  2.174 1.0000000000
88342  -32.434  -2.017  2.258 1.0000000000
89320  -32.078  -0.608  1.727 1.0000000000
92321  -31.604  2.697  -0.102 1.0000000000
92319  -29.572  2.324  -0.052 0.8571428657
94100  -30.133  3.965  -1.021 0.8571428657
93249  -30.266  3.354  -0.498 1.0000000000
95018  -29.714  5.753  -3.679 0.8571428657
94139  -29.379  4.987  -2.195 0.8571428657
94140  -30.320  4.874  -2.185 1.0000000000
95909  -29.495  6.188  -5.518 0.8571428657
95031  -30.415  5.678  -4.722 0.8571428657
95893  -27.594  5.823  -4.694 0.5714285970
95932  -27.866  6.880  -6.653 0.7142857313
95933  -28.848  6.714  -7.066 0.5714285970
96817  -26.547  7.152  -5.422 0.5714285970
95906  -26.755  6.354  -5.217 0.5714285970
96832  -28.114  7.871  -5.881 0.4285714328
97658  -27.658  8.131  -3.619 0.2857142985
97648  -27.445  8.114  -2.659 0.2857142985
96806  -26.816  7.659  -3.393 0.2857142985
97641  -27.320  7.894  -1.870 0.2857142985
67965  -26.074  -21.173  4.811 0.2857142985
76476  -31.181  -13.964  0.290 0.5714285970
77468  -34.708  -12.740  -1.580 0.5714285970
82313  -37.197  -8.033  2.065 0.5714285970
80382  -35.365  -9.780  1.781 0.7142857313
80383  -36.510  -9.395  1.954 0.7142857313
82311  -36.001  -7.601  2.420 0.8571428657
84397  -36.281  -5.709  2.023 0.8571428657
85367  -35.888  -5.087  2.137 0.8571428657
86371  -34.664  -3.814  2.243 0.8571428657
90284  -31.417  0.028  1.475 0.8571428657
97621  -28.323  8.237  0.262 0.1428571492
67964  -25.597  -21.354  4.393 0.2857142985
70069  -25.680  -20.012  3.991 0.2857142985
70057  -26.462  -19.959  4.942 0.2857142985
70071  -26.722  -19.320  4.637 0.4285714328
72198  -27.702  -17.663  4.364 0.4285714328
70083  -25.905  -19.278  3.669 0.2857142985
72217  -26.764  -17.752  3.192 0.5714285970
73310  -27.497  -16.867  2.671 0.5714285970
74363  -29.201  -15.649  2.907 0.4285714328
73337  -27.399  -16.162  1.842 0.2857142985
74397  -27.980  -16.062  1.529 0.7142857313
74398  -28.750  -15.759  1.307 0.7142857313
75436  -30.156  -14.888  1.619 0.4285714328
75451  -28.427  -15.133  1.218 0.5714285970
76463  -33.135  -13.917  0.598 0.4285714328
76458  -28.896  -14.339  1.000 0.7142857313
76459  -29.773  -14.455  0.732 0.7142857313
76462  -32.229  -13.955  0.627 0.7142857313
77459  -32.652  -13.092  -0.703 0.7142857313
78420  -28.799  -12.392  0.823 0.5714285970
78459  -36.801  -11.918  -0.763 0.5714285970
78439  -30.269  -11.935  0.741 0.5714285970
77470  -36.450  -12.455  -1.307 0.5714285970
79371  -34.960  -10.341  0.913 0.7142857313
83341  -36.690  -6.730  1.949 0.5714285970
87394  -34.005  -2.327  1.855 1.0000000000
85363  -32.397  -4.299  2.732 1.0000000000
89319  -31.062  -0.874  1.745 0.8571428657
91290  -29.319  0.896  0.330 0.7142857313
90298  -30.767  0.648  1.120 1.0000000000
90300  -32.619  0.849  0.889 1.0000000000
92300  -30.308  2.216  0.302 0.7142857313
91293  -32.218  1.490  0.652 1.0000000000
91309  -29.412  1.496  0.207 0.7142857313
93250  -31.248  3.358  -0.524 0.8571428657
94999  -29.041  5.463  -2.927 0.8571428657
94121  -30.719  4.435  -1.537 1.0000000000
94101  -30.939  3.929  -0.898 1.0000000000
95894  -28.180  5.848  -4.666 0.7142857313
96831  -27.163  7.487  -6.185 0.7142857313
95907  -27.500  6.137  -5.277 0.5714285970
95931  -27.057  6.687  -6.510 0.7142857313
96805  -26.039  7.121  -4.064 0.4285714328
96819  -28.192  8.135  -5.092 0.4285714328
96843  -28.163  7.538  -7.145 0.4285714328
97682  -28.587  8.646  -6.546 0.4285714328
97649  -28.235  8.724  -2.947 0.2857142985
75450  -27.423  -14.925  1.403 0.4285714328
96818  -27.384  7.663  -4.770 0.4285714328
66864  -26.899  -22.491  5.821 0.4285714328
66877  -25.955  -21.833  4.801 0.2857142985
66876  -25.394  -22.511  4.558 0.2857142985
67945  -27.114  -21.457  5.783 0.4285714328
69026  -25.942  -20.644  4.548 0.2857142985
70058  -27.023  -19.738  5.233 0.4285714328
71126  -26.398  -18.658  3.777 0.2857142985
72216  -25.984  -17.928  3.012 0.4285714328
77457  -31.302  -13.470  0.051 0.7142857313
75459  -34.258  -14.429  -0.282 0.5714285970
77439  -29.316  -13.503  0.809 0.7142857313
78423  -30.979  -13.228  0.165 0.7142857313
78440  -31.201  -12.507  0.178 0.5714285970
77469  -35.526  -12.547  -1.445 0.5714285970
80404  -31.960  -10.488  0.725 0.8571428657
81319  -36.897  -8.295  2.215 0.8571428657
83339  -34.717  -6.525  2.723 0.8571428657
84396  -35.443  -5.632  2.491 0.8571428657
81315  -33.150  -8.184  2.086 0.8571428657
84394  -33.529  -5.300  2.774 1.0000000000
88360  -31.659  -1.665  2.007 1.0000000000
90297  -29.656  0.062  0.798 0.8571428657
95895  -29.175  5.995  -4.604 0.8571428657
95908  -28.452  6.170  -5.413 0.7142857313
95921  -28.658  6.516  -6.205 0.7142857313
95920  -27.692  6.465  -6.071 0.5714285970
96841  -26.746  6.831  -6.546 0.5714285970
95918  -26.541  6.749  -5.771 0.5714285970
97642  -28.107  8.393  -1.746 0.2857142985
97631  -28.092  7.972  -0.704 0.1428571492
91291  -30.124  1.460  0.583 1.0000000000
96842  -27.131  7.085  -6.743 0.5714285970
100378  -28.307  11.804  -7.460 0.2857142985
100368  -27.628  12.422  -5.987 0.1428571492
98511  -28.615  9.670  -6.794 0.2857142985
99401  -28.224  11.099  -8.449 0.2857142985
100356  -28.053  12.096  -5.552 0.1428571492
101127  -27.553  12.915  -5.450 0.1428571492
98492  -28.831  9.698  -4.642 0.1428571492
98502  -28.830  9.429  -6.325 0.2857142985
99374  -28.712  10.890  -5.096 0.1428571492
99415  -29.063  10.318  -9.708 0.2857142985
98521  -28.031  9.910  -7.988 0.2857142985
95941  -32.681  6.824  -8.107 0.2857142985
96859  -30.561  7.688  -9.134 0.2857142985
101118  -28.017  12.635  -4.865 0.1428571492
97689  -28.276  8.777  -7.642 0.2857142985
95939  -30.230  6.301  -7.970 0.2857142985
97703  -28.241  9.009  -9.479 0.2857142985
94176  -31.659  4.734  -6.878 0.1428571492
95940  -30.956  6.321  -8.325 0.2857142985
96858  -29.253  7.665  -9.144 0.2857142985
97695  -28.078  8.955  -8.696 0.2857142985
92380  -32.841  2.403  -5.332 0.1428571492
93310  -32.240  3.447  -6.360 0.1428571492
95055  -31.307  5.760  -7.591 0.4285714328
95938  -29.266  6.628  -7.815 0.2857142985
92357  -31.316  2.314  -4.502 0.2857142985
94171  -31.149  4.745  -6.054 0.4285714328
95934  -29.822  6.271  -7.224 0.2857142985
90354  -31.291  0.862  -4.731 0.1428571492
93309  -31.176  3.484  -5.637 0.2857142985
95047  -30.442  5.948  -6.626 0.4285714328
94163  -30.999  4.564  -5.026 0.5714285970
95040  -30.417  5.848  -5.833 0.7142857313
90342  -31.899  0.420  -4.060 0.1428571492
90341  -31.512  0.974  -4.285 0.1428571492
94162  -30.787  5.259  -5.513 0.7142857313
95922  -29.631  6.287  -6.421 0.4285714328
93301  -31.279  3.376  -4.728 0.4285714328
89367  -33.217  -0.839  -2.815 0.2857142985
91326  -33.053  1.012  -2.381 0.7142857313
95032  -30.920  5.036  -4.326 0.7142857313
93265  -31.763  3.541  -1.000 0.8571428657
93279  -32.343  3.257  -2.623 0.8571428657
94152  -31.301  4.411  -4.011 0.5714285970
88411  -34.063  -1.687  -2.672 0.2857142985
93289  -31.732  3.349  -3.602 0.7142857313
94138  -28.455  4.895  -2.363 0.5714285970
94141  -31.369  4.508  -2.676 0.8571428657
87451  -34.559  -2.346  -2.891 0.1428571492
91320  -33.470  1.051  -1.490 0.7142857313
87441  -35.025  -3.043  -2.479 0.1428571492
85394  -29.017  -4.677  0.743 0.5714285970
87393  -30.875  -2.629  1.944 0.8571428657
88359  -30.646  -1.806  1.640 0.8571428657
87392  -30.013  -2.729  1.395 0.4285714328
89318  -30.281  -1.134  1.444 0.5714285970
92302  -31.915  2.095  0.315 0.8571428657
89333  -33.944  -0.533  0.410 0.8571428657
92322  -32.711  2.323  -0.595 0.8571428657
87434  -35.077  -2.630  -1.342 0.2857142985
90317  -33.703  0.356  -0.206 0.8571428657
92323  -33.291  1.633  -0.945 0.8571428657
94142  -31.983  3.921  -2.328 0.8571428657
86426  -35.663  -3.665  -1.742 0.4285714328
89360  -34.264  -0.990  -1.193 0.7142857313
90328  -33.724  0.357  -1.123 0.7142857313
84420  -27.778  -5.442  0.240 0.2857142985
86383  -30.370  -3.584  1.767 0.5714285970
86382  -29.797  -3.692  1.322 0.5714285970
87376  -32.676  -2.696  2.422 0.8571428657
89321  -33.118  -0.339  1.333 0.8571428657
90286  -32.878  0.353  1.098 0.8571428657
90301  -33.279  0.459  0.564 0.8571428657
91294  -33.036  1.425  0.181 0.8571428657
87422  -35.181  -2.535  -0.451 0.4285714328
89334  -34.361  -1.067  0.281 0.8571428657
89348  -34.053  -0.324  -0.672 0.8571428657
80401  -29.208  -9.512  0.557 0.7142857313
81356  -28.711  -8.443  0.450 0.4285714328
80402  -30.275  -9.706  0.694 0.7142857313
81335  -32.318  -8.520  1.589 0.8571428657
82325  -30.445  -7.423  1.072 0.5714285970
83350  -30.050  -6.267  1.143 0.5714285970
83365  -27.763  -6.411  0.247 0.4285714328
82326  -31.693  -7.331  1.799 0.8571428657
85377  -29.611  -4.922  0.980 0.5714285970
83338  -33.676  -6.360  2.810 0.8571428657
84409  -31.300  -5.390  2.164 0.7142857313
84408  -30.506  -5.401  1.569 0.5714285970
85380  -35.623  -4.138  1.626 0.7142857313
86385  -35.158  -3.502  1.600 0.7142857313
88363  -34.525  -2.004  1.028 0.7142857313
88362  -33.956  -1.540  1.388 0.8571428657
85411  -37.567  -5.321  -0.774 0.2857142985
86416  -36.284  -4.201  -0.831 0.4285714328
79391  -29.745  -10.683  0.717 0.4285714328
80400  -28.195  -9.313  0.474 0.4285714328
81336  -33.284  -9.073  1.584 0.7142857313
81334  -31.241  -8.436  1.202 0.7142857313
82307  -32.174  -6.534  2.263 0.8571428657
84410  -37.098  -5.775  0.987 0.7142857313
85397  -37.488  -5.376  -0.119 0.2857142985
84423  -37.403  -5.457  0.242 0.5714285970
85381  -36.234  -4.669  1.396 0.5714285970
78438  -29.261  -11.549  0.749 0.4285714328
78437  -28.251  -11.255  0.711 0.5714285970
79392  -30.746  -11.091  0.654 0.5714285970
82330  -38.351  -7.725  0.977 0.4285714328
84411  -37.676  -6.289  0.793 0.4285714328
84424  -38.001  -5.931  0.033 0.4285714328
76457  -27.924  -14.075  1.317 0.5714285970
76507  -36.861  -13.585  -1.657 0.4285714328
77471  -37.419  -12.515  -1.131 0.4285714328
80405  -38.962  -9.310  0.679 0.4285714328
79373  -37.070  -10.210  1.291 0.4285714328
81359  -39.471  -8.588  0.279 0.4285714328
73272  -28.898  -16.709  4.830 0.1428571492
78447  -38.336  -11.320  0.035 0.4285714328
79400  -38.893  -10.326  0.467 0.4285714328
74342  -28.952  -15.865  3.394 0.1428571492
75399  -30.006  -14.989  3.708 0.1428571492
77416  -32.085  -13.421  1.879 0.2857142985
75463  -38.175  -14.624  -0.533 0.2857142985
76499  -39.936  -13.052  -0.330 0.2857142985
75475  -38.947  -13.960  -1.317 0.2857142985
75460  -34.751  -14.523  -0.329 0.4285714328
77474  -40.461  -12.520  -0.095 0.2857142985
77485  -38.298  -13.150  -1.420 0.2857142985
75482  -36.717  -14.232  -1.396 0.2857142985
78462  -39.963  -11.782  -0.292 0.2857142985
78461  -38.946  -11.955  -0.458 0.4285714328
73291  -29.123  -16.109  4.478 0.1428571492
74343  -29.449  -15.532  3.959 0.1428571492
73290  -28.634  -16.318  3.866 0.1428571492
75420  -30.758  -14.247  3.192 0.2857142985
76420  -31.251  -13.792  2.994 0.2857142985
77446  -35.691  -12.932  1.489 0.2857142985
76467  -37.176  -13.652  0.720 0.2857142985
76466  -36.066  -13.623  0.797 0.2857142985
76464  -34.096  -13.795  0.746 0.2857142985
76482  -36.407  -14.344  -0.006 0.2857142985
74344  -30.180  -15.110  4.389 0.1428571492
77377  -33.887  -12.661  4.180 0.2857142985
75401  -31.502  -13.951  4.316 0.2857142985
77397  -33.482  -12.514  3.206 0.2857142985
76421  -31.814  -13.278  3.198 0.2857142985
77418  -34.277  -12.485  2.490 0.2857142985
72185  -28.440  -17.654  5.170 0.1428571492
72184  -27.822  -18.326  5.019 0.2857142985
65805  -26.340  -23.353  5.439 0.2857142985
64804  -26.626  -24.127  5.650 0.2857142985
64803  -25.851  -24.247  5.226 0.2857142985
71092  -28.359  -18.754  5.585 0.2857142985
65806  -26.896  -23.444  5.855 0.1428571492
63730  -26.279  -24.869  5.686 0.2857142985
63729  -25.564  -25.536  5.489 0.1428571492
75400  -30.849  -14.403  4.160 0.1428571492
76399  -32.023  -13.391  4.078 0.2857142985
76483  -37.631  -14.441  -0.150 0.2857142985
76465  -35.052  -13.648  0.839 0.2857142985
75464  -38.644  -14.529  -0.766 0.2857142985
75481  -35.852  -14.273  -1.279 0.4285714328
77484  -37.854  -12.995  -1.462 0.4285714328
77473  -39.553  -12.629  -0.529 0.2857142985
79408  -40.457  -11.202  -0.390 0.2857142985
82346  -30.012  -8.005  0.633 0.7142857313
79401  -40.192  -10.516  -0.215 0.4285714328
80385  -38.294  -9.219  1.105 0.4285714328
83353  -37.424  -6.707  1.355 0.4285714328
84425  -38.412  -6.466  -0.157 0.2857142985
84438  -38.203  -5.817  -1.268 0.2857142985
85396  -36.953  -4.885  0.017 0.5714285970
94120  -29.633  4.361  -1.532 0.7142857313
87410  -35.132  -2.585  0.261 0.7142857313
93251  -31.997  3.127  -0.660 0.8571428657
95016  -27.633  5.540  -4.077 0.4285714328
95017  -28.641  5.708  -3.821 0.5714285970
95019  -30.721  5.256  -3.532 0.7142857313
92336  -32.822  2.508  -2.028 0.8571428657
95001  -30.642  5.073  -2.757 0.8571428657
89359  -33.741  -0.465  -1.651 0.5714285970
96851  -28.835  7.227  -8.158 0.2857142985
91345  -30.959  1.481  -4.979 0.4285714328
100331  -28.338  11.734  -3.295 0.1428571492
94181  -31.828  5.244  -7.471 0.2857142985
93316  -31.808  3.684  -6.603 0.1428571492
97705  -29.458  9.296  -9.689 0.2857142985
66862  -25.731  -22.771  4.866 0.2857142985
71091  -27.664  -18.992  5.166 0.2857142985
74324  -30.363  -15.450  4.972 0.1428571492
75379  -31.820  -14.335  4.965 0.1428571492
76439  -30.730  -14.323  2.083 0.2857142985
77396  -32.367  -12.890  3.003 0.2857142985
77445  -34.665  -13.041  1.532 0.2857142985
76468  -38.518  -13.715  0.973 0.2857142985
77443  -32.725  -13.615  1.329 0.2857142985
76484  -38.763  -14.398  -0.035 0.2857142985
76480  -34.500  -14.252  0.193 0.2857142985
76481  -35.365  -14.235  0.214 0.2857142985
78463  -40.767  -11.653  -0.279 0.2857142985
79409  -41.129  -10.761  -0.748 0.2857142985
81357  -29.667  -8.615  0.570 0.7142857313
80378  -31.709  -9.489  1.033 0.5714285970
82344  -28.213  -7.442  0.408 0.4285714328
82345  -29.380  -7.503  0.649 0.5714285970
85393  -28.190  -4.676  0.412 0.2857142985
84421  -28.464  -5.588  0.490 0.5714285970
79402  -40.767  -10.160  -0.742 0.2857142985
79399  -37.689  -10.733  0.614 0.4285714328
86398  -28.625  -3.757  0.645 0.2857142985
81369  -40.616  -8.626  -0.917 0.1428571492
82361  -39.891  -7.754  -0.805 0.4285714328
83355  -38.526  -7.312  0.532 0.4285714328
83383  -39.726  -7.210  -1.283 0.1428571492
83389  -39.361  -6.742  -1.352 0.1428571492
85410  -37.080  -4.739  -1.226 0.2857142985
86415  -35.575  -3.269  -0.445 0.5714285970
88392  -34.628  -1.552  -0.780 0.7142857313
93266  -32.346  3.304  -1.452 0.8571428657
86433  -35.518  -3.597  -2.526 0.2857142985
87442  -35.535  -3.431  -3.167 0.1428571492
97659  -28.363  8.577  -4.261 0.2857142985
88403  -34.447  -1.686  -1.668 0.4285714328
92344  -32.384  2.146  -3.106 0.5714285970
88419  -34.278  -1.856  -3.612 0.1428571492
89366  -32.514  -0.440  -3.735 0.1428571492
89374  -32.333  -0.397  -4.529 0.1428571492
99361  -28.693  10.751  -3.899 0.1428571492
90365  -30.950  0.855  -5.251 0.1428571492
95048  -31.075  5.481  -6.770 0.2857142985
92371  -31.183  2.366  -5.297 0.2857142985
91355  -31.757  1.455  -5.429 0.1428571492
92379  -32.140  2.511  -5.935 0.1428571492
95056  -32.267  5.719  -7.786 0.2857142985
95057  -32.911  6.308  -7.490 0.2857142985
95050  -33.016  5.534  -6.859 0.1428571492
94178  -32.975  4.695  -6.240 0.1428571492
67931  -28.394  -21.591  6.506 0.1428571492
72187  -30.270  -16.826  5.748 0.1428571492
76485  -39.565  -14.124  -0.267 0.2857142985
85420  -38.514  -5.600  -2.201 0.2857142985
94173  -33.249  4.270  -5.508 0.1428571492
95935  -33.276  6.667  -6.921 0.2857142985
65816  -25.177  -23.353  4.651 0.2857142985
66849  -27.492  -22.530  6.213 0.1428571492
70059  -27.872  -19.389  5.523 0.1428571492
72219  -28.013  -16.960  3.817 0.1428571492
76419  -30.754  -14.257  2.765 0.2857142985
75418  -29.695  -15.210  3.202 0.1428571492
75470  -34.810  -14.560  -0.989 0.4285714328
80403  -31.208  -10.250  0.749 0.5714285970
81358  -38.679  -8.500  0.839 0.4285714328
82308  -32.732  -7.248  2.395 0.7142857313
87396  -35.024  -2.852  0.980 0.7142857313
86367  -31.040  -3.485  2.277 0.8571428657
84393  -32.672  -5.130  2.684 0.8571428657
96844  -28.671  6.922  -7.633 0.2857142985
72199  -28.329  -17.044  4.425 0.1428571492
77444  -33.656  -13.334  1.496 0.2857142985
78460  -37.866  -11.990  -0.576 0.4285714328
85379  -30.723  -4.468  2.021 0.5714285970
92303  -32.495  1.875  0.177 0.8571428657
94123  -32.207  3.710  -1.974 0.8571428657
97671  -28.644  8.768  -5.471 0.2857142985
96850  -28.418  8.035  -8.407 0.2857142985
97683  -28.764  9.207  -6.473 0.2857142985
82327  -32.300  -7.785  2.003 0.8571428657
99390  -28.626  10.929  -7.325 0.2857142985
100369  -27.992  11.912  -6.622 0.1428571492
99382  -28.608  10.937  -6.225 0.2857142985
98501  -28.871  9.785  -5.817 0.1428571492
98529  -27.995  9.865  -9.078 0.2857142985
95062  -32.056  6.455  -8.434 0.2857142985
97697  -29.822  8.536  -9.611 0.2857142985
95946  -30.296  6.853  -8.739 0.2857142985
100343  -28.337  11.805  -4.430 0.1428571492
95945  -29.526  6.849  -8.444 0.2857142985
95061  -31.595  6.153  -8.253 0.2857142985
95054  -30.589  5.943  -7.259 0.2857142985
96857  -28.433  8.339  -9.241 0.2857142985
97696  -29.174  8.276  -9.652 0.2857142985
95049  -32.421  5.158  -7.224 0.1428571492
94177  -32.356  4.477  -6.785 0.1428571492
93311  -32.713  3.327  -5.700 0.1428571492
92386  -31.563  3.179  -6.349 0.1428571492
94172  -32.667  4.026  -6.150 0.1428571492
91354  -31.107  1.516  -5.505 0.1428571492
95041  -30.848  5.520  -6.235 0.5714285970
90355  -31.696  0.398  -5.078 0.1428571492
93315  -31.441  3.663  -6.311 0.2857142985
92378  -31.369  2.537  -6.034 0.2857142985
91325  -32.379  1.110  -3.134 0.4285714328
92358  -31.640  2.206  -3.718 0.5714285970
90335  -33.306  0.206  -2.089 0.5714285970
92337  -33.196  1.778  -1.689 0.7142857313
93290  -32.115  2.763  -3.340 0.7142857313
89368  -33.911  -1.162  -1.997 0.5714285970
87433  -34.710  -2.174  -1.587 0.4285714328
91311  -33.472  1.091  -0.556 0.8571428657
85378  -30.091  -4.535  1.381 0.5714285970
87391  -29.656  -2.292  1.159 0.4285714328
87408  -29.558  -3.233  1.185 0.4285714328
88377  -34.268  -1.183  0.620 0.8571428657
89349  -34.422  -0.967  -0.267 0.8571428657
88393  -34.917  -2.091  -0.604 0.4285714328
88378  -34.660  -1.714  0.286 0.7142857313
83367  -29.472  -6.602  0.788 0.5714285970
84407  -29.943  -5.368  1.129 0.5714285970
83366  -28.759  -6.550  0.560 0.4285714328
83381  -27.084  -6.627  -0.085 0.2857142985
83352  -31.635  -6.269  2.036 0.7142857313
83336  -32.098  -5.727  2.368 0.8571428657
86401  -36.088  -4.004  0.340 0.5714285970
86400  -35.472  -3.336  0.663 0.7142857313
79390  -28.719  -10.391  0.643 0.5714285970
83354  -38.143  -6.831  0.751 0.4285714328
84439  -38.683  -6.461  -0.805 0.2857142985
76508  -37.595  -13.434  -1.608 0.2857142985
77472  -38.491  -12.820  -0.969 0.4285714328
79374  -38.039  -9.978  1.096 0.4285714328
80406  -39.772  -9.539  0.186 0.4285714328
82348  -39.530  -7.953  -0.107 0.4285714328
77395  -31.785  -13.332  2.656 0.2857142985
77417  -33.060  -12.920  2.175 0.2857142985
75473  -37.584  -14.755  -1.015 0.2857142985
76495  -36.943  -14.682  -0.619 0.2857142985
76498  -39.382  -13.521  -0.818 0.2857142985
75471  -35.649  -14.647  -1.029 0.2857142985
78449  -40.032  -11.195  -0.241 0.4285714328
73273  -29.713  -16.121  5.063 0.1428571492
74323  -29.893  -15.504  4.641 0.1428571492
76398  -31.375  -13.828  3.914 0.2857142985
75378  -31.268  -14.590  4.815 0.1428571492
77376  -32.964  -12.844  3.866 0.2857142985
77398  -34.595  -12.359  3.457 0.2857142985
64805  -27.176  -23.986  6.021 0.1428571492
65790  -27.488  -23.240  6.259 0.1428571492
83382  -39.267  -7.089  -0.748 0.2857142985
68990  -28.786  -20.562  6.529 0.1428571492
98485  -28.800  9.616  -3.388 0.1428571492
94118  -28.072  4.313  -1.965 0.5714285970
93247  -27.842  3.055  -1.158 0.4285714328
93263  -28.353  3.840  -1.522 0.5714285970
92318  -28.337  2.231  -0.627 0.4285714328
93248  -29.140  3.400  -0.987 0.5714285970
94119  -28.787  4.478  -1.754 0.4285714328
90296  -28.738  0.180  0.172 0.4285714328
91307  -27.562  1.275  -0.394 0.4285714328
90282  -29.889  -0.735  1.163 0.5714285970
77449  -41.877  -12.775  0.922 0.1428571492
77475  -40.985  -12.069  -0.038 0.1428571492
78464  -41.348  -11.567  -0.157 0.1428571492
73329  -25.998  -16.526  2.345 0.2857142985
77423  -41.817  -12.873  1.940 0.1428571492
76471  -41.378  -13.709  0.558 0.1428571492
78393  -41.192  -12.258  3.158 0.1428571492
78392  -40.672  -11.666  3.543 0.1428571492
72239  -26.412  -17.198  2.667 0.2857142985
76469  -39.807  -14.177  0.660 0.1428571492
75456  -41.225  -14.389  0.678 0.1428571492
76444  -42.117  -13.889  1.449 0.1428571492
77403  -41.080  -12.737  3.621 0.1428571492
78337  -38.732  -11.327  6.480 0.1428571492
77380  -39.680  -11.693  5.011 0.1428571492
78357  -39.171  -11.188  5.632 0.1428571492
72215  -25.068  -17.873  2.872 0.2857142985
77400  -37.017  -12.898  3.133 0.1428571492
77401  -37.984  -13.196  2.789 0.1428571492
77448  -37.613  -13.228  1.489 0.1428571492
77420  -36.328  -12.637  2.356 0.1428571492
75439  -41.827  -14.984  1.023 0.1428571492
75454  -40.386  -14.480  1.276 0.1428571492
76428  -42.047  -13.879  2.592 0.1428571492
75455  -40.870  -14.576  0.884 0.1428571492
76405  -41.121  -13.691  4.113 0.1428571492
76382  -39.695  -13.497  5.657 0.1428571492
77339  -38.877  -12.313  6.363 0.1428571492
77357  -39.423  -12.414  5.582 0.1428571492
71124  -24.605  -18.727  3.087 0.2857142985
77378  -34.912  -12.917  4.240 0.1428571492
76423  -36.650  -13.411  3.835 0.1428571492
77402  -38.484  -13.415  2.469 0.1428571492
74385  -41.648  -15.470  1.582 0.1428571492
76426  -39.493  -14.156  2.272 0.1428571492
74350  -42.190  -15.696  3.641 0.1428571492
76383  -40.413  -13.596  5.049 0.1428571492
75406  -41.697  -14.776  3.928 0.1428571492
78326  -38.575  -11.403  7.334 0.1428571492
77338  -38.657  -12.063  6.948 0.1428571492
76400  -33.220  -13.244  4.624 0.1428571492
77379  -35.498  -13.148  4.218 0.1428571492
76401  -34.268  -13.372  4.840 0.1428571492
75421  -37.586  -14.521  3.934 0.1428571492
76403  -36.375  -14.024  4.379 0.1428571492
74366  -40.750  -15.831  2.717 0.1428571492
76424  -37.671  -13.791  3.504 0.1428571492
74367  -41.932  -16.060  2.182 0.1428571492
75423  -39.754  -14.859  2.773 0.1428571492
74351  -42.407  -15.841  2.861 0.1428571492
75370  -39.380  -14.298  6.330 0.1428571492
75384  -40.945  -14.584  4.748 0.1428571492
76362  -38.691  -12.993  6.966 0.1428571492
75369  -38.899  -13.694  6.681 0.1428571492
76380  -34.501  -14.180  5.235 0.1428571492
75404  -36.980  -14.831  4.342 0.1428571492
76402  -35.365  -13.855  4.770 0.1428571492
75422  -38.485  -14.897  3.589 0.1428571492
76404  -37.073  -14.079  4.049 0.1428571492
76422  -35.939  -13.371  4.184 0.1428571492
72225  -42.021  -17.331  3.230 0.1428571492
73314  -40.150  -16.722  3.357 0.1428571492
73281  -42.269  -17.156  3.676 0.1428571492
73279  -41.236  -16.476  5.055 0.1428571492
73297  -42.284  -16.774  3.174 0.1428571492
75383  -40.184  -14.415  5.533 0.1428571492
73296  -42.402  -16.283  3.416 0.1428571492
74347  -36.563  -15.655  4.610 0.1428571492
75403  -36.090  -14.797  4.739 0.1428571492
75402  -35.386  -14.856  5.144 0.1428571492
73313  -38.815  -16.672  3.681 0.1428571492
73294  -37.863  -16.553  3.970 0.1428571492
73315  -41.276  -16.789  3.001 0.1428571492
74330  -40.698  -15.406  5.307 0.1428571492
72192  -42.035  -17.531  4.026 0.1428571492
74349  -38.071  -15.709  3.946 0.1428571492
74365  -39.480  -15.771  3.386 0.1428571492
75424  -40.700  -15.177  2.167 0.1428571492
77447  -36.725  -13.032  1.481 0.1428571492
77320  -38.619  -12.254  7.570 0.1428571492
79253  -38.698  -10.582  7.769 0.1428571492
76363  -39.062  -13.220  6.230 0.1428571492
76427  -41.579  -13.454  3.348 0.1428571492
77358  -39.964  -12.996  5.255 0.1428571492
76486  -40.389  -13.413  0.019 0.1428571492
78424  -41.641  -11.873  1.425 0.1428571492
74314  -39.985  -15.141  5.933 0.1428571492
75350  -39.247  -14.799  6.862 0.1428571492
78301  -38.714  -11.522  8.086 0.1428571492
80259  -39.036  -9.599  8.082 0.1428571492
79276  -38.534  -10.657  7.048 0.1428571492
78338  -39.001  -11.818  6.003 0.1428571492
78377  -40.041  -11.357  4.365 0.1428571492
78356  -38.816  -10.780  6.089 0.1428571492
78450  -41.718  -11.574  0.428 0.1428571492
79410  -41.908  -10.797  -0.465 0.1428571492
94998  -28.062  5.212  -3.156 0.4285714328
95923  -33.630  6.447  -5.973 0.1428571492
71125  -25.599  -18.769  3.193 0.2857142985
96852  -33.060  7.709  -7.668 0.1428571492
77460  -40.783  -12.931  0.148 0.1428571492
77419  -35.305  -12.392  2.313 0.1428571492
76378  -32.689  -13.787  5.015 0.1428571492
78391  -35.053  -12.310  3.305 0.1428571492
80413  -41.115  -9.648  -1.068 0.1428571492
76470  -40.586  -14.091  0.426 0.1428571492
76487  -40.976  -13.177  0.269 0.1428571492
77461  -41.241  -12.563  0.247 0.1428571492
78406  -41.306  -11.834  2.482 0.1428571492
77404  -41.565  -12.837  2.872 0.1428571492
78405  -40.867  -11.166  2.884 0.1428571492
76443  -39.600  -14.085  1.530 0.1428571492
77381  -40.303  -12.513  4.593 0.1428571492
75425  -42.359  -14.980  2.110 0.1428571492
77399  -35.662  -12.676  3.445 0.1428571492
77421  -37.351  -12.891  2.229 0.1428571492
76442  -38.957  -13.555  2.059 0.1428571492
75438  -41.060  -15.036  1.486 0.1428571492
75437  -40.244  -14.580  1.944 0.1428571492
76406  -41.796  -14.147  3.421 0.1428571492
75407  -42.234  -14.901  3.086 0.1428571492
76425  -38.760  -13.887  2.882 0.1428571492
74384  -41.351  -15.516  1.982 0.1428571492
74331  -41.537  -15.606  4.477 0.1428571492
76379  -33.601  -13.908  5.263 0.1428571492
76381  -35.009  -14.440  5.177 0.1428571492
75405  -37.716  -15.117  4.080 0.1428571492
74348  -37.369  -15.729  4.274 0.1428571492
74364  -38.642  -15.832  3.718 0.1428571492
72203  -42.074  -17.440  3.548 0.1428571492
73280  -42.142  -16.654  4.073 0.1428571492
73295  -38.337  -16.185  3.834 0.1428571492
63728  -24.499  -25.522  4.931 0.1428571492
64802  -25.043  -24.630  4.760 0.1428571492
63727  -23.471  -25.474  5.283 0.1428571492
64801  -23.952  -24.365  4.616 0.1428571492
64815  -25.312  -23.882  4.808 0.1428571492
64814  -24.755  -23.872  4.577 0.1428571492
65815  -24.666  -23.191  4.485 0.1428571492
67963  -24.995  -21.734  4.027 0.1428571492
66890  -24.431  -21.711  3.781 0.1428571492
69035  -24.467  -20.484  3.562 0.1428571492
67981  -25.216  -21.082  3.953 0.1428571492
66889  -23.898  -21.891  3.761 0.1428571492
69034  -23.460  -20.430  3.717 0.1428571492
70082  -25.298  -19.798  3.550 0.1428571492
70080  -23.227  -19.393  3.688 0.1428571492
71123  -23.597  -18.547  3.360 0.1428571492
72214  -23.940  -17.508  2.912 0.1428571492
72237  -24.667  -17.042  2.575 0.2857142985
72238  -25.552  -17.183  2.608 0.1428571492
73328  -25.113  -16.447  2.328 0.1428571492
74381  -26.297  -15.955  2.099 0.1428571492
73327  -24.284  -16.286  2.486 0.2857142985
74396  -26.934  -15.661  1.780 0.2857142985
77437  -27.332  -12.949  1.199 0.4285714328
88375  -28.761  -1.811  0.568 0.2857142985
89347  -28.164  -0.668  -0.204 0.2857142985
92315  -25.451  2.412  -0.539 0.2857142985
93245  -26.184  3.034  -0.862 0.2857142985
93262  -27.283  3.798  -1.734 0.2857142985
72236  -24.060  -16.812  2.630 0.1428571492
67979  -24.059  -21.208  3.600 0.1428571492
72213  -23.017  -17.575  3.351 0.1428571492
74378  -23.788  -15.392  2.409 0.2857142985
74380  -25.506  -15.829  2.128 0.2857142985
74379  -24.664  -15.682  2.209 0.2857142985
74394  -24.997  -15.098  1.919 0.2857142985
74395  -25.923  -15.241  1.928 0.2857142985
76456  -26.852  -13.803  1.403 0.4285714328
77436  -26.261  -12.690  1.275 0.2857142985
87407  -29.194  -2.777  0.936 0.2857142985
88374  -28.038  -2.089  0.186 0.2857142985
89332  -29.424  -1.071  0.795 0.2857142985
89346  -27.268  -0.625  -0.370 0.2857142985
91308  -28.688  1.239  -0.112 0.2857142985
91306  -26.517  1.355  -0.376 0.2857142985
90313  -25.115  0.941  -0.401 0.2857142985
92316  -26.185  2.408  -0.509 0.2857142985
75449  -26.382  -14.599  1.632 0.2857142985
88390  -27.603  -1.649  -0.309 0.2857142985
87421  -26.985  -2.382  -0.584 0.2857142985
89345  -26.436  -0.545  -0.626 0.2857142985
90314  -25.859  0.363  -0.538 0.2857142985
90316  -27.879  0.286  -0.242 0.2857142985
90315  -26.879  0.338  -0.321 0.2857142985
88402  -26.133  -1.304  -0.940 0.2857142985
89358  -25.822  -0.556  -0.881 0.2857142985
78419  -27.803  -12.091  0.987 0.4285714328
69036  -25.095  -20.626  3.691 0.1428571492
92317  -27.182  2.229  -0.673 0.2857142985
70081  -24.109  -19.582  3.439 0.1428571492
65814  -23.968  -23.269  4.430 0.1428571492
66875  -24.392  -22.424  4.110 0.1428571492
67980  -24.735  -21.166  3.698 0.1428571492
69033  -22.923  -19.921  3.841 0.1428571492
91305  -25.639  1.551  -0.302 0.2857142985
90327  -25.541  -0.152  -0.825 0.2857142985
78436  -27.261  -11.006  0.733 0.2857142985
79389  -27.725  -10.154  0.608 0.2857142985
99383  -31.533  10.849  -5.470 0.1428571492
99393  -32.099  10.134  -6.039 0.1428571492
99404  -31.461  10.495  -7.408 0.1428571492
97690  -32.682  8.657  -7.818 0.1428571492
100345  -31.114  11.629  -4.926 0.1428571492
98532  -31.857  9.448  -8.401 0.1428571492
99411  -29.187  11.035  -9.003 0.1428571492
101843  -29.228  13.265  -6.997 0.1428571492
79388  -26.796  -9.970  0.582 0.2857142985
96845  -33.085  7.872  -6.939 0.1428571492
98503  -32.766  9.627  -5.598 0.1428571492
95948  -32.099  7.120  -8.618 0.1428571492
98523  -32.097  9.672  -7.896 0.1428571492
97684  -32.933  8.388  -7.139 0.1428571492
95947  -31.337  6.849  -8.739 0.1428571492
99416  -29.651  10.355  -9.338 0.1428571492
96860  -31.601  7.818  -8.826 0.1428571492
99403  -30.705  11.079  -7.516 0.1428571492
101148  -29.831  12.678  -7.330 0.1428571492
100382  -29.691  11.340  -8.452 0.1428571492
100379  -28.959  11.801  -7.765 0.1428571492
101138  -27.876  12.432  -7.088 0.1428571492
99402  -28.914  11.324  -8.397 0.1428571492
97699  -31.935  8.853  -8.522 0.1428571492
98531  -31.364  9.790  -8.645 0.1428571492
99392  -31.497  10.802  -6.438 0.1428571492
100358  -31.102  11.466  -5.885 0.1428571492
99405  -32.051  10.125  -6.929 0.1428571492
99413  -31.148  10.531  -8.105 0.1428571492
100357  -30.699  12.178  -5.419 0.1428571492
99412  -30.284  10.780  -8.603 0.1428571492
98513  -32.747  9.263  -6.738 0.1428571492
87420  -26.195  -2.379  -0.959 0.1428571492
88389  -26.769  -1.477  -0.656 0.1428571492
90326  -25.186  0.159  -0.810 0.1428571492
90310  -22.077  0.607  -0.530 0.1428571492
90323  -22.734  0.896  -0.815 0.1428571492
87405  -27.526  -2.886  -0.109 0.1428571492
90325  -24.430  0.682  -0.645 0.1428571492
92331  -23.018  2.415  -0.703 0.1428571492
82343  -27.150  -7.404  0.083 0.1428571492
85409  -26.858  -4.709  -0.304 0.1428571492
86396  -27.316  -3.942  -0.204 0.1428571492
86414  -26.711  -3.511  -0.557 0.1428571492
86427  -36.598  -4.416  -1.892 0.1428571492
87432  -25.863  -1.740  -1.115 0.1428571492
91304  -25.008  1.906  -0.434 0.1428571492
92334  -25.376  2.979  -0.964 0.1428571492
92332  -23.990  2.674  -0.638 0.1428571492
93258  -23.459  3.581  -0.844 0.2857142985
94116  -25.798  4.176  -2.069 0.2857142985
95879  -24.611  6.616  -3.091 0.2857142985
96792  -24.439  6.771  -2.833 0.2857142985
96793  -24.911  7.065  -3.143 0.2857142985
96766  -26.750  7.448  -0.170 0.1428571492
93276  -26.639  3.985  -2.008 0.2857142985
93259  -24.438  3.707  -1.075 0.2857142985
94135  -25.740  4.880  -2.624 0.2857142985
94995  -25.542  5.474  -3.167 0.2857142985
94994  -24.889  5.731  -2.799 0.2857142985
95029  -26.439  6.102  -4.535 0.2857142985
95012  -24.872  6.111  -3.318 0.2857142985
95878  -24.302  6.308  -2.589 0.2857142985
95905  -26.351  6.652  -4.767 0.2857142985
96763  -23.762  7.015  -1.061 0.2857142985
98473  -28.993  9.524  -1.991 0.1428571492
95866  -23.663  6.294  -1.615 0.1428571492
94966  -22.723  5.899  -0.826 0.1428571492
93257  -22.485  3.487  -0.747 0.2857142985
96777  -24.234  6.880  -2.265 0.2857142985
96794  -25.766  7.462  -2.810 0.1428571492
96778  -24.762  7.410  -2.027 0.2857142985
96779  -25.710  7.575  -1.659 0.1428571492
96764  -24.767  7.358  -0.825 0.1428571492
92312  -21.034  2.543  0.357 0.2857142985
96745  -23.814  7.305  0.144 0.1428571492
96747  -25.921  7.433  0.616 0.1428571492
92287  -20.264  2.198  1.475 0.1428571492
86434  -36.069  -4.008  -2.645 0.1428571492
84454  -39.380  -5.722  -2.400 0.1428571492
86413  -25.867  -3.598  -0.872 0.1428571492
86435  -37.240  -4.317  -2.703 0.1428571492
86412  -25.138  -3.560  -1.182 0.1428571492
87429  -24.026  -1.769  -1.303 0.1428571492
88388  -23.631  -1.149  -1.245 0.1428571492
88399  -24.367  -1.104  -1.272 0.1428571492
90311  -22.752  0.262  -0.885 0.1428571492
90312  -24.744  1.312  -0.433 0.1428571492
92313  -22.050  2.546  -0.295 0.1428571492
91319  -24.446  1.820  -0.497 0.1428571492
94114  -23.901  4.618  -1.222 0.1428571492
94134  -25.315  5.248  -2.620 0.2857142985
94982  -24.127  5.520  -1.934 0.1428571492
96780  -26.763  7.519  -1.256 0.1428571492
85419  -37.713  -5.235  -2.036 0.1428571492
86428  -37.153  -4.681  -2.126 0.1428571492
85426  -38.039  -4.817  -2.730 0.1428571492
95015  -26.703  5.500  -4.066 0.2857142985
95028  -26.020  6.258  -4.395 0.2857142985
96795  -26.623  7.706  -2.303 0.1428571492
96804  -25.299  6.825  -3.783 0.2857142985
96765  -25.785  7.498  -0.516 0.1428571492
94137  -27.518  4.486  -2.521 0.2857142985
83380  -26.628  -6.485  -0.246 0.1428571492
94997  -27.127  4.915  -3.385 0.2857142985
86397  -27.903  -3.811  0.188 0.1428571492
84448  -39.904  -6.329  -2.196 0.1428571492
92314  -25.113  2.529  -0.679 0.1428571492
93261  -26.130  3.509  -1.453 0.1428571492
87419  -25.580  -2.902  -1.109 0.1428571492
88400  -25.049  -1.191  -1.253 0.1428571492
89355  -23.985  -0.299  -1.017 0.1428571492
86423  -24.072  -2.565  -1.223 0.1428571492
86425  -25.236  -2.838  -1.203 0.1428571492
90324  -23.422  0.590  -0.857 0.1428571492
91303  -22.417  1.586  -0.573 0.1428571492
91318  -23.730  1.591  -0.650 0.1428571492
85408  -26.169  -4.619  -0.624 0.1428571492
93260  -25.217  3.582  -1.512 0.2857142985
94115  -24.933  4.690  -2.009 0.2857142985
94136  -26.538  4.444  -2.555 0.2857142985
95892  -25.610  6.459  -4.083 0.2857142985
95854  -23.286  6.533  -0.965 0.1428571492
94996  -26.248  5.162  -3.313 0.2857142985
95014  -25.871  5.770  -3.996 0.2857142985
95865  -23.139  6.123  -0.979 0.1428571492
74377  -22.883  -15.367  2.653 0.1428571492
74393  -24.315  -15.016  2.112 0.1428571492
75434  -23.807  -14.677  2.088 0.1428571492
75432  -22.330  -14.591  2.548 0.1428571492
76437  -22.556  -13.713  2.158 0.1428571492
76452  -22.920  -13.366  1.810 0.1428571492
75446  -23.557  -14.191  1.868 0.1428571492
77433  -22.892  -12.621  1.636 0.1428571492
76453  -23.602  -13.492  1.601 0.1428571492
75448  -25.331  -14.390  1.678 0.1428571492
77434  -24.016  -12.491  1.261 0.1428571492
77435  -25.155  -12.495  1.250 0.1428571492
76455  -25.765  -13.566  1.481 0.1428571492
77432  -22.440  -12.376  1.820 0.1428571492
78415  -23.373  -11.532  1.203 0.1428571492
78417  -25.740  -11.596  0.982 0.1428571492
78435  -26.313  -10.809  0.689 0.1428571492
80399  -27.247  -9.146  0.485 0.1428571492
93244  -21.638  3.546  -0.213 0.1428571492
75447  -24.302  -14.343  1.769 0.1428571492
73325  -22.665  -15.947  2.857 0.1428571492
74375  -21.480  -15.148  3.136 0.1428571492
75433  -23.132  -14.529  2.234 0.1428571492
81355  -27.697  -8.329  0.345 0.1428571492
78418  -26.773  -11.842  0.992 0.1428571492
76436  -21.895  -13.798  2.588 0.1428571492
76438  -23.104  -13.875  1.867 0.1428571492
76454  -24.674  -13.468  1.471 0.1428571492
78414  -22.425  -11.738  1.674 0.1428571492
77413  -22.058  -12.720  2.221 0.1428571492
74361  -21.779  -16.103  3.230 0.1428571492
64813  -24.335  -23.691  4.487 0.1428571492
67962  -23.399  -21.403  3.846 0.1428571492
69025  -25.558  -20.466  4.081 0.2857142985
70070  -26.169  -19.762  4.357 0.2857142985
71134  -41.716  -17.700  3.530 0.1428571492
73316  -41.939  -16.968  2.879 0.1428571492
73338  -27.573  -16.351  1.919 0.2857142985
74345  -30.618  -14.976  4.731 0.1428571492
75398  -29.720  -15.237  3.626 0.1428571492
75461  -35.507  -14.598  -0.468 0.4285714328
75462  -36.186  -14.672  -0.673 0.2857142985
75465  -39.123  -14.251  -1.067 0.2857142985
75469  -34.257  -14.409  -0.645 0.5714285970
75472  -36.477  -14.684  -1.080 0.2857142985
75474  -38.377  -14.166  -1.276 0.2857142985
75480  -35.210  -14.321  -1.228 0.4285714328
75483  -37.547  -14.018  -1.461 0.2857142985
75484  -38.049  -13.713  -1.461 0.2857142985
76494  -34.702  -14.137  -1.329 0.5714285970
76496  -37.387  -14.686  -0.627 0.2857142985
76497  -38.590  -13.545  -1.415 0.2857142985
76505  -35.160  -13.846  -1.465 0.5714285970
76506  -36.013  -13.707  -1.498 0.5714285970
76509  -38.087  -13.367  -1.492 0.2857142985
77414  -22.595  -13.106  1.952 0.1428571492
77415  -31.592  -13.583  2.269 0.2857142985
77422  -38.196  -13.205  2.013 0.1428571492
77442  -32.221  -13.782  1.223 0.4285714328
77467  -34.072  -13.176  -1.438 0.5714285970
77480  -34.717  -13.345  -1.583 0.5714285970
77482  -36.194  -13.046  -1.709 0.5714285970
77483  -37.089  -12.887  -1.732 0.4285714328
78390  -34.843  -12.226  3.222 0.1428571492
78403  -34.659  -12.196  3.059 0.2857142985
78404  -35.015  -12.125  2.985 0.1428571492
78446  -37.223  -11.374  -0.082 0.5714285970
78448  -39.406  -11.206  -0.099 0.4285714328
78457  -34.859  -12.115  -1.124 0.7142857313
79305  -38.842  -10.245  5.779 0.1428571492
79358  -41.425  -11.293  1.795 0.1428571492
79370  -34.048  -10.382  0.649 0.7142857313
79375  -38.527  -9.706  0.837 0.4285714328
80362  -34.472  -9.182  1.929 0.7142857313
80364  -35.661  -9.107  2.202 0.7142857313
80377  -30.964  -9.284  0.884 0.5714285970
80407  -40.501  -9.573  -0.497 0.4285714328
81314  -32.605  -7.951  2.048 0.8571428657
81318  -36.291  -8.480  2.300 0.8571428657
81333  -30.440  -8.568  0.789 0.7142857313
81337  -33.861  -9.284  1.570 0.8571428657
81339  -37.253  -8.567  1.938 0.7142857313
81360  -40.151  -8.906  -0.183 0.4285714328
82312  -36.869  -7.687  2.152 0.5714285970
82324  -29.818  -6.957  0.934 0.5714285970
82329  -37.584  -7.630  1.610 0.4285714328
82347  -38.949  -7.763  0.365 0.4285714328
82360  -39.253  -7.495  -0.256 0.4285714328
83337  -32.788  -6.060  2.626 0.8571428657
83351  -30.928  -6.352  1.632 0.5714285970
83368  -38.319  -6.531  0.164 0.4285714328
83369  -38.675  -6.988  -0.020 0.4285714328
84392  -31.958  -5.007  2.612 0.7142857313
84422  -29.349  -5.713  0.776 0.5714285970
84446  -38.354  -5.713  -1.904 0.2857142985
84447  -39.109  -6.089  -1.984 0.1428571492
85362  -31.499  -4.357  2.534 0.5714285970
85392  -27.505  -4.730  0.044 0.2857142985
85395  -29.559  -4.318  1.082 0.5714285970
85418  -37.135  -4.749  -1.829 0.1428571492
86368  -32.024  -3.465  2.607 0.8571428657
86386  -35.731  -3.914  1.147 0.7142857313
86399  -29.276  -3.745  1.008 0.5714285970
86424  -24.798  -2.761  -1.232 0.1428571492
87375  -31.755  -2.628  2.333 0.8571428657
87378  -34.115  -2.859  2.007 0.8571428657
87395  -34.511  -2.573  1.468 0.7142857313
87406  -28.291  -2.846  0.459 0.1428571492
87409  -34.768  -2.340  0.813 0.7142857313
87418  -23.392  -2.071  -1.162 0.1428571492
87430  -24.630  -1.916  -1.244 0.1428571492
87431  -25.386  -2.112  -1.169 0.1428571492
87440  -34.635  -2.280  -2.122 0.1428571492
88344  -33.721  -2.109  1.960 1.0000000000
88358  -29.985  -1.849  1.272 0.4285714328
88376  -29.449  -1.842  1.005 0.2857142985
88379  -35.008  -2.207  -0.121 0.7142857313
88387  -22.845  -1.283  -1.028 0.1428571492
88391  -28.306  -1.402  0.054 0.2857142985
88401  -25.626  -1.219  -1.131 0.2857142985
88404  -34.766  -2.023  -1.203 0.4285714328
89317  -29.789  -1.317  1.156 0.5714285970
89331  -28.858  -0.784  0.323 0.2857142985
89356  -24.756  -0.358  -1.099 0.2857142985
89357  -25.354  -0.531  -1.068 0.2857142985
90285  -32.339  0.240  1.362 0.8571428657
90299  -31.785  0.860  1.155 1.0000000000
90334  -32.614  0.178  -3.007 0.7142857313
91292  -31.293  1.485  0.747 1.0000000000
91295  -33.422  0.870  0.024 0.8571428657
91310  -33.159  1.646  -0.462 0.8571428657
91317  -23.063  1.422  -0.827 0.1428571492
91334  -31.347  1.471  -4.375 0.1428571492
91335  -31.727  1.330  -3.734 0.5714285970
91346  -32.114  0.790  -5.111 0.1428571492
92301  -30.976  2.148  0.358 0.8571428657
92320  -30.650  2.750  0.008 1.0000000000
92333  -24.800  2.762  -0.803 0.1428571492
92335  -25.802  2.921  -0.807 0.2857142985
92345  -32.862  1.731  -2.522 0.7142857313
92387  -31.777  3.019  -6.342 0.1428571492
93246  -26.788  3.083  -0.955 0.2857142985
93264  -28.960  4.069  -1.380 0.5714285970
93277  -26.995  4.127  -2.250 0.2857142985
93278  -31.956  3.834  -2.839 0.7142857313
94102  -31.414  3.724  -0.971 0.8571428657
94117  -26.273  4.046  -2.017 0.2857142985
94122  -31.658  3.976  -1.556 1.0000000000
94170  -30.851  5.375  -5.905 0.5714285970
94182  -32.105  4.993  -7.323 0.1428571492
95000  -30.022  5.411  -2.788 0.7142857313
95013  -25.188  5.960  -3.591 0.2857142985
95030  -27.085  5.913  -4.661 0.2857142985
95890  -24.669  6.259  -3.121 0.2857142985
95891  -24.951  6.497  -3.524 0.2857142985
95919  -26.925  6.460  -5.975 0.7142857313
95930  -26.680  6.747  -6.317 0.5714285970
95942  -33.092  6.954  -7.507 0.1428571492
96830  -26.562  7.033  -6.339 0.5714285970
96853  -33.185  7.339  -7.093 0.1428571492
96861  -32.496  7.831  -8.431 0.1428571492
96865  -28.498  8.570  -9.646 0.2857142985
96866  -28.796  8.277  -9.593 0.2857142985
97672  -28.952  9.104  -6.145 0.2857142985
97698  -30.939  8.705  -9.072 0.1428571492
97704  -28.893  8.885  -9.743 0.2857142985
98512  -28.722  9.432  -6.544 0.2857142985
98522  -31.627  10.205  -8.089 0.1428571492
98530  -30.169  9.624  -9.309 0.2857142985
98535  -28.404  9.646  -9.753 0.2857142985
98536  -28.973  9.665  -9.850 0.2857142985
98537  -29.448  9.845  -9.610 0.2857142985
99410  -28.449  10.444  -9.474 0.2857142985
99414  -28.658  10.048  -9.842 0.2857142985
100355  -27.716  12.500  -5.712 0.1428571492
100381  -29.330  11.477  -8.283 0.1428571492
101128  -27.892  12.587  -5.327 0.1428571492
101147  -29.395  12.876  -7.246 0.1428571492
101842  -28.857  13.242  -7.048 0.1428571492
