#!ascii label  , from subject sub-01 vox2ras=TkReg
983
106245  43.148  21.101  34.860 0.0000000000
108706  46.146  23.169  32.567 0.0000000000
104577  52.551  18.574  39.586 0.0000000000
106193  39.397  20.863  39.214 0.0000000000
104548  43.471  18.015  41.196 0.0000000000
107945  43.482  21.938  29.143 0.0000000000
110959  44.674  26.583  36.986 0.0000000000
112395  50.118  28.462  36.928 0.0000000000
102244  53.697  16.099  42.888 0.0000000000
100458  51.699  13.098  38.624 0.0000000000
105436  46.829  19.446  31.828 0.0000000000
105367  47.926  19.456  38.078 0.0000000000
107055  51.004  20.691  36.016 0.0000000000
107825  52.149  22.371  42.322 0.0000000000
112439  44.876  28.727  34.531 0.0000000000
108737  49.505  23.710  29.568 0.0000000000
102271  47.538  15.326  41.556 0.0000000000
106221  41.511  21.316  37.473 0.0000000000
105338  41.884  19.071  39.879 0.0000000000
105371  43.690  20.032  38.199 0.0000000000
106294  42.251  20.627  31.231 0.0000000000
107107  40.390  21.104  33.464 0.0000000000
112361  45.526  29.136  40.490 0.0000000000
101341  54.150  13.761  45.534 0.0000000000
99511  54.268  12.960  41.777 0.0000000000
100397  52.229  13.223  43.737 0.0000000000
114941  46.595  32.312  32.838 0.0000000000
107124  47.393  20.519  31.214 0.0000000000
106266  48.956  19.512  33.637 0.0000000000
107091  47.952  20.773  33.980 0.0000000000
108609  48.372  23.715  42.335 0.0000000000
108638  50.047  23.286  40.902 0.0000000000
108575  50.819  23.389  44.182 0.0000000000
105280  51.516  20.224  45.090 0.0000000000
110212  48.553  25.392  33.459 0.0000000000
111004  50.440  26.429  33.540 0.0000000000
107920  47.975  23.052  30.537 0.0000000000
106311  48.110  20.618  28.492 0.0000000000
105350  50.105  19.521  39.142 0.0000000000
104544  47.556  18.431  41.311 0.0000000000
103853  50.031  17.380  41.621 0.0000000000
103096  41.171  16.172  42.012 0.0000000000
101390  42.980  14.490  41.356 0.0000000000
110283  46.318  25.644  28.531 0.0000000000
109463  43.102  24.551  31.089 0.0000000000
109424  45.580  25.001  34.611 0.0000000000
107884  46.182  22.317  36.284 0.0000000000
114855  47.670  32.786  40.995 0.0000000000
113651  47.830  30.947  38.715 0.0000000000
111708  47.449  27.672  37.350 0.0000000000
103867  53.431  17.387  40.456 0.0000000000
101381  52.264  14.880  40.812 0.0000000000
101404  54.072  14.413  40.196 0.0000000000
99570  53.804  11.897  36.590 0.0000000000
106269  45.116  20.128  32.659 0.0000000000
105395  45.721  19.675  35.893 0.0000000000
105405  47.826  19.208  34.999 0.0000000000
105391  49.941  19.552  36.297 0.0000000000
106203  52.242  20.370  37.920 0.0000000000
107874  49.019  21.683  37.531 0.0000000000
107861  51.977  22.194  38.551 0.0000000000
106188  53.318  19.817  39.869 0.0000000000
104524  52.593  18.720  42.275 0.0000000000
103038  51.231  16.126  44.785 0.0000000000
114323  43.824  31.588  34.042 0.0000000000
112459  46.789  28.929  31.638 0.0000000000
111016  48.649  26.740  31.925 0.0000000000
111061  48.164  26.494  29.040 0.0000000000
108757  46.326  22.597  27.614 0.0000000000
105457  43.859  19.806  28.976 0.0000000000
105335  45.018  19.091  39.850 0.0000000000
103076  44.928  16.490  42.090 0.0000000000
101413  44.592  13.910  40.206 0.0000000000
101423  48.886  14.062  39.970 0.0000000000
106233  42.345  21.369  36.411 0.0000000000
106205  42.399  20.627  38.151 0.0000000000
106218  43.903  20.425  37.041 0.0000000000
106271  43.038  20.947  33.052 0.0000000000
107117  41.471  21.174  32.787 0.0000000000
107094  41.970  21.452  34.205 0.0000000000
107062  41.611  21.487  36.237 0.0000000000
100370  53.667  13.286  46.580 0.0000000000
100384  53.313  13.028  44.380 0.0000000000
99464  52.867  12.727  45.535 0.0000000000
100469  40.447  13.455  39.470 0.0000000000
107922  46.706  21.807  31.585 0.0000000000
107103  47.686  20.714  33.004 0.0000000000
107104  47.039  21.313  33.334 0.0000000000
107808  48.589  22.896  43.647 0.0000000000
108586  49.593  23.642  43.366 0.0000000000
109446  47.353  24.602  32.547 0.0000000000
108704  48.671  24.466  32.039 0.0000000000
108717  47.324  23.424  31.294 0.0000000000
107931  47.619  22.065  30.122 0.0000000000
105329  51.177  18.912  39.863 0.0000000000
104561  50.356  18.624  40.528 0.0000000000
104540  51.232  17.725  40.848 0.0000000000
106177  38.595  20.409  40.214 0.0000000000
105340  39.756  19.396  40.690 0.0000000000
104569  42.120  18.461  40.494 0.0000000000
104550  41.345  17.825  41.115 0.0000000000
103861  41.738  17.101  41.599 0.0000000000
102254  41.772  15.655  42.031 0.0000000000
103094  43.156  16.382  41.894 0.0000000000
108740  44.543  23.306  29.112 0.0000000000
110267  44.875  25.068  29.903 0.0000000000
108729  43.499  23.318  30.113 0.0000000000
107029  39.155  21.302  38.271 0.0000000000
107016  38.801  21.083  38.964 0.0000000000
110191  45.097  25.636  35.837 0.0000000000
108686  44.803  24.122  35.831 0.0000000000
109402  43.927  24.957  37.543 0.0000000000
111696  44.939  27.749  38.189 0.0000000000
112382  46.474  28.503  38.944 0.0000000000
111710  45.393  27.246  37.262 0.0000000000
110983  46.565  26.250  35.410 0.0000000000
103069  53.773  16.584  42.198 0.0000000000
103101  54.083  15.585  40.444 0.0000000000
102265  54.487  15.170  41.356 0.0000000000
98638  53.467  11.801  40.198 0.0000000000
98667  54.396  11.824  39.136 0.0000000000
98682  53.105  11.360  37.635 0.0000000000
105430  46.026  19.621  32.275 0.0000000000
105418  46.815  19.282  33.820 0.0000000000
105428  47.710  19.080  33.244 0.0000000000
106241  50.155  20.161  34.680 0.0000000000
105414  50.288  19.732  34.926 0.0000000000
106239  51.107  20.212  35.631 0.0000000000
106217  51.434  20.091  36.703 0.0000000000
106216  51.918  20.473  37.206 0.0000000000
107866  47.026  22.262  38.227 0.0000000000
107042  47.878  21.545  36.546 0.0000000000
107865  48.262  22.024  38.421 0.0000000000
108625  51.869  23.294  41.788 0.0000000000
107851  51.465  22.560  39.299 0.0000000000
107836  52.271  22.331  40.249 0.0000000000
107015  52.743  21.531  39.293 0.0000000000
106999  52.388  21.516  41.346 0.0000000000
106158  53.132  19.604  41.058 0.0000000000
106151  52.101  20.493  42.228 0.0000000000
105257  51.294  19.450  45.895 0.0000000000
104504  50.861  19.029  44.416 0.0000000000
113114  44.726  29.360  33.674 0.0000000000
113719  45.380  30.489  32.904 0.0000000000
112448  45.832  28.292  33.119 0.0000000000
113659  49.510  29.641  37.801 0.0000000000
113041  47.690  29.992  36.948 0.0000000000
113084  49.883  29.064  35.831 0.0000000000
110247  50.495  25.220  31.611 0.0000000000
111767  49.556  26.870  32.769 0.0000000000
111039  49.544  25.939  31.009 0.0000000000
111782  48.377  26.721  30.909 0.0000000000
109504  48.672  24.844  29.210 0.0000000000
109505  47.926  24.661  28.463 0.0000000000
108748  47.856  23.407  27.914 0.0000000000
105446  47.035  19.682  30.249 0.0000000000
105464  46.084  19.522  28.431 0.0000000000
105442  45.553  19.546  30.548 0.0000000000
106292  44.575  19.866  30.755 0.0000000000
105381  46.840  19.480  37.039 0.0000000000
105369  45.833  19.520  38.033 0.0000000000
105353  46.953  19.312  38.980 0.0000000000
103836  47.222  17.246  42.027 0.0000000000
103837  46.278  17.234  42.063 0.0000000000
102250  46.171  15.829  42.025 0.0000000000
102274  44.740  15.234  41.634 0.0000000000
101387  46.155  14.701  41.033 0.0000000000
101406  51.811  14.181  40.482 0.0000000000
101407  50.594  14.216  40.510 0.0000000000
100459  50.409  13.505  38.794 0.0000000000
107027  40.666  21.252  38.064 0.0000000000
105359  41.001  19.971  39.563 0.0000000000
106191  41.544  20.360  38.940 0.0000000000
105357  42.738  19.683  39.129 0.0000000000
105337  42.932  19.014  39.798 0.0000000000
107134  42.102  21.233  29.895 0.0000000000
107063  40.329  21.424  36.295 0.0000000000
101355  53.833  14.890  44.285 0.0000000000
101366  54.524  14.307  43.141 0.0000000000
100394  54.306  13.415  43.815 0.0000000000
99496  53.253  12.829  42.275 0.0000000000
105440  47.304  19.640  31.348 0.0000000000
104611  48.184  19.072  32.905 0.0000000000
106279  47.948  19.864  32.013 0.0000000000
106255  48.747  20.319  33.806 0.0000000000
107074  49.845  20.523  35.137 0.0000000000
108640  48.162  23.274  40.690 0.0000000000
107840  48.946  22.809  40.056 0.0000000000
108628  49.259  23.665  41.610 0.0000000000
108607  50.477  23.888  42.521 0.0000000000
108583  52.021  22.882  43.058 0.0000000000
106997  51.964  21.625  43.089 0.0000000000
106970  52.049  21.783  44.847 0.0000000000
106119  52.112  20.718  45.933 0.0000000000
105242  52.073  20.063  47.224 0.0000000000
112412  44.634  28.898  35.838 0.0000000000
111734  49.467  27.026  35.763 0.0000000000
111733  50.372  27.495  35.216 0.0000000000
110198  49.931  26.062  34.137 0.0000000000
109459  50.088  24.700  31.977 0.0000000000
108728  49.676  23.845  30.478 0.0000000000
107952  48.707  22.406  28.352 0.0000000000
107131  48.189  21.654  29.504 0.0000000000
107132  47.460  20.946  30.192 0.0000000000
105351  49.054  19.512  39.081 0.0000000000
105332  48.131  19.177  39.880 0.0000000000
105331  49.179  19.185  39.902 0.0000000000
103854  48.880  17.745  41.692 0.0000000000
103072  48.535  16.590  42.025 0.0000000000
100505  51.363  13.225  36.219 0.0000000000
100485  49.720  13.548  37.812 0.0000000000
103863  39.364  17.027  42.089 0.0000000000
104571  40.291  18.795  40.820 0.0000000000
103862  40.639  17.093  41.741 0.0000000000
103097  40.028  16.243  42.079 0.0000000000
101392  40.600  14.540  41.507 0.0000000000
101391  41.698  14.296  41.248 0.0000000000
101416  41.849  13.819  40.616 0.0000000000
111808  46.099  27.926  29.288 0.0000000000
111042  44.831  26.620  30.537 0.0000000000
109435  45.674  24.129  33.722 0.0000000000
107899  46.303  22.055  34.491 0.0000000000
107893  45.382  22.861  35.563 0.0000000000
107885  45.335  23.023  36.687 0.0000000000
107867  45.875  22.843  38.595 0.0000000000
108654  46.667  23.161  39.802 0.0000000000
108631  46.304  23.586  41.291 0.0000000000
114260  47.987  31.606  39.950 0.0000000000
113636  49.009  30.377  39.926 0.0000000000
113028  49.299  29.427  38.933 0.0000000000
111707  48.499  27.773  37.224 0.0000000000
110982  47.952  26.778  35.696 0.0000000000
110214  46.804  25.443  34.012 0.0000000000
103873  53.244  17.550  39.939 0.0000000000
103851  52.209  16.915  40.701 0.0000000000
103103  53.064  16.069  40.330 0.0000000000
101405  53.059  14.594  40.397 0.0000000000
100457  53.112  12.835  38.505 0.0000000000
100434  54.378  13.313  39.950 0.0000000000
99540  54.102  12.736  38.477 0.0000000000
100483  52.301  12.768  37.186 0.0000000000
106258  43.719  20.841  33.983 0.0000000000
105396  44.869  20.166  35.721 0.0000000000
105407  45.588  19.788  34.696 0.0000000000
105394  46.819  19.464  35.978 0.0000000000
105393  47.861  19.327  36.061 0.0000000000
105416  48.636  19.162  34.064 0.0000000000
105404  48.811  19.289  35.158 0.0000000000
105379  48.948  19.525  37.167 0.0000000000
105365  50.053  19.676  38.233 0.0000000000
105364  51.046  19.737  38.370 0.0000000000
105348  52.139  19.238  39.318 0.0000000000
107077  46.814  21.704  35.151 0.0000000000
107058  48.300  21.213  35.795 0.0000000000
107039  50.685  21.488  36.897 0.0000000000
107853  49.685  22.387  39.232 0.0000000000
107863  50.452  22.020  38.170 0.0000000000
107026  51.263  21.766  37.605 0.0000000000
107024  52.438  21.548  38.331 0.0000000000
105362  52.771  19.839  38.869 0.0000000000
105347  53.104  19.221  39.311 0.0000000000
105327  53.431  18.982  40.596 0.0000000000
104537  53.253  18.466  41.626 0.0000000000
103812  52.873  17.259  42.992 0.0000000000
104509  51.411  18.928  43.320 0.0000000000
103813  51.795  17.759  43.350 0.0000000000
102230  52.644  16.163  44.013 0.0000000000
102213  52.571  14.970  45.276 0.0000000000
114321  45.601  31.489  33.002 0.0000000000
113730  46.970  30.519  31.826 0.0000000000
112473  47.720  28.837  30.530 0.0000000000
112434  49.908  28.174  34.647 0.0000000000
111747  46.892  27.705  33.582 0.0000000000
111770  46.770  27.880  31.947 0.0000000000
111797  48.158  27.887  29.937 0.0000000000
111806  48.207  27.928  29.054 0.0000000000
110282  47.287  25.735  28.279 0.0000000000
109507  46.046  24.300  28.194 0.0000000000
108751  44.942  22.831  28.389 0.0000000000
107156  47.469  21.379  27.471 0.0000000000
107159  45.070  20.559  27.659 0.0000000000
107151  43.230  20.582  28.853 0.0000000000
106293  43.370  20.333  30.933 0.0000000000
106282  43.178  20.661  32.015 0.0000000000
105383  44.590  20.125  37.006 0.0000000000
105355  44.873  19.397  38.991 0.0000000000
104567  44.199  18.660  40.601 0.0000000000
104565  46.263  18.759  40.610 0.0000000000
104546  45.537  18.317  41.267 0.0000000000
103859  43.927  17.302  41.677 0.0000000000
102275  43.707  15.444  41.817 0.0000000000
101414  43.466  13.904  40.608 0.0000000000
103091  51.563  16.360  41.297 0.0000000000
102269  49.462  15.425  41.599 0.0000000000
101385  48.021  14.821  41.070 0.0000000000
100486  48.550  13.596  37.948 0.0000000000
101411  46.681  14.399  40.345 0.0000000000
100387  50.796  13.414  44.463 0.0000000000
99499  50.282  13.036  42.331 0.0000000000
106232  43.060  21.156  36.099 0.0000000000
106259  42.745  21.185  33.945 0.0000000000
106260  42.255  21.332  33.673 0.0000000000
107093  42.585  21.308  34.592 0.0000000000
107078  42.364  21.409  35.313 0.0000000000
107912  46.334  22.075  32.697 0.0000000000
107115  47.064  21.220  32.356 0.0000000000
108705  46.794  23.751  32.065 0.0000000000
108718  46.542  22.804  31.741 0.0000000000
105328  51.905  18.572  39.806 0.0000000000
104560  51.262  18.326  40.370 0.0000000000
104559  52.268  17.848  40.102 0.0000000000
106176  39.578  20.177  40.083 0.0000000000
104549  42.419  17.870  41.102 0.0000000000
103860  42.789  17.199  41.605 0.0000000000
108741  43.803  22.834  29.428 0.0000000000
109492  44.143  23.661  29.755 0.0000000000
107933  43.071  22.414  29.765 0.0000000000
106208  39.754  21.153  38.541 0.0000000000
110183  44.916  25.932  36.227 0.0000000000
109410  44.405  25.156  36.609 0.0000000000
110174  44.154  25.745  37.089 0.0000000000
111711  44.459  27.261  37.706 0.0000000000
110973  45.066  26.361  36.478 0.0000000000
103068  54.247  15.931  41.573 0.0000000000
102243  54.253  15.439  42.574 0.0000000000
98669  53.171  11.430  38.547 0.0000000000
105429  46.909  19.288  32.807 0.0000000000
107073  50.602  20.432  35.307 0.0000000000
106240  50.809  20.066  34.974 0.0000000000
107072  50.959  20.365  35.412 0.0000000000
106229  51.387  20.349  36.334 0.0000000000
107855  47.498  22.663  39.362 0.0000000000
107829  52.022  23.099  41.013 0.0000000000
107828  52.224  22.503  41.349 0.0000000000
107007  52.688  21.521  40.321 0.0000000000
106159  52.622  20.461  41.341 0.0000000000
106996  52.058  21.588  42.565 0.0000000000
104498  50.921  18.909  46.360 0.0000000000
113101  44.024  29.273  34.793 0.0000000000
112449  45.198  28.592  33.908 0.0000000000
113038  49.810  29.176  37.680 0.0000000000
113039  49.491  29.602  37.278 0.0000000000
113060  49.943  29.181  36.749 0.0000000000
109488  49.842  24.514  30.382 0.0000000000
110248  50.089  25.359  31.012 0.0000000000
110264  49.652  25.106  30.296 0.0000000000
110265  48.988  25.466  29.927 0.0000000000
109489  49.416  24.631  29.737 0.0000000000
108747  48.910  23.691  28.756 0.0000000000
105441  46.527  19.567  30.863 0.0000000000
105447  46.226  19.426  29.911 0.0000000000
105437  45.956  19.596  31.368 0.0000000000
105380  47.889  19.430  37.091 0.0000000000
105368  46.879  19.427  38.039 0.0000000000
102249  47.089  15.877  41.974 0.0000000000
103074  46.670  16.550  42.135 0.0000000000
102272  46.609  15.266  41.569 0.0000000000
102273  45.679  15.221  41.587 0.0000000000
100437  51.136  13.602  39.730 0.0000000000
106206  41.291  21.064  38.186 0.0000000000
105372  42.862  20.173  38.470 0.0000000000
106190  42.259  20.127  38.850 0.0000000000
105356  43.820  19.523  39.041 0.0000000000
106305  42.404  20.550  30.123 0.0000000000
107135  41.391  21.007  30.319 0.0000000000
106306  41.464  20.740  30.794 0.0000000000
107106  41.225  21.314  33.454 0.0000000000
106285  40.360  20.826  32.183 0.0000000000
107044  40.878  21.395  37.352 0.0000000000
101349  53.929  14.494  45.015 0.0000000000
101354  54.330  14.233  44.300 0.0000000000
100383  54.300  13.525  44.782 0.0000000000
100396  53.066  13.152  43.764 0.0000000000
100410  52.725  13.085  42.985 0.0000000000
99497  52.378  12.772  42.268 0.0000000000
99498  51.371  12.861  42.271 0.0000000000
114923  45.792  32.419  33.217 0.0000000000
115592  46.302  33.636  33.423 0.0000000000
106290  47.397  20.109  30.765 0.0000000000
107114  47.602  20.564  32.132 0.0000000000
106256  48.212  20.497  33.385 0.0000000000
107090  48.531  20.583  34.166 0.0000000000
106242  49.488  20.291  34.437 0.0000000000
107075  48.768  20.687  34.766 0.0000000000
108629  48.271  23.600  41.499 0.0000000000
108585  50.711  23.781  43.407 0.0000000000
108606  51.391  23.648  42.551 0.0000000000
108584  51.555  23.381  43.440 0.0000000000
107806  51.876  22.793  43.760 0.0000000000
108574  51.431  23.091  44.250 0.0000000000
107781  51.724  22.083  45.657 0.0000000000
106957  52.292  21.147  46.522 0.0000000000
106108  52.083  20.351  46.472 0.0000000000
106948  52.274  20.966  47.071 0.0000000000
110993  49.512  26.434  34.770 0.0000000000
110199  49.079  25.907  34.199 0.0000000000
108716  48.489  23.942  31.413 0.0000000000
108703  49.280  24.531  32.026 0.0000000000
108715  49.571  24.111  31.286 0.0000000000
107919  49.046  23.352  30.578 0.0000000000
107943  48.979  22.194  29.285 0.0000000000
107930  48.597  22.519  29.942 0.0000000000
107133  47.268  20.985  30.874 0.0000000000
104542  49.625  18.250  41.216 0.0000000000
103834  49.088  17.143  41.906 0.0000000000
103071  49.471  16.694  41.911 0.0000000000
103864  38.785  17.352  42.148 0.0000000000
105339  40.856  19.324  40.120 0.0000000000
104570  41.085  18.536  40.584 0.0000000000
102278  40.338  15.376  41.908 0.0000000000
102276  42.356  15.424  41.923 0.0000000000
102277  41.346  15.299  41.849 0.0000000000
101415  42.483  13.878  40.689 0.0000000000
111063  46.811  26.870  28.446 0.0000000000
111050  46.179  26.727  29.102 0.0000000000
110252  44.175  25.084  30.657 0.0000000000
110251  44.628  25.498  30.376 0.0000000000
111029  44.294  26.041  30.978 0.0000000000
111030  43.593  26.325  31.460 0.0000000000
108692  45.268  23.628  34.651 0.0000000000
107878  45.331  23.150  37.778 0.0000000000
108655  45.854  23.313  39.615 0.0000000000
114862  46.728  32.504  40.063 0.0000000000
114861  47.462  32.289  40.336 0.0000000000
113637  48.757  30.772  40.593 0.0000000000
113015  49.004  30.298  40.196 0.0000000000
113022  49.197  29.946  39.810 0.0000000000
112399  47.010  28.098  38.129 0.0000000000
112398  48.106  28.230  38.065 0.0000000000
111724  48.848  27.407  36.501 0.0000000000
111725  47.830  27.262  36.453 0.0000000000
110202  45.875  25.521  34.850 0.0000000000
110996  46.823  26.067  34.966 0.0000000000
109423  46.188  25.291  34.265 0.0000000000
109434  46.546  25.084  33.659 0.0000000000
103102  53.703  16.159  40.346 0.0000000000
102283  54.273  15.096  40.622 0.0000000000
102284  53.815  15.243  40.348 0.0000000000
100436  52.457  13.472  39.696 0.0000000000
100435  53.613  13.625  39.581 0.0000000000
100407  54.488  13.472  42.478 0.0000000000
100422  54.636  13.451  41.250 0.0000000000
99527  54.352  12.485  40.601 0.0000000000
99559  54.244  11.976  37.859 0.0000000000
99548  54.398  12.211  38.640 0.0000000000
99560  54.021  12.184  37.325 0.0000000000
99550  53.599  12.533  37.667 0.0000000000
99551  53.155  12.608  37.068 0.0000000000
100504  52.218  12.903  35.743 0.0000000000
99571  53.382  12.265  35.935 0.0000000000
106257  44.820  20.274  33.940 0.0000000000
106243  44.919  20.222  34.734 0.0000000000
105406  46.794  19.387  34.894 0.0000000000
105434  48.361  19.228  33.001 0.0000000000
104610  48.450  19.101  33.162 0.0000000000
105426  49.060  19.452  33.881 0.0000000000
105403  49.763  19.528  35.385 0.0000000000
105392  48.897  19.408  36.170 0.0000000000
105378  50.028  19.619  37.268 0.0000000000
105376  51.735  20.019  37.829 0.0000000000
105377  51.080  19.878  37.404 0.0000000000
105363  52.041  19.852  38.499 0.0000000000
107892  46.170  22.278  35.321 0.0000000000
107060  46.638  21.951  35.790 0.0000000000
107041  48.734  21.441  36.633 0.0000000000
107040  49.708  21.393  36.708 0.0000000000
107873  49.891  21.691  37.542 0.0000000000
107839  49.895  22.834  40.095 0.0000000000
107852  50.636  22.505  39.219 0.0000000000
107862  51.331  22.192  38.404 0.0000000000
107025  51.901  21.758  37.818 0.0000000000
106189  53.141  20.487  39.425 0.0000000000
105346  53.395  18.996  39.949 0.0000000000
106173  53.259  19.756  40.513 0.0000000000
104538  52.817  19.096  41.770 0.0000000000
105312  53.236  19.033  41.255 0.0000000000
104523  53.183  18.051  42.108 0.0000000000
103830  53.323  17.420  42.370 0.0000000000
103831  52.682  17.973  42.672 0.0000000000
106144  51.733  21.108  43.910 0.0000000000
105299  51.750  20.325  42.976 0.0000000000
105286  51.407  20.008  43.924 0.0000000000
103044  50.683  17.159  44.625 0.0000000000
103814  51.106  18.577  43.766 0.0000000000
103803  51.451  17.309  43.838 0.0000000000
103052  52.452  16.685  43.635 0.0000000000
103042  52.232  16.281  44.055 0.0000000000
102220  52.332  15.781  44.487 0.0000000000
113721  43.790  30.769  34.189 0.0000000000
114307  43.017  31.724  34.563 0.0000000000
114322  44.907  31.511  33.450 0.0000000000
113127  46.114  29.528  32.254 0.0000000000
113731  46.188  30.517  32.343 0.0000000000
113126  46.798  29.672  31.700 0.0000000000
113138  47.394  29.709  31.186 0.0000000000
112474  47.309  28.959  31.160 0.0000000000
111743  50.252  27.302  34.242 0.0000000000
112433  50.356  28.072  35.127 0.0000000000
111015  49.407  26.617  32.123 0.0000000000
111756  49.159  27.260  33.259 0.0000000000
111757  48.120  27.320  33.081 0.0000000000
111758  46.884  27.530  32.942 0.0000000000
111769  47.808  27.129  32.115 0.0000000000
111048  48.437  26.324  29.746 0.0000000000
111796  48.321  26.975  30.235 0.0000000000
111805  48.239  27.155  29.428 0.0000000000
111817  48.024  27.217  28.835 0.0000000000
111062  47.631  26.651  28.604 0.0000000000
108749  46.669  23.523  27.723 0.0000000000
109506  47.004  24.629  27.880 0.0000000000
108750  45.755  23.239  28.041 0.0000000000
107954  45.427  22.304  27.797 0.0000000000
107148  48.390  21.323  28.155 0.0000000000
107960  48.347  21.773  27.895 0.0000000000
106321  47.928  20.751  27.852 0.0000000000
105466  44.640  19.620  28.578 0.0000000000
106335  45.145  20.091  27.796 0.0000000000
106325  44.432  19.998  28.120 0.0000000000
107150  43.730  20.728  28.402 0.0000000000
106327  43.339  20.257  28.885 0.0000000000
106315  43.091  20.332  29.284 0.0000000000
106304  43.682  20.012  29.835 0.0000000000
106281  44.283  20.299  31.806 0.0000000000
106270  44.080  20.629  32.903 0.0000000000
105382  45.755  19.634  37.011 0.0000000000
105354  45.914  19.285  38.964 0.0000000000
105336  43.974  19.111  39.859 0.0000000000
104564  47.291  18.822  40.634 0.0000000000
105333  47.086  19.142  39.858 0.0000000000
103838  45.381  17.168  42.024 0.0000000000
103857  45.898  17.823  41.750 0.0000000000
103858  44.956  17.666  41.682 0.0000000000
103839  44.632  17.049  41.955 0.0000000000
103077  44.119  16.441  41.990 0.0000000000
102252  44.534  15.864  42.018 0.0000000000
101388  45.169  14.595  41.044 0.0000000000
101389  44.121  14.505  41.212 0.0000000000
100440  43.674  13.635  39.828 0.0000000000
103090  52.462  16.293  40.661 0.0000000000
102267  51.859  15.545  41.129 0.0000000000
101408  49.453  14.283  40.448 0.0000000000
101383  50.045  14.790  41.188 0.0000000000
101384  48.978  14.805  41.123 0.0000000000
101409  48.507  14.412  40.480 0.0000000000
100507  49.160  13.608  36.792 0.0000000000
100508  48.071  13.600  36.931 0.0000000000
106220  42.190  21.259  37.162 0.0000000000
106219  43.240  20.705  37.210 0.0000000000
105384  43.739  20.346  37.498 0.0000000000
106283  42.072  21.021  32.295 0.0000000000
107116  41.944  21.243  32.880 0.0000000000
107095  40.966  21.419  34.281 0.0000000000
107080  40.688  21.472  35.253 0.0000000000
107079  41.535  21.511  35.062 0.0000000000
100374  54.016  13.294  45.926 0.0000000000
99476  54.162  13.089  45.220 0.0000000000
99463  53.803  12.783  45.959 0.0000000000
99478  53.182  12.914  44.829 0.0000000000
100385  52.678  13.099  44.562 0.0000000000
107125  47.191  21.082  31.464 0.0000000000
108587  48.483  23.505  43.114 0.0000000000
108576  50.100  23.401  43.939 0.0000000000
109433  47.786  25.193  33.175 0.0000000000
110224  48.799  25.246  33.079 0.0000000000
109460  48.155  24.438  32.070 0.0000000000
109461  47.607  24.061  31.833 0.0000000000
107921  47.031  22.485  30.855 0.0000000000
107932  47.102  21.529  30.772 0.0000000000
105349  51.133  19.447  39.196 0.0000000000
105330  50.211  19.131  39.909 0.0000000000
104541  50.519  18.126  40.992 0.0000000000
103095  42.127  16.338  41.983 0.0000000000
109490  45.572  24.745  28.881 0.0000000000
110266  45.383  25.504  29.534 0.0000000000
109491  44.832  24.414  29.580 0.0000000000
109475  44.001  24.489  30.480 0.0000000000
109476  43.139  23.765  30.624 0.0000000000
107046  38.805  21.271  37.201 0.0000000000
107030  38.230  21.217  37.926 0.0000000000
106194  38.324  20.845  39.503 0.0000000000
109416  45.117  25.050  35.386 0.0000000000
108687  44.588  24.720  36.284 0.0000000000
108680  44.445  24.459  36.874 0.0000000000
112370  44.657  28.539  39.717 0.0000000000
112369  45.828  28.959  39.975 0.0000000000
112383  45.357  28.355  38.936 0.0000000000
111695  45.928  27.925  38.139 0.0000000000
111709  46.420  27.568  37.407 0.0000000000
110971  47.060  26.850  36.093 0.0000000000
110972  45.685  26.574  36.294 0.0000000000
110182  45.367  26.110  35.961 0.0000000000
103089  53.961  16.588  41.072 0.0000000000
103088  54.242  15.779  40.823 0.0000000000
101403  54.589  14.324  40.829 0.0000000000
99528  53.673  12.141  40.867 0.0000000000
98636  54.356  12.148  40.232 0.0000000000
98654  54.045  11.633  39.653 0.0000000000
98681  53.780  11.473  37.979 0.0000000000
98693  53.770  11.463  37.097 0.0000000000
105419  45.899  19.680  33.367 0.0000000000
105417  47.799  19.074  33.997 0.0000000000
106254  49.390  19.810  34.091 0.0000000000
106253  50.131  19.869  34.582 0.0000000000
105402  50.726  19.757  35.571 0.0000000000
105390  50.971  19.823  36.421 0.0000000000
105389  51.350  20.006  36.118 0.0000000000
107876  46.987  21.842  36.904 0.0000000000
107883  46.770  21.913  36.233 0.0000000000
107875  47.988  21.710  37.413 0.0000000000
107864  49.357  21.981  38.393 0.0000000000
108637  50.827  23.378  40.895 0.0000000000
107838  50.780  22.935  40.132 0.0000000000
107837  51.607  22.965  40.317 0.0000000000
107850  52.198  22.283  39.294 0.0000000000
106174  52.999  20.611  40.441 0.0000000000
105313  52.679  19.705  41.605 0.0000000000
105298  52.247  19.604  42.226 0.0000000000
105270  51.205  19.569  45.174 0.0000000000
105281  51.219  19.658  44.438 0.0000000000
104501  50.735  18.848  45.241 0.0000000000
103800  50.360  17.757  45.412 0.0000000000
113102  43.325  29.935  34.820 0.0000000000
113705  43.831  30.098  34.251 0.0000000000
113720  44.377  30.623  33.740 0.0000000000
113113  45.410  29.384  32.910 0.0000000000
112460  46.297  28.529  32.267 0.0000000000
113650  48.852  30.413  38.597 0.0000000000
113661  48.307  30.380  37.782 0.0000000000
113040  48.759  29.904  37.085 0.0000000000
113061  49.280  29.502  36.468 0.0000000000
110234  50.637  25.557  32.227 0.0000000000
111005  50.372  26.580  33.147 0.0000000000
111025  50.554  26.053  32.132 0.0000000000
111026  50.038  26.177  31.619 0.0000000000
111027  49.030  26.430  31.369 0.0000000000
111028  48.271  26.840  31.451 0.0000000000
111040  48.843  26.158  30.551 0.0000000000
110280  48.417  25.764  29.334 0.0000000000
110281  47.992  25.705  28.783 0.0000000000
108756  47.264  22.748  27.543 0.0000000000
106312  47.661  20.116  28.907 0.0000000000
106322  47.339  19.984  28.072 0.0000000000
105453  46.883  19.579  29.061 0.0000000000
105454  45.782  19.429  29.085 0.0000000000
105448  45.294  19.487  29.701 0.0000000000
106303  44.362  19.774  30.056 0.0000000000
106291  45.347  19.695  31.084 0.0000000000
106280  45.255  19.902  31.650 0.0000000000
105334  46.053  19.069  39.835 0.0000000000
103855  47.863  17.876  41.775 0.0000000000
103856  46.868  17.872  41.764 0.0000000000
103075  45.764  16.523  42.159 0.0000000000
102251  45.286  15.823  42.026 0.0000000000
101382  51.221  14.799  41.110 0.0000000000
100438  49.974  13.821  39.795 0.0000000000
106207  40.302  21.038  38.567 0.0000000000
106192  40.515  20.518  39.261 0.0000000000
105358  41.711  19.746  39.423 0.0000000000
104568  43.159  18.539  40.533 0.0000000000
107946  42.746  21.572  29.468 0.0000000000
107934  42.292  22.048  30.057 0.0000000000
107936  40.862  21.494  30.778 0.0000000000
106284  41.063  20.870  32.154 0.0000000000
107045  39.775  21.357  37.254 0.0000000000
107028  40.104  21.314  38.034 0.0000000000
112371  43.794  28.129  39.408 0.0000000000
111697  44.165  27.581  38.317 0.0000000000
102228  54.140  14.948  43.631 0.0000000000
99494  54.183  13.103  42.387 0.0000000000
100395  53.730  13.082  43.877 0.0000000000
100409  53.483  13.059  43.032 0.0000000000
99512  53.818  12.542  41.592 0.0000000000
99513  53.022  12.489  41.549 0.0000000000
99529  52.770  12.156  40.821 0.0000000000
105435  47.855  19.231  32.475 0.0000000000
106278  48.256  19.422  32.684 0.0000000000
106267  48.711  19.815  33.216 0.0000000000
106268  48.226  20.244  32.881 0.0000000000
107056  50.267  20.874  35.965 0.0000000000
107841  48.087  22.844  40.008 0.0000000000
108639  49.115  23.292  40.807 0.0000000000
108608  49.410  23.862  42.465 0.0000000000
108627  50.244  23.680  41.665 0.0000000000
108626  51.260  23.534  41.537 0.0000000000
108605  51.988  23.122  42.445 0.0000000000
106984  52.045  21.999  43.116 0.0000000000
107805  52.040  22.320  43.099 0.0000000000
106985  51.946  21.946  43.606 0.0000000000
106133  51.827  20.953  44.974 0.0000000000
105269  51.704  20.036  45.903 0.0000000000
105256  51.815  19.805  46.741 0.0000000000
104493  50.949  18.648  47.262 0.0000000000
112426  44.668  28.829  35.323 0.0000000000
111705  50.044  28.012  36.674 0.0000000000
112409  50.310  28.263  36.457 0.0000000000
110979  50.232  27.243  35.481 0.0000000000
110992  50.207  26.643  34.515 0.0000000000
110210  50.310  25.890  33.621 0.0000000000
110223  49.133  25.273  33.108 0.0000000000
109443  50.346  25.520  33.085 0.0000000000
109458  50.427  25.248  32.499 0.0000000000
109472  50.553  24.987  31.916 0.0000000000
109473  50.140  24.645  31.240 0.0000000000
108746  49.333  23.284  29.057 0.0000000000
107929  49.337  23.003  29.838 0.0000000000
106301  47.978  20.761  29.261 0.0000000000
106302  47.476  20.136  29.716 0.0000000000
105366  48.984  19.616  38.145 0.0000000000
105352  47.998  19.398  39.018 0.0000000000
104563  48.329  18.846  40.652 0.0000000000
104562  49.365  18.780  40.624 0.0000000000
104543  48.588  18.390  41.293 0.0000000000
103835  48.182  17.226  42.008 0.0000000000
103073  47.602  16.567  42.107 0.0000000000
102248  48.019  15.909  41.969 0.0000000000
100484  50.951  13.285  37.540 0.0000000000
100506  50.274  13.517  36.561 0.0000000000
103080  38.836  16.373  42.291 0.0000000000
106175  40.351  19.890  39.971 0.0000000000
104551  40.182  18.034  41.415 0.0000000000
103098  39.309  16.213  42.192 0.0000000000
102279  39.274  15.487  42.049 0.0000000000
101393  39.577  14.626  41.611 0.0000000000
100443  41.184  13.629  40.360 0.0000000000
111041  45.324  26.222  29.944 0.0000000000
111798  45.463  27.301  29.920 0.0000000000
108730  42.711  22.929  30.384 0.0000000000
108719  42.400  23.579  30.975 0.0000000000
109448  45.837  23.470  33.216 0.0000000000
107913  46.133  22.289  33.373 0.0000000000
108697  45.610  23.155  33.862 0.0000000000
107900  45.672  22.669  34.622 0.0000000000
107877  46.081  22.493  37.436 0.0000000000
108641  47.183  23.308  40.410 0.0000000000
108630  47.292  23.562  41.366 0.0000000000
108610  47.373  23.604  42.213 0.0000000000
113647  48.083  31.228  39.413 0.0000000000
114259  48.446  31.468  40.551 0.0000000000
113646  48.617  30.882  39.638 0.0000000000
113645  49.156  30.136  39.239 0.0000000000
113649  49.357  29.790  38.359 0.0000000000
112379  49.454  28.867  38.172 0.0000000000
112368  47.064  28.938  39.649 0.0000000000
112380  48.742  28.914  38.896 0.0000000000
112397  49.059  28.397  37.778 0.0000000000
112396  49.789  28.518  37.351 0.0000000000
111723  49.706  27.384  36.157 0.0000000000
110981  49.100  26.759  35.427 0.0000000000
110994  48.522  26.373  34.855 0.0000000000
110995  47.383  26.213  34.939 0.0000000000
110200  47.924  25.843  34.309 0.0000000000
109447  46.253  24.122  32.852 0.0000000000
104576  53.087  18.053  39.714 0.0000000000
103868  52.892  17.058  40.137 0.0000000000
103850  52.569  16.738  40.456 0.0000000000
102266  52.715  15.401  40.620 0.0000000000
102285  53.329  15.502  40.375 0.0000000000
101380  52.715  14.954  40.635 0.0000000000
101379  54.704  14.363  41.932 0.0000000000
99539  54.456  12.400  39.525 0.0000000000
100455  54.353  12.671  39.020 0.0000000000
100456  54.057  13.015  38.873 0.0000000000
106244  44.218  20.585  35.124 0.0000000000
105408  44.932  20.205  35.092 0.0000000000
104594  48.073  18.974  33.533 0.0000000000
104593  48.191  19.024  33.758 0.0000000000
105415  49.509  19.563  34.525 0.0000000000
107905  46.386  21.881  33.675 0.0000000000
107092  47.029  21.489  34.275 0.0000000000
107076  47.711  21.244  34.986 0.0000000000
107059  47.305  21.618  35.924 0.0000000000
107057  49.319  21.001  35.826 0.0000000000
107854  48.653  22.424  39.275 0.0000000000
107038  51.630  21.195  36.926 0.0000000000
107037  52.181  21.211  37.534 0.0000000000
106215  52.433  20.866  37.811 0.0000000000
106202  52.754  20.634  38.468 0.0000000000
104575  53.414  18.233  40.186 0.0000000000
104557  53.553  18.282  40.886 0.0000000000
103849  53.596  17.551  41.501 0.0000000000
103051  53.304  16.585  43.045 0.0000000000
106152  51.878  21.221  43.057 0.0000000000
104525  51.797  19.349  42.823 0.0000000000
104510  51.124  19.343  43.946 0.0000000000
103832  52.019  18.524  42.817 0.0000000000
102229  53.411  15.802  43.756 0.0000000000
102219  53.273  15.085  44.713 0.0000000000
102212  53.347  14.564  45.388 0.0000000000
101342  53.796  13.863  45.853 0.0000000000
114335  46.409  31.489  32.558 0.0000000000
113740  47.557  30.455  31.319 0.0000000000
113137  47.808  29.719  30.586 0.0000000000
113148  48.114  29.679  30.034 0.0000000000
112410  45.976  28.837  35.798 0.0000000000
112438  45.713  28.350  34.378 0.0000000000
113099  50.260  28.515  35.666 0.0000000000
113100  50.064  28.574  35.259 0.0000000000
111744  49.567  27.630  33.972 0.0000000000
112437  46.760  27.981  34.184 0.0000000000
111771  46.283  28.145  32.480 0.0000000000
111783  47.756  27.532  30.996 0.0000000000
111784  47.270  28.407  31.262 0.0000000000
112484  48.179  28.783  29.530 0.0000000000
111818  47.607  27.719  28.539 0.0000000000
108739  45.290  23.802  28.704 0.0000000000
107944  44.185  22.386  28.751 0.0000000000
107961  47.930  22.130  27.570 0.0000000000
107962  46.955  21.969  27.364 0.0000000000
106333  46.556  20.415  27.596 0.0000000000
107158  45.852  20.888  27.471 0.0000000000
107963  46.038  21.729  27.447 0.0000000000
107955  44.597  21.923  28.071 0.0000000000
107956  43.883  21.513  28.482 0.0000000000
107142  43.188  21.184  28.847 0.0000000000
107143  42.663  20.853  29.308 0.0000000000
106231  43.986  20.507  36.382 0.0000000000
105370  44.764  19.728  38.067 0.0000000000
104545  46.539  18.390  41.285 0.0000000000
104566  45.236  18.727  40.616 0.0000000000
104547  44.519  18.179  41.250 0.0000000000
104539  51.896  17.393  40.631 0.0000000000
103852  51.291  17.105  41.224 0.0000000000
103092  50.544  16.577  41.689 0.0000000000
102268  50.612  15.670  41.624 0.0000000000
102246  49.775  16.049  41.881 0.0000000000
102247  48.944  15.988  41.893 0.0000000000
102270  48.479  15.374  41.559 0.0000000000
100460  49.088  13.710  39.145 0.0000000000
100461  47.890  13.758  38.916 0.0000000000
101424  48.186  14.052  39.785 0.0000000000
101410  47.610  14.431  40.406 0.0000000000
101386  47.093  14.754  41.061 0.0000000000
101412  45.715  14.263  40.305 0.0000000000
100376  51.260  13.285  45.186 0.0000000000
100398  51.289  13.364  43.713 0.0000000000
100399  50.342  13.408  43.734 0.0000000000
100412  50.837  13.329  42.969 0.0000000000
98637  54.152  11.956  40.262 0.0000000000
98639  52.524  11.783  40.083 0.0000000000
98653  54.385  12.033  39.899 0.0000000000
98655  53.297  11.547  39.424 0.0000000000
98668  53.946  11.417  38.834 0.0000000000
98680  54.195  11.721  38.321 0.0000000000
98692  54.066  11.652  37.663 0.0000000000
99462  54.106  13.137  45.649 0.0000000000
99477  53.696  12.935  44.838 0.0000000000
99487  54.130  13.166  44.599 0.0000000000
99488  54.011  13.066  44.282 0.0000000000
99495  53.886  12.895  42.346 0.0000000000
99541  53.856  12.733  38.329 0.0000000000
99549  54.121  12.440  38.192 0.0000000000
99561  53.563  12.351  36.758 0.0000000000
99562  52.981  12.643  36.274 0.0000000000
99569  54.083  11.793  37.250 0.0000000000
100373  54.180  13.500  45.466 0.0000000000
100375  52.089  13.096  45.132 0.0000000000
100386  51.731  13.291  44.470 0.0000000000
100408  54.050  13.118  42.994 0.0000000000
100411  51.808  13.141  42.969 0.0000000000
100439  49.323  13.949  39.867 0.0000000000
100442  42.013  13.595  40.047 0.0000000000
100480  54.317  12.483  38.612 0.0000000000
100481  54.228  12.672  38.632 0.0000000000
100482  53.061  12.634  37.602 0.0000000000
101348  54.271  13.928  45.205 0.0000000000
102221  51.594  15.979  44.673 0.0000000000
102245  50.226  16.184  41.822 0.0000000000
102253  41.995  15.845  42.096 0.0000000000
103043  51.479  16.631  44.236 0.0000000000
103053  51.785  17.071  43.722 0.0000000000
103070  49.990  16.462  41.866 0.0000000000
103078  41.701  15.963  42.115 0.0000000000
103079  41.488  15.767  42.048 0.0000000000
103093  50.001  16.797  41.828 0.0000000000
103796  50.417  18.016  46.602 0.0000000000
103804  50.855  17.860  44.218 0.0000000000
103811  53.347  16.966  42.652 0.0000000000
103833  49.517  17.088  41.849 0.0000000000
103840  38.932  16.780  42.240 0.0000000000
103869  52.359  17.326  40.365 0.0000000000
103872  53.299  17.792  39.987 0.0000000000
104497  51.438  19.259  47.166 0.0000000000
104558  52.796  17.636  39.888 0.0000000000
104601  48.429  19.101  33.412 0.0000000000
104602  48.192  19.003  33.152 0.0000000000
105255  52.113  20.081  47.007 0.0000000000
105287  51.242  19.681  44.094 0.0000000000
105401  51.255  19.977  35.898 0.0000000000
105427  48.656  19.291  33.445 0.0000000000
105443  44.838  19.640  30.120 0.0000000000
105449  44.431  19.680  29.533 0.0000000000
105450  43.915  19.810  29.215 0.0000000000
105455  44.900  19.499  29.023 0.0000000000
105456  44.173  19.736  28.846 0.0000000000
105463  46.702  19.644  28.334 0.0000000000
105465  45.201  19.536  28.487 0.0000000000
106107  52.205  20.373  47.025 0.0000000000
106118  52.301  20.730  46.631 0.0000000000
106204  43.201  20.393  37.931 0.0000000000
106230  51.396  20.045  36.356 0.0000000000
106272  42.339  21.213  33.190 0.0000000000
106295  41.348  20.754  31.477 0.0000000000
106313  43.916  19.938  28.587 0.0000000000
106314  43.626  19.953  28.985 0.0000000000
106323  46.338  19.808  27.910 0.0000000000
106324  45.468  19.759  27.975 0.0000000000
106326  43.669  20.232  28.605 0.0000000000
106331  47.719  21.028  27.619 0.0000000000
106332  47.317  20.742  27.592 0.0000000000
106334  45.724  20.210  27.670 0.0000000000
106939  52.080  20.622  47.419 0.0000000000
106958  52.139  21.523  45.921 0.0000000000
107043  41.577  21.410  37.081 0.0000000000
107061  42.381  21.405  36.036 0.0000000000
107105  41.878  21.344  33.352 0.0000000000
107118  40.731  21.036  32.767 0.0000000000
107141  48.656  21.346  28.856 0.0000000000
107149  44.380  21.003  27.913 0.0000000000
107155  48.043  21.356  27.680 0.0000000000
107157  46.698  21.168  27.397 0.0000000000
107906  45.925  22.424  33.872 0.0000000000
107942  49.344  22.865  29.132 0.0000000000
107951  49.195  23.024  28.789 0.0000000000
107953  48.133  22.669  27.820 0.0000000000
107964  45.174  21.400  27.620 0.0000000000
108707  45.941  22.751  33.251 0.0000000000
108738  49.211  24.201  29.288 0.0000000000
108755  47.812  22.736  27.679 0.0000000000
109417  44.831  25.215  35.878 0.0000000000
109430  50.362  25.682  33.321 0.0000000000
109431  50.174  25.537  33.277 0.0000000000
109432  48.335  25.222  33.098 0.0000000000
109444  49.806  25.119  32.797 0.0000000000
109445  48.611  24.998  32.697 0.0000000000
109462  43.652  24.770  30.890 0.0000000000
109474  44.605  24.857  30.109 0.0000000000
110189  46.220  25.922  35.137 0.0000000000
110190  45.603  25.784  35.452 0.0000000000
110197  50.225  26.193  34.065 0.0000000000
110201  46.551  25.689  34.595 0.0000000000
110211  49.650  25.557  33.532 0.0000000000
110213  47.356  25.476  33.843 0.0000000000
110222  50.599  25.756  32.975 0.0000000000
110235  50.477  25.665  31.704 0.0000000000
110236  44.270  25.604  30.818 0.0000000000
110237  43.846  25.300  31.015 0.0000000000
110249  49.474  25.599  30.551 0.0000000000
110250  45.131  25.736  29.959 0.0000000000
110958  45.222  26.812  36.820 0.0000000000
110968  50.287  27.453  35.756 0.0000000000
110969  50.137  27.314  35.787 0.0000000000
110970  47.614  26.980  36.065 0.0000000000
110980  49.860  26.914  35.462 0.0000000000
110984  45.918  26.236  35.673 0.0000000000
111013  50.597  26.154  32.758 0.0000000000
111014  50.164  26.520  32.544 0.0000000000
111064  46.460  26.421  28.651 0.0000000000
111698  43.530  27.298  38.448 0.0000000000
111706  49.406  27.900  36.975 0.0000000000
111712  43.965  27.289  38.021 0.0000000000
111722  50.309  27.616  35.965 0.0000000000
111726  46.729  27.257  36.696 0.0000000000
111727  46.032  27.209  36.874 0.0000000000
111735  48.959  27.099  35.937 0.0000000000
111736  48.418  27.158  36.136 0.0000000000
111754  50.354  26.836  33.555 0.0000000000
111755  50.032  27.063  33.323 0.0000000000
111759  46.386  27.923  32.623 0.0000000000
111768  48.789  26.950  32.553 0.0000000000
112384  44.428  28.064  38.867 0.0000000000
112385  43.816  27.777  38.793 0.0000000000
112411  45.184  28.834  35.862 0.0000000000
112420  50.449  28.116  35.800 0.0000000000
112425  45.451  28.604  35.205 0.0000000000
112447  46.535  27.824  33.470 0.0000000000
113016  48.798  30.139  40.424 0.0000000000
113029  48.998  29.261  39.223 0.0000000000
113037  50.038  28.718  37.221 0.0000000000
113059  50.171  28.732  36.913 0.0000000000
113083  50.253  28.656  36.254 0.0000000000
113660  49.189  30.061  37.809 0.0000000000
114273  47.634  31.396  39.380 0.0000000000
114860  48.036  32.055  40.621 0.0000000000
