#!ascii label  , from subject sub-01 vox2ras=TkReg
1006
48582  33.702  -35.753  58.174 0.0000000000
71397  44.727  -15.089  48.053 0.0000000000
61603  35.588  -24.867  54.091 0.0000000000
40250  13.303  -42.941  67.529 0.0000000000
49567  26.721  -35.755  62.105 0.0000000000
67104  35.527  -19.804  53.220 0.0000000000
46187  18.976  -38.151  64.590 0.0000000000
41455  17.392  -42.648  66.179 0.0000000000
46205  23.668  -38.641  62.522 0.0000000000
71393  48.811  -15.477  48.368 0.0000000000
52768  31.304  -31.950  60.573 0.0000000000
57208  32.894  -28.941  59.635 0.0000000000
51677  37.284  -33.126  60.247 0.0000000000
76443  46.901  -10.656  46.853 0.0000000000
74442  50.363  -11.925  45.500 0.0000000000
72379  40.927  -14.929  50.391 0.0000000000
67137  44.231  -19.450  50.910 0.0000000000
66023  39.330  -19.776  50.517 0.0000000000
63761  39.470  -22.721  53.414 0.0000000000
45053  32.919  -39.378  62.471 0.0000000000
35366  12.353  -47.404  69.636 0.0000000000
34113  8.682  -48.278  71.539 0.0000000000
32892  7.138  -48.282  75.621 0.0000000000
49630  30.153  -35.859  59.123 0.0000000000
45079  28.547  -38.919  61.961 0.0000000000
60466  32.244  -25.263  56.150 0.0000000000
58280  36.871  -27.652  58.938 0.0000000000
77538  52.897  -9.799  42.083 0.0000000000
71395  46.770  -15.415  48.106 0.0000000000
70323  46.311  -16.990  48.837 0.0000000000
51711  33.364  -33.089  58.791 0.0000000000
52787  34.733  -31.930  58.604 0.0000000000
49627  35.637  -34.808  58.826 0.0000000000
74383  43.758  -12.761  48.770 0.0000000000
75362  45.484  -11.358  48.500 0.0000000000
73428  45.325  -12.866  47.347 0.0000000000
73426  47.150  -13.220  46.862 0.0000000000
28235  6.474  -53.202  74.421 0.0000000000
69221  39.923  -17.293  50.092 0.0000000000
69197  38.267  -17.208  52.251 0.0000000000
63765  35.296  -22.372  53.199 0.0000000000
64884  36.926  -21.590  52.027 0.0000000000
62662  37.569  -23.605  53.699 0.0000000000
60489  38.362  -25.819  55.716 0.0000000000
40259  15.374  -43.164  66.567 0.0000000000
40231  17.502  -44.360  68.292 0.0000000000
39014  15.287  -45.244  68.150 0.0000000000
36562  14.817  -46.707  70.161 0.0000000000
37841  12.423  -45.287  68.285 0.0000000000
36544  9.579  -45.694  72.234 0.0000000000
32941  7.487  -48.858  73.647 0.0000000000
49592  28.551  -35.938  61.017 0.0000000000
47434  28.985  -37.531  59.978 0.0000000000
47415  26.691  -37.616  60.815 0.0000000000
43806  23.084  -40.457  64.844 0.0000000000
43835  25.140  -40.317  64.192 0.0000000000
57184  35.621  -29.136  61.421 0.0000000000
58282  34.858  -27.575  59.223 0.0000000000
68123  37.587  -18.106  53.864 0.0000000000
65966  35.126  -19.784  55.343 0.0000000000
63734  33.824  -22.269  55.587 0.0000000000
43809  20.556  -40.644  64.685 0.0000000000
41453  19.778  -42.269  66.142 0.0000000000
42604  18.379  -41.055  64.898 0.0000000000
43782  15.528  -40.267  66.419 0.0000000000
43746  14.502  -40.429  68.278 0.0000000000
49596  24.846  -36.523  61.458 0.0000000000
48482  22.610  -35.768  63.266 0.0000000000
46208  20.713  -38.380  63.482 0.0000000000
56069  30.377  -29.489  61.923 0.0000000000
57212  29.658  -28.216  59.330 0.0000000000
54997  32.407  -30.586  59.047 0.0000000000
54994  35.258  -30.458  59.724 0.0000000000
77510  50.090  -9.668  44.456 0.0000000000
75388  48.740  -11.883  46.050 0.0000000000
73423  50.175  -13.406  47.463 0.0000000000
71379  42.480  -15.215  48.790 0.0000000000
69241  44.426  -17.680  49.408 0.0000000000
69243  42.176  -17.284  49.311 0.0000000000
67140  41.623  -19.357  50.422 0.0000000000
66006  41.790  -21.242  51.822 0.0000000000
67131  37.182  -19.287  51.719 0.0000000000
64882  39.122  -21.842  51.858 0.0000000000
46293  33.425  -37.582  59.530 0.0000000000
47409  35.839  -36.630  60.650 0.0000000000
73376  42.710  -13.395  50.432 0.0000000000
40208  11.907  -43.205  69.421 0.0000000000
37831  10.968  -45.499  69.431 0.0000000000
34133  10.320  -48.350  70.546 0.0000000000
32955  10.335  -50.082  71.929 0.0000000000
30604  8.953  -51.201  72.555 0.0000000000
30590  6.740  -51.168  73.671 0.0000000000
31723  5.713  -50.154  75.553 0.0000000000
30567  5.084  -50.427  76.073 0.0000000000
48584  31.761  -36.214  58.208 0.0000000000
46296  30.780  -38.024  59.622 0.0000000000
45077  30.530  -39.093  61.952 0.0000000000
45060  26.056  -39.068  62.031 0.0000000000
60491  34.306  -26.096  54.655 0.0000000000
58337  30.958  -27.769  57.180 0.0000000000
58360  34.515  -27.933  56.121 0.0000000000
58380  36.884  -27.037  55.534 0.0000000000
48521  37.383  -35.695  61.722 0.0000000000
76501  54.173  -10.103  40.795 0.0000000000
75418  51.467  -11.406  43.650 0.0000000000
74472  54.008  -12.234  42.762 0.0000000000
71396  45.737  -15.296  48.029 0.0000000000
70339  47.057  -16.249  48.472 0.0000000000
70341  44.914  -16.000  48.341 0.0000000000
49645  33.870  -34.867  58.080 0.0000000000
50677  34.147  -33.903  58.215 0.0000000000
48562  35.103  -35.730  58.756 0.0000000000
72417  43.682  -14.057  48.301 0.0000000000
74392  44.258  -12.635  48.209 0.0000000000
72416  44.572  -14.141  47.820 0.0000000000
72415  45.549  -14.449  47.670 0.0000000000
28228  5.481  -53.374  75.254 0.0000000000
70281  39.236  -16.307  52.561 0.0000000000
69187  38.797  -17.031  53.178 0.0000000000
62664  35.598  -23.347  53.469 0.0000000000
63764  36.168  -22.864  53.064 0.0000000000
62649  37.113  -24.220  53.939 0.0000000000
61600  38.437  -24.445  54.758 0.0000000000
60517  37.064  -25.548  54.580 0.0000000000
41432  14.295  -42.485  66.810 0.0000000000
39029  15.007  -44.482  67.302 0.0000000000
39030  14.007  -44.111  67.185 0.0000000000
37840  13.465  -45.648  68.133 0.0000000000
39016  13.079  -44.514  67.721 0.0000000000
49566  27.756  -35.829  61.849 0.0000000000
49617  27.698  -36.366  60.497 0.0000000000
48529  26.757  -36.376  60.963 0.0000000000
42571  22.663  -41.315  66.220 0.0000000000
60390  30.967  -25.950  60.740 0.0000000000
57183  35.965  -28.663  61.738 0.0000000000
65967  34.213  -20.808  55.770 0.0000000000
64817  34.214  -21.545  56.460 0.0000000000
43841  19.481  -39.758  64.193 0.0000000000
43810  19.718  -40.548  64.492 0.0000000000
43842  18.906  -39.337  64.379 0.0000000000
44968  16.291  -39.338  66.378 0.0000000000
44944  15.914  -39.285  67.325 0.0000000000
43783  15.117  -40.657  66.719 0.0000000000
49536  24.392  -35.429  63.674 0.0000000000
47301  19.837  -36.758  64.954 0.0000000000
48484  20.965  -36.541  63.902 0.0000000000
46186  19.753  -38.247  63.973 0.0000000000
45008  21.040  -39.829  63.873 0.0000000000
54988  30.327  -30.442  60.305 0.0000000000
53895  31.145  -31.365  59.692 0.0000000000
52774  35.672  -31.998  58.824 0.0000000000
53891  35.206  -31.056  59.030 0.0000000000
53882  36.528  -31.221  59.905 0.0000000000
53872  36.859  -30.842  60.962 0.0000000000
52755  37.479  -31.688  60.836 0.0000000000
75368  45.911  -10.842  48.027 0.0000000000
76459  48.259  -10.267  45.793 0.0000000000
75390  47.630  -11.272  46.225 0.0000000000
72425  48.360  -13.990  47.474 0.0000000000
73425  48.208  -13.090  46.999 0.0000000000
72424  49.288  -14.012  47.756 0.0000000000
72389  41.343  -14.830  49.905 0.0000000000
70327  41.555  -16.508  49.307 0.0000000000
71381  41.072  -16.020  49.510 0.0000000000
68177  39.334  -18.196  50.347 0.0000000000
68176  40.294  -18.319  50.001 0.0000000000
67141  40.573  -19.355  50.349 0.0000000000
67128  42.093  -20.023  50.902 0.0000000000
66014  40.232  -20.369  50.777 0.0000000000
67102  36.928  -18.501  53.676 0.0000000000
68152  37.347  -18.527  52.181 0.0000000000
67116  36.234  -19.687  52.431 0.0000000000
63781  38.719  -22.446  52.542 0.0000000000
64883  38.064  -21.799  51.884 0.0000000000
63780  39.744  -22.275  52.535 0.0000000000
63779  40.366  -22.114  52.462 0.0000000000
46249  33.259  -38.678  61.546 0.0000000000
46248  34.640  -38.093  61.476 0.0000000000
72362  41.786  -14.295  51.836 0.0000000000
72388  41.985  -13.925  50.203 0.0000000000
41454  18.650  -42.526  66.138 0.0000000000
41428  18.458  -43.327  67.225 0.0000000000
36576  13.587  -46.947  69.439 0.0000000000
36552  14.671  -47.282  71.493 0.0000000000
35319  13.434  -47.943  71.228 0.0000000000
35320  12.600  -48.581  71.481 0.0000000000
38961  11.393  -43.488  71.136 0.0000000000
39005  11.401  -44.516  69.197 0.0000000000
38987  10.610  -44.745  70.718 0.0000000000
35321  9.117  -47.560  71.196 0.0000000000
36565  9.605  -46.893  70.840 0.0000000000
34112  9.479  -48.669  71.021 0.0000000000
34111  10.490  -49.099  71.059 0.0000000000
32964  9.789  -49.678  71.488 0.0000000000
31752  9.590  -50.517  72.120 0.0000000000
32965  8.731  -49.391  71.688 0.0000000000
32927  7.359  -48.489  74.413 0.0000000000
32942  7.284  -49.785  73.310 0.0000000000
32911  6.761  -49.178  74.650 0.0000000000
31741  6.362  -50.527  74.341 0.0000000000
31722  6.260  -49.544  75.392 0.0000000000
49613  31.371  -35.508  60.102 0.0000000000
49628  32.060  -35.139  59.477 0.0000000000
49648  31.084  -35.806  58.613 0.0000000000
47450  31.472  -36.947  58.405 0.0000000000
47451  30.645  -36.920  58.600 0.0000000000
46276  28.611  -38.263  60.748 0.0000000000
46252  29.993  -38.701  61.199 0.0000000000
45078  29.517  -39.001  62.005 0.0000000000
47374  23.668  -37.497  61.846 0.0000000000
46258  25.239  -38.101  61.443 0.0000000000
45062  24.611  -38.776  62.271 0.0000000000
43834  26.663  -40.913  64.634 0.0000000000
68184  44.200  -18.201  49.785 0.0000000000
69219  45.003  -18.184  49.905 0.0000000000
68171  45.313  -18.732  50.476 0.0000000000
60441  32.897  -24.389  56.785 0.0000000000
61570  33.264  -24.364  55.782 0.0000000000
60465  32.857  -25.011  55.599 0.0000000000
57210  31.131  -29.066  58.785 0.0000000000
57225  30.132  -28.022  58.376 0.0000000000
58308  31.420  -28.241  57.869 0.0000000000
58281  35.865  -27.546  59.044 0.0000000000
58334  34.220  -27.889  57.202 0.0000000000
58333  35.348  -27.898  57.084 0.0000000000
58359  35.651  -27.807  56.033 0.0000000000
58332  36.446  -27.849  57.007 0.0000000000
58330  38.442  -27.115  56.925 0.0000000000
47390  36.641  -36.606  61.595 0.0000000000
76490  53.552  -10.319  41.333 0.0000000000
75409  50.381  -11.358  44.689 0.0000000000
75419  50.731  -10.827  43.839 0.0000000000
75408  51.054  -11.657  44.412 0.0000000000
74463  53.572  -12.305  43.533 0.0000000000
74462  54.469  -12.399  43.474 0.0000000000
47302  19.111  -37.341  65.195 0.0000000000
46167  18.366  -38.099  65.131 0.0000000000
71394  47.799  -15.473  48.226 0.0000000000
70337  49.146  -16.269  48.704 0.0000000000
70338  48.110  -16.286  48.580 0.0000000000
52775  32.557  -32.761  59.661 0.0000000000
52789  32.786  -32.103  59.024 0.0000000000
51710  34.431  -32.908  58.404 0.0000000000
51709  35.249  -32.706  58.558 0.0000000000
50662  36.749  -34.002  59.971 0.0000000000
74380  45.841  -11.510  49.810 0.0000000000
74391  44.872  -11.872  48.369 0.0000000000
74412  45.108  -12.138  47.625 0.0000000000
74411  45.801  -12.242  47.020 0.0000000000
73437  47.077  -12.584  46.639 0.0000000000
73427  46.232  -12.930  46.927 0.0000000000
72426  47.358  -13.940  47.297 0.0000000000
29425  7.667  -53.037  74.011 0.0000000000
71356  40.544  -14.989  51.121 0.0000000000
71369  39.946  -15.985  50.300 0.0000000000
70292  39.222  -16.196  51.401 0.0000000000
69206  38.829  -16.885  51.004 0.0000000000
68178  38.589  -17.956  50.775 0.0000000000
65994  35.165  -20.812  53.114 0.0000000000
66007  36.266  -20.703  52.104 0.0000000000
64885  35.803  -21.616  52.575 0.0000000000
63763  37.131  -23.015  53.100 0.0000000000
63747  38.638  -23.434  54.058 0.0000000000
62647  38.801  -23.853  54.566 0.0000000000
61584  39.352  -24.648  55.754 0.0000000000
45026  32.245  -39.799  63.064 0.0000000000
41456  16.107  -42.865  66.340 0.0000000000
41429  17.223  -43.433  66.864 0.0000000000
40247  15.916  -43.924  66.981 0.0000000000
39028  15.813  -44.686  67.697 0.0000000000
39003  15.857  -45.493  68.831 0.0000000000
36594  13.835  -46.316  68.691 0.0000000000
36577  12.688  -46.990  69.198 0.0000000000
37809  10.152  -45.089  71.703 0.0000000000
36545  9.065  -46.218  72.744 0.0000000000
35297  8.286  -47.622  72.831 0.0000000000
34091  8.208  -48.452  72.259 0.0000000000
35285  8.171  -47.449  73.803 0.0000000000
35272  8.112  -47.332  74.628 0.0000000000
34044  7.714  -47.688  75.190 0.0000000000
49615  29.301  -35.786  60.052 0.0000000000
48566  29.114  -36.794  59.511 0.0000000000
49632  28.708  -36.477  59.794 0.0000000000
47435  28.082  -37.318  60.218 0.0000000000
46255  27.388  -38.498  61.275 0.0000000000
45006  23.154  -39.791  63.906 0.0000000000
45005  24.146  -39.746  63.620 0.0000000000
43836  23.817  -40.174  64.375 0.0000000000
67126  43.771  -19.975  51.438 0.0000000000
60443  31.320  -25.426  57.511 0.0000000000
57194  34.604  -28.980  60.626 0.0000000000
58284  33.153  -28.271  59.550 0.0000000000
58241  34.929  -28.246  60.838 0.0000000000
58259  35.707  -27.575  60.061 0.0000000000
77529  52.439  -9.653  42.645 0.0000000000
29410  4.344  -52.559  75.816 0.0000000000
67082  37.492  -18.431  54.602 0.0000000000
67083  36.481  -18.775  54.386 0.0000000000
67084  35.607  -19.297  54.210 0.0000000000
65979  34.376  -20.647  54.533 0.0000000000
63748  34.222  -22.615  54.298 0.0000000000
62651  34.795  -23.902  54.054 0.0000000000
42572  21.631  -41.241  65.773 0.0000000000
41426  20.928  -42.297  66.997 0.0000000000
42573  20.724  -41.490  65.636 0.0000000000
42575  18.937  -41.797  65.410 0.0000000000
42576  17.643  -41.560  65.410 0.0000000000
44990  17.798  -39.355  64.880 0.0000000000
43781  16.618  -40.322  65.609 0.0000000000
42577  16.298  -41.577  65.831 0.0000000000
42578  15.078  -41.371  66.524 0.0000000000
42579  14.604  -42.004  66.642 0.0000000000
42547  13.612  -41.835  67.783 0.0000000000
49568  25.599  -35.774  62.037 0.0000000000
49548  24.922  -35.554  62.818 0.0000000000
49570  23.420  -36.064  62.387 0.0000000000
47375  22.920  -37.301  62.151 0.0000000000
48483  21.779  -36.311  63.356 0.0000000000
47348  21.678  -37.144  62.853 0.0000000000
46207  21.785  -38.166  62.854 0.0000000000
45007  22.154  -39.938  64.030 0.0000000000
43838  21.513  -40.274  64.368 0.0000000000
58227  30.391  -27.921  62.141 0.0000000000
59336  30.147  -26.879  60.623 0.0000000000
57195  29.783  -28.594  60.690 0.0000000000
56095  30.527  -29.487  59.312 0.0000000000
56093  32.635  -29.700  59.395 0.0000000000
55004  32.840  -31.050  58.797 0.0000000000
54996  33.605  -30.269  59.331 0.0000000000
56086  33.890  -29.607  59.988 0.0000000000
56084  35.040  -29.828  60.629 0.0000000000
54965  36.654  -30.367  61.974 0.0000000000
78522  49.446  -9.193  45.564 0.0000000000
76458  49.012  -10.585  45.254 0.0000000000
74443  49.686  -11.909  45.758 0.0000000000
73435  48.217  -12.624  46.686 0.0000000000
74409  49.140  -12.664  46.719 0.0000000000
70343  43.149  -15.352  48.484 0.0000000000
70325  44.049  -16.681  48.770 0.0000000000
70326  42.720  -16.234  48.823 0.0000000000
69242  43.270  -17.368  49.245 0.0000000000
68186  42.673  -18.050  49.691 0.0000000000
69245  40.612  -17.535  49.770 0.0000000000
68187  41.726  -18.009  49.707 0.0000000000
67139  42.577  -19.397  50.522 0.0000000000
67127  42.964  -19.948  51.098 0.0000000000
66004  43.466  -20.670  52.310 0.0000000000
69188  38.171  -17.402  52.872 0.0000000000
68163  37.834  -18.325  51.508 0.0000000000
66024  38.705  -19.863  50.677 0.0000000000
64896  36.909  -20.833  51.763 0.0000000000
64894  38.555  -21.088  51.361 0.0000000000
66015  39.049  -20.440  50.863 0.0000000000
64892  40.634  -21.295  51.510 0.0000000000
47429  34.141  -36.878  59.060 0.0000000000
48545  34.786  -36.495  59.205 0.0000000000
47410  34.786  -37.200  60.148 0.0000000000
47367  35.653  -37.831  62.192 0.0000000000
73387  43.390  -12.846  50.022 0.0000000000
72418  43.063  -13.943  48.725 0.0000000000
41372  12.967  -41.878  69.102 0.0000000000
41373  12.388  -42.453  69.625 0.0000000000
40234  12.224  -43.097  68.824 0.0000000000
39017  11.944  -44.120  68.610 0.0000000000
36596  11.860  -45.820  68.689 0.0000000000
36578  11.781  -46.697  69.121 0.0000000000
36564  10.092  -46.419  70.320 0.0000000000
35368  10.835  -47.433  69.897 0.0000000000
35342  11.019  -47.979  70.172 0.0000000000
34132  11.228  -48.626  70.764 0.0000000000
32962  11.294  -49.655  71.976 0.0000000000
30598  8.498  -51.816  73.040 0.0000000000
32956  7.836  -49.321  72.633 0.0000000000
30606  7.590  -51.013  72.887 0.0000000000
29433  7.308  -52.409  73.614 0.0000000000
30600  6.840  -52.058  73.650 0.0000000000
29417  5.928  -52.655  74.627 0.0000000000
30581  5.544  -51.439  75.190 0.0000000000
31710  6.160  -49.252  76.077 0.0000000000
30573  5.297  -50.612  75.809 0.0000000000
30574  4.868  -51.522  75.775 0.0000000000
49646  33.073  -35.192  58.288 0.0000000000
50665  32.579  -34.658  59.070 0.0000000000
48583  32.831  -36.164  58.197 0.0000000000
47430  33.202  -37.200  58.784 0.0000000000
46294  32.833  -37.806  59.512 0.0000000000
46250  32.025  -38.774  61.177 0.0000000000
46297  29.896  -37.973  59.852 0.0000000000
46251  30.995  -38.772  61.143 0.0000000000
45076  31.503  -39.106  61.881 0.0000000000
48549  25.760  -37.298  60.954 0.0000000000
47393  26.119  -37.886  61.036 0.0000000000
45059  26.998  -39.349  62.257 0.0000000000
43862  25.627  -39.897  63.321 0.0000000000
45032  26.280  -39.677  62.793 0.0000000000
45030  28.194  -39.852  63.158 0.0000000000
69240  45.594  -17.640  49.369 0.0000000000
62619  33.744  -22.912  56.069 0.0000000000
61587  34.014  -24.730  54.865 0.0000000000
61604  34.839  -24.814  54.262 0.0000000000
59348  30.012  -26.700  59.673 0.0000000000
59372  30.265  -26.603  57.881 0.0000000000
59388  31.238  -26.581  56.276 0.0000000000
58307  32.691  -28.118  58.414 0.0000000000
58362  32.361  -27.796  56.395 0.0000000000
59412  31.865  -26.648  55.699 0.0000000000
59410  33.906  -26.764  54.908 0.0000000000
59440  35.069  -26.689  54.706 0.0000000000
59438  36.677  -26.199  54.817 0.0000000000
59406  37.809  -26.377  55.634 0.0000000000
48543  36.195  -35.787  60.244 0.0000000000
49610  36.849  -34.911  60.531 0.0000000000
49609  37.422  -34.573  61.032 0.0000000000
49583  38.533  -34.520  62.036 0.0000000000
51663  38.483  -32.998  61.638 0.0000000000
77548  54.687  -9.293  40.590 0.0000000000
77530  51.696  -9.778  43.054 0.0000000000
76482  51.913  -10.234  42.757 0.0000000000
74465  52.009  -11.915  43.858 0.0000000000
75428  52.616  -11.437  42.616 0.0000000000
75443  52.986  -10.735  41.869 0.0000000000
75442  53.552  -11.160  41.687 0.0000000000
75441  54.669  -11.572  41.465 0.0000000000
70340  45.990  -16.164  48.380 0.0000000000
49644  34.811  -34.781  58.212 0.0000000000
48581  34.392  -35.498  58.239 0.0000000000
71398  43.812  -14.851  48.219 0.0000000000
29418  5.324  -52.467  75.191 0.0000000000
62650  36.049  -24.170  53.768 0.0000000000
61602  36.633  -24.909  54.153 0.0000000000
40249  13.846  -43.166  67.059 0.0000000000
39031  13.362  -43.630  67.430 0.0000000000
40233  12.715  -43.302  68.021 0.0000000000
49593  27.357  -35.990  60.963 0.0000000000
60375  30.926  -26.173  61.264 0.0000000000
45010  19.311  -38.949  64.174 0.0000000000
45011  18.821  -38.810  64.482 0.0000000000
47324  19.523  -37.515  64.473 0.0000000000
47323  20.243  -37.222  63.971 0.0000000000
45009  20.173  -39.247  63.850 0.0000000000
53884  30.751  -31.285  60.494 0.0000000000
52777  31.150  -31.760  60.040 0.0000000000
51692  36.717  -33.046  59.536 0.0000000000
52773  36.457  -32.085  59.312 0.0000000000
52765  37.139  -32.024  60.099 0.0000000000
52764  37.609  -32.405  60.624 0.0000000000
76436  46.660  -10.527  47.523 0.0000000000
76452  47.152  -10.703  46.596 0.0000000000
76451  47.608  -10.404  46.339 0.0000000000
75391  46.944  -11.033  46.562 0.0000000000
72412  48.542  -14.716  47.991 0.0000000000
72411  49.498  -14.701  48.160 0.0000000000
29424  8.709  -53.003  74.299 0.0000000000
72390  40.949  -15.077  50.096 0.0000000000
71367  41.183  -15.247  49.754 0.0000000000
71368  40.665  -15.516  50.023 0.0000000000
67142  39.642  -19.084  50.291 0.0000000000
66022  39.932  -19.650  50.450 0.0000000000
67103  36.146  -19.030  53.386 0.0000000000
67115  36.774  -18.809  52.688 0.0000000000
46226  33.567  -39.073  62.297 0.0000000000
72378  41.389  -14.426  50.921 0.0000000000
35340  13.090  -47.557  70.113 0.0000000000
35341  12.155  -48.074  70.502 0.0000000000
38986  10.986  -44.272  70.236 0.0000000000
35322  8.695  -47.675  71.717 0.0000000000
31758  9.247  -49.953  71.694 0.0000000000
32910  6.976  -48.665  74.866 0.0000000000
32928  6.951  -49.281  74.167 0.0000000000
31731  6.701  -49.115  74.885 0.0000000000
31732  6.512  -49.690  74.664 0.0000000000
31721  6.674  -48.991  75.230 0.0000000000
49614  30.331  -35.609  59.992 0.0000000000
49629  31.124  -35.372  59.247 0.0000000000
49649  30.588  -36.040  58.601 0.0000000000
48586  30.334  -36.380  58.654 0.0000000000
46254  28.195  -38.557  61.318 0.0000000000
46253  29.051  -38.622  61.276 0.0000000000
45057  28.889  -39.419  62.634 0.0000000000
46231  23.213  -38.054  62.214 0.0000000000
46230  23.939  -38.173  62.070 0.0000000000
68172  44.257  -18.705  50.252 0.0000000000
68162  44.821  -19.189  50.852 0.0000000000
60442  32.146  -25.038  57.193 0.0000000000
60493  32.487  -25.853  55.461 0.0000000000
57209  32.065  -29.061  59.159 0.0000000000
57223  31.769  -28.601  58.580 0.0000000000
57222  32.461  -28.504  59.132 0.0000000000
58305  35.062  -27.710  58.155 0.0000000000
58304  36.146  -27.766  58.032 0.0000000000
58303  37.208  -27.802  57.938 0.0000000000
77528  53.257  -9.287  42.306 0.0000000000
77537  53.496  -9.573  41.623 0.0000000000
76491  53.053  -10.174  41.800 0.0000000000
74455  50.888  -11.830  44.882 0.0000000000
47284  19.810  -36.748  66.145 0.0000000000
47285  18.870  -37.380  66.041 0.0000000000
47266  19.431  -37.143  66.797 0.0000000000
70322  47.396  -17.067  48.903 0.0000000000
50676  35.284  -33.717  58.424 0.0000000000
50663  36.187  -33.936  59.122 0.0000000000
74374  43.751  -12.608  49.333 0.0000000000
74382  44.294  -12.275  48.936 0.0000000000
73429  44.672  -12.819  47.696 0.0000000000
74413  44.648  -12.528  47.820 0.0000000000
75379  45.500  -11.657  47.560 0.0000000000
72414  46.544  -14.622  47.669 0.0000000000
72413  47.556  -14.704  47.784 0.0000000000
28234  7.091  -53.472  74.489 0.0000000000
71346  39.860  -15.513  51.837 0.0000000000
70293  38.701  -16.743  51.791 0.0000000000
69207  38.415  -17.400  51.319 0.0000000000
64862  35.168  -21.605  53.114 0.0000000000
63784  35.921  -22.343  52.791 0.0000000000
62663  36.604  -23.564  53.472 0.0000000000
63762  38.310  -23.044  53.455 0.0000000000
62661  38.261  -23.611  54.015 0.0000000000
62648  37.986  -24.093  54.261 0.0000000000
61586  38.057  -25.261  55.014 0.0000000000
61585  38.721  -25.015  55.455 0.0000000000
60463  39.260  -25.445  56.408 0.0000000000
71345  40.711  -15.071  52.221 0.0000000000
41430  16.574  -43.607  66.820 0.0000000000
39013  16.190  -45.058  68.407 0.0000000000
37838  15.309  -45.754  68.853 0.0000000000
36595  12.784  -46.362  68.604 0.0000000000
36535  9.078  -45.976  73.631 0.0000000000
35309  8.711  -47.124  72.222 0.0000000000
35296  8.611  -46.719  73.446 0.0000000000
49591  29.629  -35.907  60.791 0.0000000000
49616  28.359  -36.241  60.261 0.0000000000
48547  27.241  -36.809  60.532 0.0000000000
48568  27.777  -37.015  60.197 0.0000000000
47414  27.566  -37.581  60.523 0.0000000000
46277  27.879  -38.160  60.823 0.0000000000
46278  27.205  -38.067  60.884 0.0000000000
44987  22.849  -40.127  64.356 0.0000000000
43837  23.228  -40.158  64.385 0.0000000000
60419  32.052  -25.004  58.316 0.0000000000
60420  31.081  -25.419  58.525 0.0000000000
58242  34.740  -28.582  60.684 0.0000000000
57193  35.242  -28.855  61.057 0.0000000000
57182  36.484  -28.154  62.078 0.0000000000
58240  35.617  -27.892  61.049 0.0000000000
58224  36.321  -27.952  61.603 0.0000000000
30575  4.228  -51.572  75.932 0.0000000000
65978  34.943  -20.075  53.974 0.0000000000
64830  33.958  -21.525  55.699 0.0000000000
64845  33.983  -21.545  54.890 0.0000000000
42601  20.948  -40.960  65.284 0.0000000000
42602  20.193  -41.127  65.040 0.0000000000
43811  18.634  -40.103  64.514 0.0000000000
42603  19.287  -41.124  64.891 0.0000000000
46143  17.985  -37.804  66.162 0.0000000000
44966  17.830  -38.581  65.233 0.0000000000
44967  17.084  -38.892  65.712 0.0000000000
43760  14.867  -40.348  67.329 0.0000000000
42545  14.719  -41.005  67.064 0.0000000000
43761  14.499  -40.683  67.668 0.0000000000
42546  14.238  -41.306  67.435 0.0000000000
49547  25.981  -35.612  63.008 0.0000000000
49535  25.383  -35.487  63.727 0.0000000000
49537  23.377  -35.492  63.562 0.0000000000
49549  23.893  -35.572  62.782 0.0000000000
49571  23.015  -36.037  62.538 0.0000000000
48509  22.678  -36.399  62.568 0.0000000000
47349  21.106  -37.277  63.303 0.0000000000
45036  22.467  -39.107  63.388 0.0000000000
45037  21.479  -39.139  63.482 0.0000000000
43839  20.932  -40.333  64.366 0.0000000000
43808  21.319  -40.616  64.892 0.0000000000
42600  21.419  -40.908  65.326 0.0000000000
57185  30.555  -28.651  62.490 0.0000000000
57186  30.159  -28.615  61.634 0.0000000000
56078  29.962  -29.548  61.048 0.0000000000
54998  31.081  -30.519  59.445 0.0000000000
54999  30.427  -30.031  59.720 0.0000000000
56094  31.637  -29.735  59.193 0.0000000000
52788  33.768  -32.157  58.625 0.0000000000
53902  32.544  -31.376  58.908 0.0000000000
53900  34.079  -31.447  58.713 0.0000000000
53892  34.324  -30.896  58.990 0.0000000000
54995  34.625  -30.424  59.479 0.0000000000
54986  34.315  -30.004  59.876 0.0000000000
56085  34.545  -29.582  60.366 0.0000000000
54984  35.526  -30.239  60.430 0.0000000000
53871  37.538  -31.238  61.366 0.0000000000
54977  35.991  -30.283  61.076 0.0000000000
75361  46.195  -10.894  49.035 0.0000000000
78512  49.645  -8.907  45.764 0.0000000000
77494  48.979  -9.205  46.048 0.0000000000
75399  48.350  -11.025  45.711 0.0000000000
75398  49.246  -11.447  45.560 0.0000000000
74430  47.630  -12.063  46.433 0.0000000000
73436  47.759  -12.643  46.666 0.0000000000
73424  49.183  -13.286  47.267 0.0000000000
74427  49.816  -12.286  46.205 0.0000000000
70304  40.090  -16.383  50.061 0.0000000000
68175  41.209  -18.628  50.031 0.0000000000
68174  42.144  -18.701  50.082 0.0000000000
66013  41.543  -20.766  51.341 0.0000000000
66012  42.612  -20.479  51.522 0.0000000000
66005  42.343  -21.054  51.974 0.0000000000
68141  38.053  -17.641  53.466 0.0000000000
68164  37.441  -18.728  51.774 0.0000000000
67130  37.843  -19.187  51.149 0.0000000000
64893  39.606  -21.189  51.329 0.0000000000
64881  40.074  -21.831  51.934 0.0000000000
47411  33.880  -37.382  59.546 0.0000000000
46224  35.468  -38.384  62.653 0.0000000000
46247  35.304  -37.924  61.964 0.0000000000
72397  42.217  -14.394  49.220 0.0000000000
73388  42.699  -13.509  49.668 0.0000000000
71399  43.009  -14.636  48.532 0.0000000000
40246  16.956  -44.015  67.344 0.0000000000
42508  13.553  -41.170  69.426 0.0000000000
40181  11.955  -42.836  70.489 0.0000000000
40180  12.482  -42.222  70.673 0.0000000000
36579  10.764  -46.743  69.689 0.0000000000
36554  9.703  -45.960  71.163 0.0000000000
35343  10.192  -47.429  70.262 0.0000000000
32963  10.721  -49.653  71.640 0.0000000000
32954  10.936  -49.994  72.169 0.0000000000
31746  9.631  -51.166  72.690 0.0000000000
30597  9.560  -51.713  73.221 0.0000000000
34071  7.879  -48.265  73.202 0.0000000000
31740  6.758  -50.499  73.775 0.0000000000
31747  7.342  -50.620  73.070 0.0000000000
30599  7.255  -51.529  73.237 0.0000000000
31733  6.036  -50.458  74.852 0.0000000000
30591  6.336  -51.453  74.068 0.0000000000
32893  6.660  -48.747  75.888 0.0000000000
32875  6.608  -48.369  76.544 0.0000000000
31711  5.503  -49.745  76.145 0.0000000000
30566  5.271  -50.280  76.019 0.0000000000
30568  4.640  -50.635  76.024 0.0000000000
50678  33.227  -34.263  58.733 0.0000000000
49647  32.122  -35.351  58.596 0.0000000000
47449  32.290  -36.851  58.344 0.0000000000
47432  31.131  -37.544  58.901 0.0000000000
47431  32.139  -37.491  58.798 0.0000000000
46295  31.822  -38.036  59.513 0.0000000000
46272  32.538  -38.318  60.374 0.0000000000
46273  31.439  -38.436  60.338 0.0000000000
47433  30.014  -37.312  59.166 0.0000000000
46274  30.421  -38.385  60.413 0.0000000000
45054  31.962  -39.457  62.469 0.0000000000
45055  31.101  -39.507  62.609 0.0000000000
49595  25.427  -36.349  61.475 0.0000000000
48531  25.323  -36.954  61.082 0.0000000000
46228  25.480  -38.567  61.713 0.0000000000
46257  25.820  -38.217  61.316 0.0000000000
46227  26.048  -38.609  61.556 0.0000000000
45082  26.371  -38.731  61.613 0.0000000000
45004  24.937  -39.763  63.302 0.0000000000
43861  26.402  -40.167  63.611 0.0000000000
43860  27.484  -40.398  63.695 0.0000000000
45031  27.216  -39.805  63.001 0.0000000000
70324  45.204  -16.885  48.808 0.0000000000
62607  34.016  -22.947  56.915 0.0000000000
61588  33.353  -24.932  55.216 0.0000000000
60519  35.093  -25.672  54.372 0.0000000000
58263  29.621  -27.702  60.100 0.0000000000
58285  29.690  -27.638  59.048 0.0000000000
58309  30.564  -27.875  57.847 0.0000000000
58310  30.103  -27.342  58.190 0.0000000000
58338  30.425  -27.236  57.420 0.0000000000
59389  30.677  -26.532  56.885 0.0000000000
58364  30.716  -27.245  56.877 0.0000000000
58283  33.858  -27.814  59.387 0.0000000000
58306  33.931  -27.710  58.292 0.0000000000
58335  33.080  -27.960  57.287 0.0000000000
58361  33.400  -27.877  56.302 0.0000000000
58385  31.980  -27.398  55.923 0.0000000000
58384  32.667  -27.409  55.720 0.0000000000
59411  32.951  -26.698  55.242 0.0000000000
58383  33.677  -27.471  55.447 0.0000000000
58381  35.931  -27.228  55.205 0.0000000000
58400  35.341  -27.100  54.933 0.0000000000
59439  35.860  -26.507  54.692 0.0000000000
59408  36.487  -26.736  55.085 0.0000000000
48544  35.448  -36.283  59.694 0.0000000000
48522  36.720  -35.735  61.061 0.0000000000
49585  37.249  -35.173  61.169 0.0000000000
49584  37.867  -34.761  61.544 0.0000000000
50634  38.412  -33.939  61.709 0.0000000000
77549  53.897  -9.621  40.980 0.0000000000
76500  54.933  -10.411  40.547 0.0000000000
78531  50.074  -9.273  44.717 0.0000000000
76476  50.713  -10.247  43.721 0.0000000000
76475  51.284  -10.440  43.254 0.0000000000
75429  51.867  -10.843  42.812 0.0000000000
74464  52.689  -12.074  43.527 0.0000000000
74473  53.275  -12.061  42.879 0.0000000000
75427  53.709  -11.789  42.233 0.0000000000
73410  43.520  -13.316  48.575 0.0000000000
74393  43.800  -12.887  48.498 0.0000000000
73409  44.175  -13.388  47.936 0.0000000000
72429  44.823  -13.379  47.615 0.0000000000
72428  45.465  -13.610  47.426 0.0000000000
69196  38.733  -16.827  52.574 0.0000000000
61601  37.746  -24.885  54.567 0.0000000000
60490  38.010  -25.665  55.275 0.0000000000
41431  14.755  -42.782  66.598 0.0000000000
40260  14.993  -42.984  66.557 0.0000000000
40248  14.755  -43.429  66.763 0.0000000000
39015  14.224  -45.062  67.718 0.0000000000
36524  8.918  -46.121  74.400 0.0000000000
43779  22.458  -40.891  65.434 0.0000000000
43778  23.397  -40.994  65.679 0.0000000000
60404  30.769  -25.818  59.637 0.0000000000
56065  36.161  -29.627  62.097 0.0000000000
57173  36.375  -29.025  62.245 0.0000000000
65952  34.382  -20.954  56.485 0.0000000000
43840  20.292  -40.143  64.127 0.0000000000
46144  17.414  -38.218  66.573 0.0000000000
44943  17.028  -38.426  67.322 0.0000000000
48463  20.641  -36.375  64.712 0.0000000000
45038  20.826  -39.184  63.609 0.0000000000
53885  30.426  -30.801  60.836 0.0000000000
54987  30.710  -30.967  59.882 0.0000000000
53899  34.603  -31.329  58.796 0.0000000000
53890  36.027  -31.377  59.274 0.0000000000
53883  35.868  -30.746  59.735 0.0000000000
53873  36.184  -30.635  60.423 0.0000000000
76430  47.300  -10.277  48.711 0.0000000000
77500  48.605  -9.704  45.788 0.0000000000
76450  47.960  -10.142  46.077 0.0000000000
75400  47.912  -10.693  45.962 0.0000000000
75389  48.326  -11.650  46.083 0.0000000000
72423  50.025  -14.061  47.969 0.0000000000
72398  41.703  -14.879  49.491 0.0000000000
71380  41.610  -15.418  49.364 0.0000000000
67129  41.210  -19.995  50.722 0.0000000000
68142  37.370  -18.222  53.068 0.0000000000
63782  37.604  -22.464  52.505 0.0000000000
46271  33.737  -37.842  60.359 0.0000000000
46225  34.248  -38.815  62.306 0.0000000000
72377  42.378  -13.752  51.263 0.0000000000
41427  19.658  -42.841  67.044 0.0000000000
41398  19.545  -43.377  67.928 0.0000000000
36563  13.959  -47.364  70.582 0.0000000000
36553  14.045  -47.569  71.201 0.0000000000
38985  11.449  -43.561  70.388 0.0000000000
39004  11.539  -43.720  69.689 0.0000000000
37819  10.673  -44.970  70.182 0.0000000000
36555  9.223  -46.543  71.701 0.0000000000
34134  9.676  -47.932  70.631 0.0000000000
31759  8.950  -50.113  71.822 0.0000000000
31753  8.385  -50.370  72.236 0.0000000000
31712  5.119  -49.606  76.452 0.0000000000
47412  28.819  -38.006  60.348 0.0000000000
46275  29.391  -38.261  60.494 0.0000000000
43875  30.806  -39.817  63.117 0.0000000000
45056  29.996  -39.632  62.803 0.0000000000
48533  23.892  -37.068  61.635 0.0000000000
47395  24.757  -37.586  61.425 0.0000000000
47373  24.221  -37.800  61.738 0.0000000000
46229  24.676  -38.356  61.847 0.0000000000
45061  25.107  -38.901  62.224 0.0000000000
43804  25.403  -41.091  65.523 0.0000000000
43803  26.330  -41.292  65.420 0.0000000000
69220  44.470  -18.200  49.829 0.0000000000
60417  33.559  -23.985  57.865 0.0000000000
60440  33.373  -23.904  57.212 0.0000000000
61551  33.311  -23.890  56.651 0.0000000000
60492  33.377  -25.733  55.020 0.0000000000
57211  30.095  -28.596  58.863 0.0000000000
57224  30.812  -28.445  58.334 0.0000000000
58358  36.707  -27.542  56.096 0.0000000000
58357  37.673  -27.085  56.116 0.0000000000
58331  37.490  -27.623  56.956 0.0000000000
47389  37.298  -36.258  62.105 0.0000000000
48497  37.930  -35.932  62.456 0.0000000000
76468  50.223  -10.434  44.309 0.0000000000
75426  54.300  -12.007  42.210 0.0000000000
46188  18.610  -38.521  64.697 0.0000000000
47303  18.668  -37.649  65.421 0.0000000000
47286  18.424  -37.700  65.682 0.0000000000
48443  21.221  -35.983  65.506 0.0000000000
70321  48.477  -17.085  49.020 0.0000000000
52767  31.885  -32.554  60.526 0.0000000000
52776  31.775  -32.049  59.628 0.0000000000
51693  35.984  -32.931  58.882 0.0000000000
74381  45.110  -11.683  49.246 0.0000000000
75369  45.423  -11.495  47.858 0.0000000000
75378  46.003  -11.328  47.199 0.0000000000
74431  46.719  -11.935  46.632 0.0000000000
72427  46.367  -13.812  47.281 0.0000000000
71357  39.831  -15.676  50.818 0.0000000000
70305  39.502  -16.522  50.549 0.0000000000
69222  39.120  -17.385  50.569 0.0000000000
67143  38.571  -19.068  50.626 0.0000000000
67117  35.702  -20.352  52.608 0.0000000000
66008  35.688  -20.873  52.546 0.0000000000
63783  36.563  -22.370  52.586 0.0000000000
63746  39.155  -23.196  54.185 0.0000000000
62646  39.609  -23.427  54.865 0.0000000000
62630  39.406  -24.150  55.418 0.0000000000
62631  38.842  -24.354  55.049 0.0000000000
62618  39.642  -24.474  55.914 0.0000000000
45052  33.803  -39.362  62.880 0.0000000000
45025  33.145  -39.818  63.330 0.0000000000
71355  41.174  -14.660  51.782 0.0000000000
40232  16.588  -44.561  67.834 0.0000000000
37830  15.042  -46.158  69.340 0.0000000000
37839  14.489  -45.901  68.544 0.0000000000
36593  14.237  -46.234  68.760 0.0000000000
36575  14.360  -46.427  69.114 0.0000000000
35365  12.934  -47.254  69.562 0.0000000000
35310  8.439  -47.813  72.075 0.0000000000
35284  8.487  -46.775  74.466 0.0000000000
34057  7.755  -48.000  74.155 0.0000000000
48565  29.750  -36.522  58.995 0.0000000000
49631  29.206  -36.224  59.571 0.0000000000
48546  27.870  -36.525  60.301 0.0000000000
48567  28.232  -36.812  60.018 0.0000000000
47413  28.322  -37.820  60.410 0.0000000000
45035  23.444  -39.151  63.177 0.0000000000
43805  24.181  -40.760  65.069 0.0000000000
60467  31.416  -25.809  56.459 0.0000000000
57201  33.539  -29.039  60.080 0.0000000000
58261  34.037  -28.396  60.330 0.0000000000
58260  34.805  -27.817  60.205 0.0000000000
57192  35.448  -28.385  61.174 0.0000000000
58258  36.518  -27.558  59.781 0.0000000000
74425  51.529  -12.358  46.081 0.0000000000
74441  51.159  -12.102  45.391 0.0000000000
29409  4.922  -52.757  75.561 0.0000000000
68122  38.251  -17.929  54.338 0.0000000000
67065  36.045  -19.110  55.031 0.0000000000
65995  34.673  -20.748  53.784 0.0000000000
64863  34.552  -21.591  53.725 0.0000000000
63766  34.675  -22.414  53.666 0.0000000000
62665  34.860  -22.971  53.670 0.0000000000
42543  21.936  -41.804  66.632 0.0000000000
42544  21.138  -41.762  66.233 0.0000000000
41452  20.499  -41.941  66.083 0.0000000000
42574  19.921  -41.724  65.457 0.0000000000
44989  18.358  -38.966  64.657 0.0000000000
43812  17.562  -40.260  64.951 0.0000000000
41457  15.078  -42.526  66.455 0.0000000000
41433  13.675  -42.310  67.367 0.0000000000
49569  24.404  -36.079  61.894 0.0000000000
48507  24.090  -36.498  61.737 0.0000000000
48508  23.613  -36.672  61.883 0.0000000000
48510  22.029  -36.763  62.776 0.0000000000
47376  22.216  -37.283  62.540 0.0000000000
46232  22.550  -37.894  62.449 0.0000000000
46206  22.829  -38.528  62.744 0.0000000000
43807  22.134  -40.477  64.769 0.0000000000
59323  30.400  -26.845  61.169 0.0000000000
58244  30.109  -27.516  61.337 0.0000000000
57202  29.731  -28.600  59.701 0.0000000000
56087  29.957  -29.520  60.073 0.0000000000
52790  32.212  -31.729  59.128 0.0000000000
53894  31.813  -31.295  59.198 0.0000000000
53893  33.709  -30.949  58.850 0.0000000000
55003  33.174  -30.828  58.866 0.0000000000
56092  33.301  -29.526  59.718 0.0000000000
57200  34.087  -29.130  60.366 0.0000000000
56077  34.987  -29.392  60.784 0.0000000000
56076  35.446  -29.664  61.161 0.0000000000
56075  35.868  -29.890  61.588 0.0000000000
78521  49.935  -9.004  45.150 0.0000000000
77511  49.673  -9.743  44.841 0.0000000000
77499  49.220  -9.678  45.297 0.0000000000
76469  49.619  -10.156  44.798 0.0000000000
75410  49.681  -10.814  44.894 0.0000000000
75397  49.927  -11.655  45.382 0.0000000000
74410  48.592  -12.546  46.618 0.0000000000
74428  49.075  -12.158  46.175 0.0000000000
74426  50.632  -12.345  46.159 0.0000000000
70342  43.870  -15.729  48.371 0.0000000000
68185  43.656  -18.148  49.727 0.0000000000
68173  43.132  -18.759  50.134 0.0000000000
70328  40.685  -16.662  49.664 0.0000000000
69244  41.261  -17.355  49.512 0.0000000000
68188  40.999  -17.984  49.762 0.0000000000
67138  43.498  -19.418  50.683 0.0000000000
66011  43.205  -20.271  51.596 0.0000000000
68151  37.724  -17.816  52.537 0.0000000000
67132  36.655  -20.094  51.846 0.0000000000
66017  37.158  -20.302  51.582 0.0000000000
64895  37.581  -20.973  51.553 0.0000000000
66016  38.022  -20.056  51.080 0.0000000000
64891  41.368  -21.411  51.792 0.0000000000
64880  40.949  -21.895  52.230 0.0000000000
64879  41.877  -21.638  52.269 0.0000000000
48564  33.666  -36.483  58.458 0.0000000000
48563  34.341  -36.201  58.543 0.0000000000
46270  34.516  -37.695  60.735 0.0000000000
47392  34.882  -37.634  60.943 0.0000000000
47391  35.538  -37.481  61.430 0.0000000000
73394  43.276  -13.066  49.209 0.0000000000
73395  42.933  -13.616  49.002 0.0000000000
73411  43.164  -13.631  48.778 0.0000000000
41397  20.591  -43.101  67.899 0.0000000000
42523  14.013  -40.842  68.676 0.0000000000
42524  13.538  -41.521  68.390 0.0000000000
41400  13.134  -42.301  68.075 0.0000000000
41401  12.615  -42.571  68.694 0.0000000000
37842  11.666  -44.986  68.745 0.0000000000
38963  10.413  -44.856  71.117 0.0000000000
37820  10.328  -45.432  70.528 0.0000000000
37832  10.456  -46.029  69.898 0.0000000000
35367  11.471  -47.450  69.744 0.0000000000
34131  11.909  -48.710  71.198 0.0000000000
34109  12.125  -49.027  71.823 0.0000000000
34110  11.384  -49.204  71.477 0.0000000000
34090  11.782  -49.445  72.088 0.0000000000
31745  10.374  -51.119  73.003 0.0000000000
29431  9.059  -52.321  73.642 0.0000000000
29432  8.090  -52.490  73.477 0.0000000000
32957  7.666  -50.163  72.724 0.0000000000
30605  8.054  -51.150  72.693 0.0000000000
29426  6.743  -52.682  74.013 0.0000000000
30582  5.119  -52.058  75.455 0.0000000000
32876  6.148  -48.776  76.695 0.0000000000
50679  32.743  -34.839  58.591 0.0000000000
45075  32.341  -39.073  61.915 0.0000000000
49594  26.328  -36.166  61.433 0.0000000000
48530  26.194  -36.624  61.038 0.0000000000
48548  26.177  -37.115  60.801 0.0000000000
47394  25.564  -37.654  61.137 0.0000000000
47416  26.049  -37.511  60.921 0.0000000000
46256  26.550  -38.344  61.223 0.0000000000
45080  27.652  -38.902  61.843 0.0000000000
45034  24.436  -39.156  62.756 0.0000000000
45033  25.396  -39.458  62.711 0.0000000000
45058  27.922  -39.352  62.494 0.0000000000
68161  45.531  -19.218  51.180 0.0000000000
63713  34.515  -22.345  57.280 0.0000000000
63722  34.092  -22.343  56.584 0.0000000000
61569  33.511  -23.613  56.076 0.0000000000
62632  33.860  -23.369  55.074 0.0000000000
59335  30.618  -26.450  60.975 0.0000000000
59347  30.497  -26.342  60.334 0.0000000000
60405  30.237  -26.292  59.155 0.0000000000
59358  29.994  -26.730  58.733 0.0000000000
60421  30.386  -26.050  58.592 0.0000000000
60444  30.621  -25.879  57.696 0.0000000000
60468  30.890  -25.830  57.063 0.0000000000
58336  31.932  -28.101  57.164 0.0000000000
58363  31.344  -27.343  56.414 0.0000000000
60494  31.943  -25.865  55.844 0.0000000000
58382  34.818  -27.381  55.120 0.0000000000
59409  34.518  -26.777  54.780 0.0000000000
60518  36.158  -25.653  54.382 0.0000000000
59437  37.392  -25.998  55.049 0.0000000000
59387  38.139  -26.637  56.124 0.0000000000
60464  38.862  -25.775  56.238 0.0000000000
48561  35.752  -35.534  59.400 0.0000000000
47408  36.326  -36.209  60.895 0.0000000000
49626  36.266  -34.875  59.643 0.0000000000
50649  37.350  -33.976  60.633 0.0000000000
49561  38.109  -35.236  62.056 0.0000000000
50648  37.886  -33.914  61.239 0.0000000000
51676  37.864  -33.108  60.858 0.0000000000
52754  37.924  -32.068  61.337 0.0000000000
77521  50.475  -9.863  43.940 0.0000000000
77519  52.047  -9.129  43.413 0.0000000000
76481  52.478  -10.422  42.297 0.0000000000
74454  51.537  -11.942  44.517 0.0000000000
75417  52.175  -11.732  43.384 0.0000000000
76489  54.108  -10.770  41.057 0.0000000000
31754  7.797  -50.678  72.699 0.0000000000
35344  9.621  -47.459  70.686 0.0000000000
39018  11.660  -44.558  68.820 0.0000000000
41360  12.441  -42.266  70.338 0.0000000000
41458  14.680  -42.451  66.600 0.0000000000
43780  21.794  -40.826  65.259 0.0000000000
44988  22.573  -40.263  64.504 0.0000000000
45081  26.836  -38.850  61.678 0.0000000000
46166  18.729  -37.784  65.054 0.0000000000
46204  24.254  -38.638  62.281 0.0000000000
47396  24.153  -37.349  61.603 0.0000000000
47436  27.641  -37.184  60.318 0.0000000000
47452  30.138  -36.786  58.741 0.0000000000
48532  24.341  -36.810  61.512 0.0000000000
48585  30.954  -36.365  58.409 0.0000000000
49550  23.095  -35.773  62.783 0.0000000000
53901  33.272  -31.422  58.757 0.0000000000
54976  36.249  -30.256  61.600 0.0000000000
54985  34.892  -30.074  60.093 0.0000000000
56066  35.793  -29.400  61.645 0.0000000000
57203  29.599  -28.214  59.596 0.0000000000
58262  33.363  -28.624  59.961 0.0000000000
58264  29.544  -28.099  59.785 0.0000000000
58286  29.562  -27.959  59.569 0.0000000000
58356  38.225  -26.868  56.400 0.0000000000
58379  37.363  -26.795  55.629 0.0000000000
58399  35.542  -26.925  54.858 0.0000000000
59322  30.753  -26.633  61.663 0.0000000000
59405  38.355  -26.232  56.034 0.0000000000
59407  37.095  -26.552  55.278 0.0000000000
60516  37.660  -25.476  54.878 0.0000000000
61568  39.098  -25.280  56.103 0.0000000000
64807  34.440  -21.948  56.946 0.0000000000
66018  36.742  -20.494  51.815 0.0000000000
69223  38.705  -17.410  50.879 0.0000000000
70282  38.709  -16.767  52.294 0.0000000000
74429  48.330  -12.227  46.398 0.0000000000
76460  47.909  -10.453  46.015 0.0000000000
77495  48.110  -9.818  46.184 0.0000000000
77498  49.790  -9.463  44.878 0.0000000000
