#!ascii label  , from subject sub-01 vox2ras=TkReg
1601
64750  54.869  -21.318  61.592 0.0000000000
44998  42.833  -39.371  64.349 0.0000000000
35428  28.480  -47.382  65.916 0.0000000000
35337  21.051  -48.218  69.945 0.0000000000
36558  38.144  -45.774  70.273 0.0000000000
41528  34.265  -42.627  60.514 0.0000000000
60380  52.185  -25.665  60.282 0.0000000000
70224  54.492  -16.534  55.742 0.0000000000
63562  47.551  -22.658  66.754 0.0000000000
56074  42.267  -30.252  60.820 0.0000000000
49698  36.776  -35.567  54.908 0.0000000000
34116  30.080  -48.462  71.184 0.0000000000
36589  24.968  -46.637  68.463 0.0000000000
34052  26.303  -48.617  74.261 0.0000000000
36586  33.445  -46.994  68.494 0.0000000000
66842  49.327  -18.868  69.316 0.0000000000
43660  44.408  -40.455  71.268 0.0000000000
48404  46.074  -36.341  68.286 0.0000000000
54931  45.954  -31.269  66.128 0.0000000000
50619  43.715  -34.974  62.345 0.0000000000
50706  40.461  -33.881  57.515 0.0000000000
46290  40.394  -37.788  59.552 0.0000000000
40367  27.952  -42.918  58.703 0.0000000000
43973  30.256  -40.104  55.422 0.0000000000
67009  53.985  -19.410  59.228 0.0000000000
67033  57.368  -19.828  56.206 0.0000000000
37954  26.199  -45.434  61.153 0.0000000000
39098  22.906  -44.337  62.485 0.0000000000
41409  41.253  -43.002  67.556 0.0000000000
42642  38.672  -41.146  62.384 0.0000000000
39047  36.649  -44.597  65.672 0.0000000000
37918  31.067  -45.038  63.464 0.0000000000
59288  53.668  -25.802  63.054 0.0000000000
32865  22.224  -49.029  77.048 0.0000000000
32949  17.816  -48.836  72.750 0.0000000000
70143  53.644  -16.694  61.244 0.0000000000
66920  53.123  -19.503  64.443 0.0000000000
63574  51.943  -22.767  65.938 0.0000000000
63645  49.771  -22.204  62.469 0.0000000000
61504  47.002  -23.968  61.014 0.0000000000
59207  47.471  -26.659  69.446 0.0000000000
59279  45.546  -26.861  64.674 0.0000000000
58298  43.805  -27.092  57.879 0.0000000000
57277  40.558  -28.822  55.191 0.0000000000
43926  36.056  -40.295  57.410 0.0000000000
34034  30.159  -47.788  74.593 0.0000000000
34077  27.809  -48.574  72.664 0.0000000000
34023  28.180  -48.010  75.801 0.0000000000
35303  31.871  -47.660  72.427 0.0000000000
43749  44.153  -40.209  67.839 0.0000000000
47272  44.568  -37.779  66.125 0.0000000000
49527  45.251  -35.367  65.300 0.0000000000
47334  43.054  -37.609  63.245 0.0000000000
48542  41.967  -36.619  60.589 0.0000000000
46222  41.536  -38.725  62.040 0.0000000000
39190  25.445  -44.265  57.519 0.0000000000
41619  25.787  -42.921  55.981 0.0000000000
66956  55.044  -20.220  60.923 0.0000000000
65898  56.756  -20.521  59.516 0.0000000000
64762  56.593  -21.568  60.177 0.0000000000
36675  27.554  -46.427  63.434 0.0000000000
37940  25.395  -45.014  62.411 0.0000000000
37882  26.268  -45.883  65.022 0.0000000000
35358  23.150  -47.413  69.261 0.0000000000
36631  21.909  -46.141  66.538 0.0000000000
35401  20.861  -46.886  67.593 0.0000000000
35385  19.299  -47.427  68.360 0.0000000000
38965  41.656  -43.775  70.680 0.0000000000
39010  39.585  -44.635  68.821 0.0000000000
40258  38.762  -43.905  66.219 0.0000000000
37849  37.022  -45.475  67.757 0.0000000000
35412  30.726  -47.311  66.804 0.0000000000
36642  31.737  -46.228  65.708 0.0000000000
36660  29.748  -46.591  64.607 0.0000000000
37936  29.052  -45.570  62.079 0.0000000000
60348  52.671  -25.795  62.764 0.0000000000
58233  53.630  -27.280  61.757 0.0000000000
58274  52.573  -27.228  60.010 0.0000000000
32924  16.282  -49.683  74.726 0.0000000000
65801  52.931  -20.935  65.873 0.0000000000
67944  51.557  -19.067  67.184 0.0000000000
64651  48.047  -21.264  67.852 0.0000000000
65784  49.337  -20.339  66.743 0.0000000000
64691  47.856  -21.867  65.025 0.0000000000
62534  48.072  -23.132  61.730 0.0000000000
62503  47.397  -23.352  64.170 0.0000000000
54953  44.144  -31.167  63.948 0.0000000000
57148  44.814  -28.874  65.491 0.0000000000
57170  43.635  -28.995  63.039 0.0000000000
59317  44.426  -26.881  60.968 0.0000000000
57206  42.340  -28.521  59.394 0.0000000000
58354  42.317  -27.449  56.284 0.0000000000
56099  41.262  -29.812  58.338 0.0000000000
52838  38.693  -32.275  55.326 0.0000000000
41509  36.721  -42.426  61.827 0.0000000000
43893  37.488  -40.504  60.144 0.0000000000
42696  34.439  -41.598  58.356 0.0000000000
45205  30.448  -39.307  53.330 0.0000000000
70272  57.414  -16.282  52.245 0.0000000000
69179  55.059  -17.148  53.134 0.0000000000
34152  29.259  -48.292  68.731 0.0000000000
35399  27.084  -47.231  67.656 0.0000000000
34119  27.461  -47.942  70.514 0.0000000000
34099  25.418  -47.922  71.813 0.0000000000
34081  23.630  -48.328  72.678 0.0000000000
36549  36.633  -46.496  72.275 0.0000000000
36571  35.616  -46.631  69.541 0.0000000000
35327  33.935  -47.178  70.803 0.0000000000
35353  31.298  -47.915  70.185 0.0000000000
68993  50.111  -17.675  67.860 0.0000000000
64612  47.709  -21.415  70.356 0.0000000000
51616  46.502  -33.468  66.546 0.0000000000
52735  45.395  -32.841  64.167 0.0000000000
52762  43.256  -32.887  60.890 0.0000000000
52772  41.902  -32.249  59.317 0.0000000000
50660  42.403  -34.443  59.956 0.0000000000
48599  40.425  -35.783  58.004 0.0000000000
47485  38.422  -37.090  56.851 0.0000000000
41532  30.902  -42.756  60.064 0.0000000000
42698  32.392  -41.611  58.366 0.0000000000
42720  28.842  -41.636  57.742 0.0000000000
68088  53.416  -18.827  57.378 0.0000000000
68099  54.521  -19.343  55.150 0.0000000000
67021  56.132  -19.545  57.534 0.0000000000
37865  24.466  -45.688  66.077 0.0000000000
41363  42.921  -42.121  69.300 0.0000000000
42586  42.181  -41.131  65.668 0.0000000000
43850  41.458  -40.117  63.693 0.0000000000
41474  39.910  -42.135  65.027 0.0000000000
40282  37.915  -43.146  64.110 0.0000000000
40285  35.583  -43.607  63.338 0.0000000000
37861  35.037  -45.485  66.740 0.0000000000
39050  34.182  -44.623  64.853 0.0000000000
40299  32.824  -43.620  62.108 0.0000000000
39115  30.151  -44.152  61.566 0.0000000000
39136  27.676  -44.798  59.895 0.0000000000
61472  54.183  -24.231  62.542 0.0000000000
61487  55.892  -24.487  61.047 0.0000000000
59314  54.887  -26.088  61.609 0.0000000000
32898  23.773  -48.682  75.544 0.0000000000
32945  21.866  -48.725  73.434 0.0000000000
32902  20.325  -49.436  75.706 0.0000000000
34105  19.428  -48.374  71.355 0.0000000000
70198  53.861  -16.855  58.722 0.0000000000
68063  53.780  -18.451  60.452 0.0000000000
66957  54.426  -19.551  61.626 0.0000000000
65832  54.066  -20.283  63.348 0.0000000000
63605  53.593  -22.351  64.758 0.0000000000
61410  52.597  -24.156  65.265 0.0000000000
62519  52.104  -24.420  63.616 0.0000000000
65760  50.511  -20.045  67.238 0.0000000000
63607  51.222  -22.330  64.618 0.0000000000
63674  51.237  -23.022  61.322 0.0000000000
63686  49.733  -22.846  59.858 0.0000000000
62590  48.255  -23.607  58.900 0.0000000000
61368  47.573  -24.679  68.655 0.0000000000
57121  46.927  -28.841  68.391 0.0000000000
59249  46.409  -26.906  66.803 0.0000000000
60302  46.856  -25.311  65.973 0.0000000000
60349  46.120  -25.059  62.397 0.0000000000
60398  45.528  -25.722  59.427 0.0000000000
53913  40.257  -31.557  56.735 0.0000000000
45074  39.752  -39.613  61.454 0.0000000000
46312  37.840  -39.006  58.294 0.0000000000
46363  36.473  -38.208  55.900 0.0000000000
43945  33.344  -40.714  56.401 0.0000000000
45177  33.539  -38.941  54.403 0.0000000000
34035  29.527  -47.881  74.929 0.0000000000
35250  29.443  -47.313  75.866 0.0000000000
44955  43.475  -39.926  65.953 0.0000000000
46127  44.607  -38.476  66.811 0.0000000000
46152  43.714  -38.729  65.378 0.0000000000
47307  43.874  -37.610  64.758 0.0000000000
46199  43.000  -38.468  63.885 0.0000000000
47335  42.635  -38.025  62.730 0.0000000000
45019  42.644  -38.961  63.731 0.0000000000
65863  55.307  -20.718  60.933 0.0000000000
64763  56.053  -21.486  60.446 0.0000000000
63658  55.357  -22.290  60.854 0.0000000000
35438  28.273  -47.106  65.184 0.0000000000
36663  26.879  -46.224  64.315 0.0000000000
36645  27.693  -47.057  65.891 0.0000000000
35335  22.555  -47.930  69.995 0.0000000000
35383  21.671  -47.238  68.167 0.0000000000
35360  20.914  -47.929  69.270 0.0000000000
35402  19.725  -46.947  67.364 0.0000000000
35361  19.806  -47.704  69.103 0.0000000000
36537  38.071  -45.824  72.165 0.0000000000
37798  38.825  -45.523  71.689 0.0000000000
37824  40.052  -44.759  70.899 0.0000000000
37826  38.713  -45.413  69.822 0.0000000000
37847  38.421  -45.075  68.314 0.0000000000
36581  37.449  -45.728  68.891 0.0000000000
35413  29.725  -47.731  67.000 0.0000000000
35426  30.117  -47.201  65.953 0.0000000000
35437  28.882  -47.214  65.049 0.0000000000
35450  28.866  -46.857  64.328 0.0000000000
60379  52.398  -25.739  61.104 0.0000000000
59329  52.558  -26.460  61.282 0.0000000000
59330  52.363  -26.263  60.611 0.0000000000
69029  50.829  -17.319  65.789 0.0000000000
69027  51.855  -18.137  66.009 0.0000000000
69011  50.775  -17.616  66.961 0.0000000000
63561  47.684  -22.375  67.623 0.0000000000
64671  48.323  -20.961  66.595 0.0000000000
64672  47.706  -21.956  65.949 0.0000000000
62481  47.311  -23.764  65.472 0.0000000000
54963  43.236  -31.172  62.442 0.0000000000
56053  43.697  -30.172  63.760 0.0000000000
57181  43.187  -29.292  62.092 0.0000000000
57191  43.050  -28.746  61.171 0.0000000000
56082  42.432  -29.514  60.815 0.0000000000
57207  41.912  -29.112  59.478 0.0000000000
56090  41.579  -29.954  59.538 0.0000000000
41527  35.130  -42.430  60.651 0.0000000000
42665  35.943  -41.890  60.311 0.0000000000
41549  34.783  -42.251  60.114 0.0000000000
70236  56.109  -16.065  54.112 0.0000000000
70237  55.327  -16.376  54.412 0.0000000000
34139  29.313  -48.477  69.800 0.0000000000
34140  28.473  -48.209  69.530 0.0000000000
34118  28.492  -48.403  70.672 0.0000000000
34064  27.023  -48.551  73.567 0.0000000000
34098  26.586  -47.981  71.734 0.0000000000
34079  25.786  -48.192  72.694 0.0000000000
34100  24.305  -48.026  71.820 0.0000000000
34066  25.091  -48.387  73.549 0.0000000000
35300  34.903  -46.938  72.886 0.0000000000
35312  35.625  -46.774  71.832 0.0000000000
35301  33.930  -47.346  72.772 0.0000000000
35317  31.228  -47.870  71.893 0.0000000000
35316  31.753  -47.746  71.575 0.0000000000
34137  30.676  -48.228  70.633 0.0000000000
34151  30.181  -48.298  68.994 0.0000000000
47242  45.967  -36.907  69.244 0.0000000000
48394  46.351  -36.060  70.186 0.0000000000
49490  46.809  -34.674  68.964 0.0000000000
51600  47.168  -33.365  68.548 0.0000000000
50583  46.615  -34.385  67.823 0.0000000000
49557  44.179  -35.210  63.327 0.0000000000
50609  45.262  -34.213  64.150 0.0000000000
51640  44.571  -33.751  63.142 0.0000000000
52744  44.346  -33.033  62.826 0.0000000000
51661  43.662  -33.944  61.744 0.0000000000
51675  42.912  -33.653  60.337 0.0000000000
50646  43.219  -34.632  61.248 0.0000000000
47427  41.419  -37.239  60.138 0.0000000000
48559  41.554  -36.416  59.794 0.0000000000
47447  40.611  -37.016  59.086 0.0000000000
48580  40.176  -36.422  58.086 0.0000000000
46327  39.211  -37.443  58.009 0.0000000000
41555  29.637  -42.712  59.434 0.0000000000
42682  30.456  -42.075  59.022 0.0000000000
41574  28.423  -42.408  58.450 0.0000000000
68081  53.472  -18.711  58.638 0.0000000000
67037  54.329  -19.432  57.057 0.0000000000
67022  55.096  -19.641  57.813 0.0000000000
66992  57.159  -20.247  58.781 0.0000000000
37985  25.449  -45.117  59.341 0.0000000000
37966  25.373  -45.103  60.373 0.0000000000
36608  25.871  -46.601  67.668 0.0000000000
36627  25.823  -46.228  66.653 0.0000000000
36609  24.942  -46.234  67.608 0.0000000000
37869  20.947  -45.630  65.688 0.0000000000
37887  21.394  -45.268  65.161 0.0000000000
40212  41.426  -43.527  68.930 0.0000000000
41364  42.513  -42.788  69.772 0.0000000000
41377  42.209  -42.659  68.541 0.0000000000
42531  42.694  -41.804  67.630 0.0000000000
41442  41.354  -42.352  66.521 0.0000000000
41464  41.229  -42.018  65.867 0.0000000000
41443  40.665  -43.011  66.731 0.0000000000
39046  37.578  -44.338  65.773 0.0000000000
40267  38.407  -43.746  65.579 0.0000000000
40275  37.404  -43.707  64.538 0.0000000000
40284  36.408  -43.623  63.614 0.0000000000
39073  35.601  -43.931  64.030 0.0000000000
35371  34.276  -46.874  69.045 0.0000000000
36603  35.510  -46.081  68.002 0.0000000000
36621  34.133  -46.029  67.191 0.0000000000
37881  31.868  -45.699  64.967 0.0000000000
37880  32.704  -45.550  65.389 0.0000000000
39061  32.321  -44.838  63.916 0.0000000000
39076  32.898  -44.355  63.449 0.0000000000
39077  31.877  -44.651  63.299 0.0000000000
39114  30.978  -43.906  61.810 0.0000000000
39095  30.507  -44.595  62.351 0.0000000000
36704  27.704  -45.917  61.742 0.0000000000
37952  28.135  -45.462  60.930 0.0000000000
37964  27.208  -45.156  60.063 0.0000000000
61452  53.934  -24.542  63.219 0.0000000000
60347  54.210  -25.292  62.425 0.0000000000
59299  54.162  -26.462  62.374 0.0000000000
58250  55.300  -27.399  60.763 0.0000000000
32882  23.386  -48.752  76.178 0.0000000000
32931  23.019  -48.672  74.189 0.0000000000
32900  22.158  -49.191  75.606 0.0000000000
32922  18.721  -49.296  74.855 0.0000000000
32935  19.370  -48.962  74.015 0.0000000000
32947  20.042  -48.728  73.201 0.0000000000
34086  18.717  -48.561  72.088 0.0000000000
34106  18.463  -48.308  71.232 0.0000000000
34087  17.930  -48.569  71.849 0.0000000000
71267  54.904  -15.436  57.854 0.0000000000
70163  54.187  -16.621  60.047 0.0000000000
69103  53.892  -17.186  61.154 0.0000000000
68049  54.087  -18.922  61.540 0.0000000000
69085  53.880  -17.601  61.895 0.0000000000
68003  53.489  -18.786  63.771 0.0000000000
66933  53.894  -19.425  63.259 0.0000000000
65833  53.652  -20.357  63.924 0.0000000000
64702  53.784  -21.801  64.095 0.0000000000
64703  53.570  -21.329  64.518 0.0000000000
64668  52.350  -21.832  66.409 0.0000000000
62478  52.850  -23.538  65.624 0.0000000000
62479  52.379  -23.688  65.631 0.0000000000
61436  52.161  -24.306  64.780 0.0000000000
62480  51.957  -23.524  65.509 0.0000000000
67930  49.884  -18.484  68.710 0.0000000000
66855  50.634  -18.957  68.078 0.0000000000
66873  50.021  -19.603  68.014 0.0000000000
64706  49.504  -21.165  64.500 0.0000000000
65821  50.438  -20.971  65.643 0.0000000000
64720  50.375  -21.714  63.948 0.0000000000
63644  50.768  -22.332  62.775 0.0000000000
63661  50.596  -22.492  61.795 0.0000000000
63675  50.523  -22.711  60.776 0.0000000000
63662  49.616  -22.498  61.481 0.0000000000
62547  47.549  -23.582  61.385 0.0000000000
62560  48.343  -23.271  60.227 0.0000000000
61517  47.123  -23.951  60.085 0.0000000000
61518  46.628  -24.498  59.537 0.0000000000
60269  47.505  -25.655  69.038 0.0000000000
53820  47.050  -31.442  67.753 0.0000000000
56007  47.335  -29.999  68.712 0.0000000000
54917  46.713  -30.800  67.555 0.0000000000
58197  45.048  -27.716  64.997 0.0000000000
58171  45.832  -28.106  66.609 0.0000000000
59264  46.156  -26.504  65.594 0.0000000000
59248  46.653  -26.068  66.491 0.0000000000
59278  45.973  -26.088  64.354 0.0000000000
60335  46.339  -25.320  63.651 0.0000000000
59291  45.850  -25.904  63.698 0.0000000000
59344  44.522  -26.846  59.432 0.0000000000
59331  44.877  -26.275  60.667 0.0000000000
59355  44.539  -26.771  58.439 0.0000000000
59368  45.249  -26.332  57.958 0.0000000000
59369  44.606  -26.619  57.418 0.0000000000
58353  43.444  -26.888  55.952 0.0000000000
58355  41.526  -28.088  56.405 0.0000000000
58378  41.608  -27.750  55.509 0.0000000000
52799  41.200  -32.456  58.129 0.0000000000
53905  41.032  -31.616  57.989 0.0000000000
52814  40.279  -32.413  56.997 0.0000000000
53932  38.793  -31.317  54.975 0.0000000000
43852  39.737  -40.671  63.043 0.0000000000
43871  40.236  -40.069  62.705 0.0000000000
43872  39.208  -40.398  62.222 0.0000000000
43912  36.711  -40.295  58.537 0.0000000000
45100  37.916  -39.537  59.476 0.0000000000
45123  36.918  -39.504  57.791 0.0000000000
46347  36.862  -38.557  56.661 0.0000000000
45138  36.131  -39.305  56.433 0.0000000000
42737  31.440  -40.922  56.956 0.0000000000
42736  32.491  -41.012  56.987 0.0000000000
43946  32.042  -40.565  56.187 0.0000000000
45178  32.468  -38.931  54.032 0.0000000000
46379  33.947  -38.274  54.068 0.0000000000
67052  56.576  -19.533  55.633 0.0000000000
67097  54.789  -19.186  53.794 0.0000000000
61486  56.743  -24.637  60.859 0.0000000000
34074  30.218  -48.227  72.941 0.0000000000
34095  29.422  -48.620  71.901 0.0000000000
34062  28.936  -48.563  73.635 0.0000000000
34050  28.294  -48.489  74.493 0.0000000000
34051  27.103  -48.560  74.632 0.0000000000
35292  31.338  -47.686  73.262 0.0000000000
43706  44.333  -40.543  69.443 0.0000000000
44885  45.209  -39.145  70.135 0.0000000000
46081  44.989  -39.063  68.605 0.0000000000
46100  45.286  -38.068  68.066 0.0000000000
48413  45.754  -36.485  67.362 0.0000000000
49512  45.905  -35.646  66.870 0.0000000000
48432  44.979  -36.355  65.712 0.0000000000
48469  44.160  -36.230  63.981 0.0000000000
48519  43.199  -36.199  62.470 0.0000000000
49582  42.824  -35.894  61.525 0.0000000000
48520  42.736  -36.541  61.989 0.0000000000
47387  42.175  -37.464  61.563 0.0000000000
46245  41.284  -38.449  61.322 0.0000000000
40369  26.695  -43.546  58.377 0.0000000000
41588  26.758  -42.634  57.542 0.0000000000
40395  25.645  -43.460  56.807 0.0000000000
66977  55.293  -20.191  60.130 0.0000000000
66994  55.580  -20.029  59.320 0.0000000000
65899  56.086  -20.317  59.668 0.0000000000
65881  56.953  -21.044  59.840 0.0000000000
36688  27.318  -46.001  62.413 0.0000000000
37939  26.159  -45.392  62.008 0.0000000000
36689  26.710  -45.690  62.466 0.0000000000
37922  25.277  -45.102  63.435 0.0000000000
37923  24.404  -44.893  63.786 0.0000000000
35357  24.307  -47.015  69.200 0.0000000000
36610  23.995  -46.268  67.488 0.0000000000
36592  22.615  -46.893  67.851 0.0000000000
36613  21.321  -46.560  67.043 0.0000000000
35418  18.792  -47.041  66.790 0.0000000000
39008  41.052  -43.956  69.658 0.0000000000
39024  40.150  -44.145  68.424 0.0000000000
40256  40.154  -43.526  67.013 0.0000000000
39037  39.150  -44.230  67.284 0.0000000000
39027  38.025  -44.791  67.249 0.0000000000
37859  36.865  -45.184  66.891 0.0000000000
35394  31.673  -47.246  67.614 0.0000000000
36606  32.527  -46.787  67.332 0.0000000000
36624  31.181  -46.818  66.280 0.0000000000
36643  30.777  -46.653  65.560 0.0000000000
37900  30.448  -45.797  64.088 0.0000000000
37919  30.155  -45.476  63.270 0.0000000000
36673  29.326  -46.431  63.802 0.0000000000
36687  28.175  -46.343  62.506 0.0000000000
59290  52.857  -25.954  63.145 0.0000000000
59300  53.539  -26.490  62.691 0.0000000000
58234  52.925  -26.958  61.770 0.0000000000
58252  53.164  -27.385  60.977 0.0000000000
32905  16.848  -49.688  75.818 0.0000000000
32937  17.046  -49.230  73.717 0.0000000000
32959  17.245  -48.826  71.966 0.0000000000
32951  15.857  -49.852  72.303 0.0000000000
67989  52.700  -18.947  64.952 0.0000000000
66904  52.789  -20.089  65.301 0.0000000000
66905  52.541  -19.529  65.623 0.0000000000
66887  52.108  -19.618  66.571 0.0000000000
65781  51.849  -20.947  66.830 0.0000000000
66857  48.881  -19.699  69.006 0.0000000000
65761  49.717  -19.964  67.506 0.0000000000
65762  48.803  -20.342  67.612 0.0000000000
64690  48.362  -21.306  65.327 0.0000000000
63608  48.472  -21.719  63.927 0.0000000000
63646  48.690  -22.569  62.251 0.0000000000
63628  47.939  -22.663  63.178 0.0000000000
62521  47.445  -23.557  63.036 0.0000000000
61475  47.034  -24.134  62.664 0.0000000000
54942  45.108  -31.394  65.062 0.0000000000
54924  45.683  -30.636  66.323 0.0000000000
56036  44.384  -30.203  64.951 0.0000000000
57160  44.224  -29.142  64.451 0.0000000000
58208  44.327  -27.993  63.681 0.0000000000
59302  44.933  -26.546  62.574 0.0000000000
58220  44.176  -27.601  62.551 0.0000000000
58236  43.523  -27.984  60.921 0.0000000000
58277  42.970  -27.965  59.537 0.0000000000
58326  43.043  -27.284  57.138 0.0000000000
58300  42.063  -28.190  58.087 0.0000000000
57238  41.672  -28.504  57.896 0.0000000000
56110  40.907  -29.474  56.852 0.0000000000
50707  39.932  -34.196  57.085 0.0000000000
51760  39.384  -32.907  56.202 0.0000000000
51742  39.183  -33.545  56.181 0.0000000000
52839  38.004  -32.564  54.975 0.0000000000
52875  36.723  -32.209  53.390 0.0000000000
42643  37.958  -41.691  62.097 0.0000000000
42654  37.651  -41.039  60.961 0.0000000000
42655  36.869  -41.904  61.184 0.0000000000
42676  36.247  -41.160  59.141 0.0000000000
42713  35.577  -40.885  57.672 0.0000000000
43995  30.620  -39.710  54.748 0.0000000000
45206  29.618  -39.683  53.384 0.0000000000
71319  57.768  -15.476  53.778 0.0000000000
70273  56.543  -16.541  52.509 0.0000000000
69201  55.662  -17.605  51.816 0.0000000000
34172  29.079  -47.874  67.317 0.0000000000
35415  27.864  -47.403  66.742 0.0000000000
35376  27.945  -47.617  67.990 0.0000000000
35354  27.088  -47.485  68.891 0.0000000000
35355  26.285  -47.256  69.216 0.0000000000
34097  27.652  -48.329  71.665 0.0000000000
34120  26.174  -47.703  70.829 0.0000000000
35332  25.722  -47.393  70.046 0.0000000000
35333  24.642  -47.346  70.118 0.0000000000
34123  22.921  -48.114  70.856 0.0000000000
34102  22.294  -48.463  71.667 0.0000000000
36548  37.398  -46.203  71.693 0.0000000000
36570  36.511  -46.469  69.876 0.0000000000
35325  35.819  -46.740  70.613 0.0000000000
35326  34.954  -46.962  70.815 0.0000000000
35351  33.313  -47.264  69.816 0.0000000000
35314  33.472  -47.435  71.755 0.0000000000
35328  32.909  -47.496  70.795 0.0000000000
35373  32.684  -47.264  68.661 0.0000000000
35374  31.197  -47.832  68.949 0.0000000000
35396  29.792  -47.928  67.733 0.0000000000
61516  51.878  -24.773  59.833 0.0000000000
60396  51.886  -25.774  59.396 0.0000000000
60411  51.495  -25.870  58.402 0.0000000000
69012  50.057  -17.443  66.845 0.0000000000
66843  48.672  -19.311  69.663 0.0000000000
65731  48.322  -20.383  69.476 0.0000000000
64639  48.019  -21.263  68.991 0.0000000000
63549  47.750  -22.199  68.518 0.0000000000
52703  47.205  -32.633  68.024 0.0000000000
52711  46.607  -32.542  66.626 0.0000000000
50597  46.162  -34.156  66.153 0.0000000000
51623  46.112  -33.555  65.423 0.0000000000
52718  46.004  -32.269  65.280 0.0000000000
53850  44.830  -32.040  63.982 0.0000000000
53859  43.844  -32.236  62.602 0.0000000000
53870  42.711  -31.646  61.155 0.0000000000
53888  42.003  -31.701  59.803 0.0000000000
52763  42.746  -32.778  60.271 0.0000000000
51707  42.078  -33.203  59.259 0.0000000000
50690  41.298  -33.903  58.422 0.0000000000
49608  42.057  -35.830  60.238 0.0000000000
49642  41.433  -35.238  58.955 0.0000000000
49662  40.371  -35.107  57.738 0.0000000000
49680  39.464  -35.114  56.845 0.0000000000
48616  39.013  -35.862  56.704 0.0000000000
48633  37.231  -36.432  55.537 0.0000000000
41530  32.555  -42.625  60.249 0.0000000000
41551  33.187  -42.278  59.721 0.0000000000
42680  31.873  -41.896  59.044 0.0000000000
42718  30.888  -41.322  57.701 0.0000000000
43949  28.893  -40.760  56.199 0.0000000000
41600  27.124  -41.972  56.903 0.0000000000
42762  27.993  -41.076  56.236 0.0000000000
69139  53.959  -16.889  56.108 0.0000000000
69163  53.565  -17.869  55.049 0.0000000000
68100  53.858  -19.046  55.897 0.0000000000
67054  54.649  -19.468  56.342 0.0000000000
67035  56.315  -19.468  56.548 0.0000000000
67006  56.796  -19.757  58.199 0.0000000000
67005  57.462  -19.966  57.897 0.0000000000
36646  26.806  -46.425  65.586 0.0000000000
37883  25.334  -45.556  65.289 0.0000000000
37903  23.841  -45.001  64.487 0.0000000000
37866  23.500  -45.718  66.003 0.0000000000
37904  22.876  -45.028  64.562 0.0000000000
42501  44.086  -41.164  70.053 0.0000000000
43731  43.600  -41.134  68.188 0.0000000000
43770  43.337  -40.511  66.539 0.0000000000
43794  42.587  -40.503  65.308 0.0000000000
43849  42.063  -40.050  64.056 0.0000000000
43795  42.024  -40.761  65.048 0.0000000000
42613  40.109  -41.427  64.295 0.0000000000
42614  39.240  -41.898  63.991 0.0000000000
40266  39.342  -43.286  65.878 0.0000000000
41476  38.445  -42.746  64.150 0.0000000000
41485  38.091  -42.528  63.483 0.0000000000
41495  37.077  -42.616  62.476 0.0000000000
41497  35.673  -42.786  62.006 0.0000000000
40311  34.458  -43.024  61.959 0.0000000000
36602  36.435  -45.882  68.200 0.0000000000
37850  36.245  -45.678  67.442 0.0000000000
37877  35.808  -44.984  66.144 0.0000000000
37863  33.242  -45.736  66.013 0.0000000000
37879  33.867  -45.105  65.518 0.0000000000
39049  34.858  -44.601  65.152 0.0000000000
39074  34.783  -43.922  63.827 0.0000000000
40298  33.686  -43.524  62.467 0.0000000000
40312  33.624  -43.186  61.724 0.0000000000
40314  31.829  -43.444  61.353 0.0000000000
40330  30.395  -43.266  60.483 0.0000000000
40331  29.357  -43.491  60.130 0.0000000000
39096  29.737  -44.801  61.893 0.0000000000
39135  28.287  -44.486  60.098 0.0000000000
39154  27.894  -43.971  59.510 0.0000000000
39176  26.302  -44.020  58.426 0.0000000000
62531  54.319  -23.324  62.142 0.0000000000
62543  55.446  -23.258  60.890 0.0000000000
61488  54.728  -24.359  61.519 0.0000000000
58232  54.521  -27.061  61.771 0.0000000000
58231  55.646  -26.735  61.246 0.0000000000
58275  52.011  -27.043  59.499 0.0000000000
35251  27.988  -47.344  76.380 0.0000000000
34024  27.405  -48.062  76.138 0.0000000000
32895  26.243  -48.563  75.193 0.0000000000
32880  25.065  -48.418  75.984 0.0000000000
32915  25.017  -48.522  74.890 0.0000000000
34067  23.953  -48.381  73.648 0.0000000000
34082  22.602  -48.545  72.719 0.0000000000
34083  21.642  -48.638  72.506 0.0000000000
32901  21.279  -49.308  75.658 0.0000000000
32933  21.335  -48.830  74.166 0.0000000000
34084  20.701  -48.668  72.374 0.0000000000
34104  20.387  -48.549  71.440 0.0000000000
34144  19.296  -47.860  69.678 0.0000000000
71275  55.058  -15.585  57.095 0.0000000000
70205  54.432  -16.128  57.502 0.0000000000
70206  53.885  -16.798  57.756 0.0000000000
69125  53.566  -17.737  59.156 0.0000000000
71231  54.209  -15.371  59.194 0.0000000000
70184  53.886  -16.968  59.635 0.0000000000
66996  53.915  -19.252  60.170 0.0000000000
66978  54.385  -19.490  60.804 0.0000000000
65864  54.816  -20.499  61.702 0.0000000000
68016  53.916  -18.728  62.792 0.0000000000
66944  54.265  -19.490  62.410 0.0000000000
64737  54.555  -21.277  62.289 0.0000000000
63642  54.261  -22.300  62.741 0.0000000000
62517  53.970  -23.489  63.399 0.0000000000
61453  53.627  -24.342  64.057 0.0000000000
64687  53.285  -21.627  65.366 0.0000000000
62501  53.510  -23.506  64.875 0.0000000000
60318  53.167  -24.864  64.417 0.0000000000
60333  52.742  -25.349  63.746 0.0000000000
61473  52.395  -25.000  63.247 0.0000000000
61490  52.170  -24.638  62.039 0.0000000000
68992  50.547  -17.822  67.831 0.0000000000
66871  51.130  -19.277  67.565 0.0000000000
64669  51.814  -21.816  66.362 0.0000000000
65783  50.295  -20.302  66.803 0.0000000000
64670  51.230  -21.433  66.263 0.0000000000
64688  51.456  -22.119  65.676 0.0000000000
63624  51.461  -23.002  64.266 0.0000000000
62533  51.976  -23.966  62.826 0.0000000000
62545  51.813  -23.784  61.607 0.0000000000
62557  51.455  -23.542  60.361 0.0000000000
62572  50.535  -23.226  59.461 0.0000000000
63677  48.704  -22.912  60.575 0.0000000000
62574  48.639  -23.277  59.497 0.0000000000
62422  47.606  -23.081  69.689 0.0000000000
61377  47.584  -23.659  67.911 0.0000000000
58142  47.374  -27.617  69.179 0.0000000000
57134  45.937  -28.888  67.081 0.0000000000
58156  46.625  -27.824  67.881 0.0000000000
59222  47.301  -26.632  68.668 0.0000000000
60277  47.382  -25.572  68.094 0.0000000000
60289  47.097  -25.410  67.017 0.0000000000
61392  47.264  -24.549  66.337 0.0000000000
61437  47.018  -24.383  64.716 0.0000000000
61457  46.604  -24.654  62.947 0.0000000000
61492  46.507  -24.516  61.562 0.0000000000
59316  44.860  -26.342  61.529 0.0000000000
60382  45.368  -25.702  60.367 0.0000000000
60381  45.956  -25.092  60.006 0.0000000000
60397  46.116  -25.112  58.984 0.0000000000
58377  42.483  -27.199  55.168 0.0000000000
58396  42.711  -27.012  54.096 0.0000000000
54993  41.501  -30.853  59.070 0.0000000000
55007  40.977  -30.734  57.775 0.0000000000
56111  40.565  -29.748  56.220 0.0000000000
53914  39.785  -31.536  56.164 0.0000000000
55027  39.501  -30.508  55.226 0.0000000000
45021  41.593  -39.620  63.223 0.0000000000
45073  40.585  -39.202  61.580 0.0000000000
46268  40.251  -38.668  60.459 0.0000000000
43892  38.129  -40.121  60.457 0.0000000000
45099  38.504  -39.340  59.826 0.0000000000
46291  39.323  -38.683  59.602 0.0000000000
46328  38.709  -37.903  57.915 0.0000000000
47486  37.638  -37.645  56.586 0.0000000000
47505  36.510  -37.452  55.409 0.0000000000
42697  33.397  -41.635  58.341 0.0000000000
42715  33.847  -41.297  57.550 0.0000000000
43944  34.486  -40.463  56.235 0.0000000000
45157  32.184  -39.576  54.795 0.0000000000
43970  33.753  -40.065  55.567 0.0000000000
43969  34.699  -39.787  55.643 0.0000000000
46365  35.292  -38.435  54.998 0.0000000000
47526  35.365  -37.418  54.483 0.0000000000
69180  54.603  -17.634  53.410 0.0000000000
68133  55.022  -19.083  53.111 0.0000000000
67122  55.558  -18.899  51.871 0.0000000000
62556  56.130  -23.134  60.562 0.0000000000
44980  43.427  -39.433  65.368 0.0000000000
44979  43.788  -39.032  65.730 0.0000000000
46175  43.470  -38.521  64.708 0.0000000000
64749  55.388  -21.420  60.927 0.0000000000
36662  27.753  -46.731  64.646 0.0000000000
35336  21.615  -48.147  69.932 0.0000000000
36547  38.114  -45.833  71.211 0.0000000000
37814  38.811  -45.472  70.756 0.0000000000
36568  38.171  -45.669  69.736 0.0000000000
37827  38.234  -45.536  69.351 0.0000000000
36569  37.594  -45.860  69.539 0.0000000000
35427  29.275  -47.456  65.960 0.0000000000
69028  51.427  -17.601  66.040 0.0000000000
64652  47.764  -21.785  66.954 0.0000000000
63575  47.464  -22.935  65.963 0.0000000000
54974  42.739  -31.025  61.738 0.0000000000
56063  42.955  -30.193  62.282 0.0000000000
56073  42.578  -29.951  61.500 0.0000000000
56083  41.935  -29.933  60.275 0.0000000000
41550  34.121  -42.292  59.862 0.0000000000
70223  55.227  -16.120  55.269 0.0000000000
71301  55.871  -15.849  54.821 0.0000000000
34117  29.341  -48.528  70.892 0.0000000000
34065  26.086  -48.496  73.508 0.0000000000
35275  35.358  -46.515  74.256 0.0000000000
35289  34.271  -47.165  73.754 0.0000000000
34115  30.690  -48.200  71.515 0.0000000000
34138  30.061  -48.420  70.186 0.0000000000
48399  46.340  -36.133  69.316 0.0000000000
49491  46.649  -35.323  69.492 0.0000000000
49497  46.570  -35.188  68.549 0.0000000000
50578  46.686  -34.574  68.349 0.0000000000
49503  46.244  -35.384  67.535 0.0000000000
50610  44.697  -34.514  63.618 0.0000000000
50618  44.125  -34.601  62.826 0.0000000000
51649  44.019  -33.812  62.407 0.0000000000
51660  43.771  -34.223  62.079 0.0000000000
50632  43.535  -34.720  61.880 0.0000000000
46289  41.009  -37.558  59.870 0.0000000000
47428  41.040  -37.135  59.585 0.0000000000
46309  40.162  -37.380  58.971 0.0000000000
47448  40.167  -36.975  58.555 0.0000000000
46310  39.515  -37.745  58.655 0.0000000000
41556  28.958  -42.724  59.133 0.0000000000
67023  54.092  -19.454  58.158 0.0000000000
67008  54.869  -19.773  58.808 0.0000000000
37965  26.290  -45.245  60.295 0.0000000000
36588  25.883  -46.876  68.452 0.0000000000
37888  20.442  -45.441  65.043 0.0000000000
40240  41.074  -43.451  68.204 0.0000000000
40211  41.862  -43.131  68.965 0.0000000000
41378  41.508  -43.176  68.301 0.0000000000
41408  42.012  -42.201  67.224 0.0000000000
39055  37.201  -44.184  65.164 0.0000000000
39056  36.539  -44.199  64.809 0.0000000000
39072  36.210  -43.962  64.255 0.0000000000
36585  34.034  -46.804  68.527 0.0000000000
36604  34.482  -46.383  67.965 0.0000000000
36605  33.375  -46.743  67.818 0.0000000000
37899  31.298  -45.425  64.163 0.0000000000
37898  32.440  -45.170  64.554 0.0000000000
39078  31.052  -44.737  62.976 0.0000000000
37953  27.095  -45.609  61.104 0.0000000000
60331  53.740  -25.096  63.404 0.0000000000
32864  22.976  -48.678  76.825 0.0000000000
32883  22.599  -49.048  76.292 0.0000000000
32899  22.966  -48.929  75.580 0.0000000000
32936  18.228  -49.016  73.886 0.0000000000
32948  18.979  -48.773  73.041 0.0000000000
72266  54.908  -14.564  58.061 0.0000000000
69086  53.905  -17.797  61.373 0.0000000000
66934  53.533  -19.468  63.807 0.0000000000
62462  52.479  -23.199  65.867 0.0000000000
62463  52.227  -23.210  65.838 0.0000000000
67915  49.381  -18.510  69.141 0.0000000000
66856  49.764  -19.059  68.735 0.0000000000
64722  49.186  -21.402  64.001 0.0000000000
64721  49.790  -21.484  63.945 0.0000000000
63626  50.108  -21.835  63.328 0.0000000000
62561  47.657  -23.584  60.571 0.0000000000
60258  47.443  -25.646  69.829 0.0000000000
53827  46.720  -31.741  67.126 0.0000000000
54923  46.195  -30.895  66.810 0.0000000000
59265  45.603  -27.179  65.274 0.0000000000
59292  45.395  -26.501  63.694 0.0000000000
58276  43.808  -27.351  58.976 0.0000000000
58325  43.948  -26.815  56.857 0.0000000000
58352  44.091  -26.715  56.264 0.0000000000
57276  41.059  -28.452  55.750 0.0000000000
57288  41.025  -28.190  55.007 0.0000000000
51724  40.859  -33.255  57.751 0.0000000000
52800  40.740  -32.433  57.581 0.0000000000
51740  40.352  -33.252  57.254 0.0000000000
42630  38.949  -41.474  63.207 0.0000000000
45137  36.491  -39.431  57.056 0.0000000000
43942  36.058  -39.789  56.781 0.0000000000
43947  30.893  -40.479  56.177 0.0000000000
67051  57.159  -19.734  55.662 0.0000000000
34060  30.334  -47.992  73.648 0.0000000000
34061  29.717  -48.310  73.630 0.0000000000
34036  28.660  -48.168  75.134 0.0000000000
34037  27.780  -48.396  75.378 0.0000000000
35280  30.543  -47.701  74.534 0.0000000000
35279  31.180  -47.623  74.267 0.0000000000
34059  30.832  -47.758  73.759 0.0000000000
34073  30.757  -47.872  73.078 0.0000000000
44905  44.587  -39.732  68.597 0.0000000000
46101  44.924  -38.788  67.927 0.0000000000
46126  45.113  -38.019  67.412 0.0000000000
47254  45.459  -37.401  67.685 0.0000000000
47271  45.126  -37.264  66.664 0.0000000000
48420  45.475  -36.255  66.526 0.0000000000
47288  44.703  -37.160  65.872 0.0000000000
48450  43.867  -37.188  64.354 0.0000000000
48449  44.379  -36.553  64.713 0.0000000000
48470  43.741  -36.840  63.844 0.0000000000
49540  43.938  -35.982  63.478 0.0000000000
48494  43.343  -36.576  63.033 0.0000000000
47363  42.969  -37.106  62.830 0.0000000000
46221  42.098  -38.354  62.216 0.0000000000
46244  41.859  -38.079  61.574 0.0000000000
47388  41.772  -37.915  61.309 0.0000000000
39189  25.916  -43.756  57.830 0.0000000000
40379  26.336  -43.204  57.711 0.0000000000
40380  25.788  -43.645  57.492 0.0000000000
63672  56.834  -22.366  60.152 0.0000000000
36676  26.816  -45.908  63.257 0.0000000000
37901  26.008  -45.564  64.100 0.0000000000
35381  23.662  -46.958  68.625 0.0000000000
35382  22.768  -47.200  68.499 0.0000000000
35400  21.500  -46.843  67.530 0.0000000000
36632  20.946  -46.090  66.371 0.0000000000
36614  20.561  -46.592  66.957 0.0000000000
36633  19.949  -46.422  66.395 0.0000000000
35403  18.599  -47.404  67.648 0.0000000000
38941  40.657  -44.491  71.799 0.0000000000
38993  39.884  -44.653  69.580 0.0000000000
38992  40.538  -44.415  70.206 0.0000000000
39009  40.508  -44.210  69.138 0.0000000000
39025  39.517  -44.318  67.937 0.0000000000
37848  37.856  -45.204  67.894 0.0000000000
37858  37.478  -45.059  67.270 0.0000000000
39039  37.675  -44.680  66.616 0.0000000000
35411  31.363  -47.007  66.833 0.0000000000
36644  30.099  -46.750  65.214 0.0000000000
36659  30.498  -46.232  64.679 0.0000000000
36672  29.987  -46.099  64.118 0.0000000000
36674  28.434  -46.655  63.721 0.0000000000
59301  52.974  -26.465  62.651 0.0000000000
59315  52.730  -26.352  62.085 0.0000000000
58253  52.680  -27.009  60.937 0.0000000000
58273  53.460  -27.699  60.127 0.0000000000
58296  52.967  -27.721  59.175 0.0000000000
32923  17.528  -49.393  74.803 0.0000000000
32938  15.951  -49.688  73.446 0.0000000000
67977  52.254  -18.808  65.768 0.0000000000
67961  51.731  -18.667  66.627 0.0000000000
65780  52.469  -20.870  66.516 0.0000000000
65758  51.743  -20.095  67.037 0.0000000000
65743  48.523  -20.390  68.578 0.0000000000
64707  48.659  -21.446  64.340 0.0000000000
64708  48.186  -21.648  64.695 0.0000000000
63609  47.962  -22.034  64.153 0.0000000000
62535  47.496  -23.604  62.181 0.0000000000
54943  44.615  -31.162  64.629 0.0000000000
54933  44.801  -30.825  65.208 0.0000000000
56045  44.116  -30.383  64.408 0.0000000000
58198  44.591  -28.071  64.443 0.0000000000
57180  43.609  -28.382  61.932 0.0000000000
58255  43.187  -28.165  60.415 0.0000000000
58299  42.764  -27.796  58.349 0.0000000000
57219  42.495  -28.193  59.008 0.0000000000
56098  41.544  -29.516  59.010 0.0000000000
57220  41.857  -28.663  58.663 0.0000000000
57221  41.368  -29.101  57.953 0.0000000000
57239  41.280  -28.838  57.294 0.0000000000
56102  40.987  -29.822  57.452 0.0000000000
50708  39.289  -34.260  56.465 0.0000000000
50723  38.572  -34.138  55.829 0.0000000000
51776  36.861  -33.186  54.405 0.0000000000
52862  36.835  -32.512  53.971 0.0000000000
42644  37.190  -42.218  61.857 0.0000000000
42677  35.045  -41.870  59.389 0.0000000000
42695  35.413  -41.357  58.317 0.0000000000
70257  55.528  -16.583  53.594 0.0000000000
70256  56.312  -16.315  53.312 0.0000000000
70274  55.731  -16.824  52.797 0.0000000000
69190  55.950  -17.097  52.017 0.0000000000
69191  55.249  -17.579  52.426 0.0000000000
34162  29.287  -47.985  67.741 0.0000000000
35397  28.301  -47.674  67.477 0.0000000000
34153  28.479  -47.900  68.335 0.0000000000
34141  27.703  -47.792  69.262 0.0000000000
34154  27.741  -47.655  68.518 0.0000000000
35331  26.765  -47.568  69.803 0.0000000000
34076  28.728  -48.691  72.734 0.0000000000
34096  28.582  -48.605  71.739 0.0000000000
34121  25.022  -47.672  70.950 0.0000000000
34122  23.934  -47.839  70.941 0.0000000000
34101  23.270  -48.263  71.767 0.0000000000
36539  36.742  -46.461  73.065 0.0000000000
36527  37.166  -46.177  73.381 0.0000000000
36538  37.376  -46.241  72.634 0.0000000000
36560  36.603  -46.535  71.151 0.0000000000
35313  34.500  -47.138  71.830 0.0000000000
35350  34.445  -46.969  69.746 0.0000000000
35302  32.891  -47.543  72.625 0.0000000000
35329  31.975  -47.721  70.860 0.0000000000
35352  32.209  -47.571  69.873 0.0000000000
34161  29.782  -48.105  68.225 0.0000000000
61528  51.564  -24.951  58.975 0.0000000000
66829  48.222  -19.948  70.763 0.0000000000
64626  47.901  -21.342  69.869 0.0000000000
63534  47.737  -22.206  69.413 0.0000000000
46060  45.498  -38.392  70.442 0.0000000000
51606  46.813  -33.492  67.642 0.0000000000
51615  46.710  -33.014  67.012 0.0000000000
52710  46.881  -32.576  67.330 0.0000000000
49520  45.551  -35.495  66.065 0.0000000000
50590  45.973  -34.877  66.419 0.0000000000
50598  45.762  -34.546  65.575 0.0000000000
51631  45.697  -33.576  64.618 0.0000000000
51624  45.812  -34.040  65.046 0.0000000000
51630  46.022  -33.185  64.998 0.0000000000
52726  46.164  -33.005  65.186 0.0000000000
52727  45.885  -32.703  64.905 0.0000000000
53849  45.412  -32.262  64.538 0.0000000000
52745  43.950  -33.110  62.309 0.0000000000
53869  43.205  -32.042  61.620 0.0000000000
53880  42.891  -32.243  60.864 0.0000000000
51690  42.381  -33.546  59.666 0.0000000000
51691  41.901  -33.765  59.171 0.0000000000
51708  41.695  -33.388  58.798 0.0000000000
50661  41.919  -34.442  59.349 0.0000000000
48541  42.386  -36.534  61.253 0.0000000000
49607  42.605  -35.561  60.888 0.0000000000
48579  40.813  -36.165  58.642 0.0000000000
48578  41.355  -35.973  59.242 0.0000000000
49643  40.942  -35.038  58.325 0.0000000000
49663  39.959  -35.007  57.305 0.0000000000
47468  38.980  -37.105  57.471 0.0000000000
48601  38.875  -36.514  56.903 0.0000000000
48617  38.174  -36.339  56.216 0.0000000000
41531  31.732  -42.658  60.157 0.0000000000
41552  32.264  -42.266  59.647 0.0000000000
41553  31.372  -42.292  59.593 0.0000000000
42701  29.490  -41.801  58.200 0.0000000000
42700  30.313  -41.805  58.491 0.0000000000
42719  29.878  -41.412  57.680 0.0000000000
42739  29.357  -40.986  56.987 0.0000000000
41601  26.475  -42.394  56.714 0.0000000000
41587  27.431  -42.288  57.690 0.0000000000
42764  26.764  -41.705  55.626 0.0000000000
42780  27.238  -41.260  54.857 0.0000000000
43975  28.205  -40.713  55.515 0.0000000000
69140  53.526  -17.485  56.656 0.0000000000
67036  55.310  -19.522  56.827 0.0000000000
66993  56.464  -20.067  59.016 0.0000000000
37955  25.381  -44.999  61.375 0.0000000000
35416  27.413  -47.277  67.180 0.0000000000
36625  27.539  -47.149  66.480 0.0000000000
36626  27.002  -46.889  66.866 0.0000000000
37864  25.273  -45.827  66.144 0.0000000000
37884  24.213  -45.359  65.290 0.0000000000
36611  23.116  -46.483  67.328 0.0000000000
36629  23.748  -45.954  66.777 0.0000000000
36630  22.824  -46.125  66.652 0.0000000000
37905  21.983  -44.906  64.545 0.0000000000
37886  22.285  -45.330  65.230 0.0000000000
40147  41.744  -43.704  71.684 0.0000000000
40146  42.234  -43.357  71.235 0.0000000000
41354  43.131  -42.264  70.197 0.0000000000
42502  43.554  -41.673  69.699 0.0000000000
42513  43.903  -41.153  69.295 0.0000000000
42514  43.385  -41.513  68.740 0.0000000000
42554  42.513  -41.441  66.583 0.0000000000
42553  43.100  -41.188  67.260 0.0000000000
43771  42.763  -40.763  65.938 0.0000000000
42588  40.431  -41.858  65.079 0.0000000000
42587  41.234  -41.460  65.189 0.0000000000
40257  39.375  -43.792  66.701 0.0000000000
40265  39.990  -43.212  66.419 0.0000000000
40274  38.297  -43.287  64.736 0.0000000000
41486  37.402  -42.787  63.137 0.0000000000
40295  36.315  -43.225  62.868 0.0000000000
40296  35.496  -43.186  62.621 0.0000000000
40310  35.116  -42.930  62.164 0.0000000000
40297  34.611  -43.306  62.572 0.0000000000
36582  36.897  -45.952  68.873 0.0000000000
36583  35.993  -46.296  68.890 0.0000000000
36620  34.929  -45.909  67.443 0.0000000000
37851  35.554  -45.744  67.253 0.0000000000
37860  36.016  -45.405  66.763 0.0000000000
36641  32.542  -46.084  66.104 0.0000000000
36622  33.111  -46.249  66.765 0.0000000000
37897  33.365  -44.869  64.802 0.0000000000
39058  34.854  -44.255  64.479 0.0000000000
39059  34.019  -44.360  64.281 0.0000000000
39093  32.749  -44.025  62.789 0.0000000000
39092  33.452  -43.923  63.052 0.0000000000
40313  32.804  -43.285  61.497 0.0000000000
40300  32.316  -43.635  61.808 0.0000000000
40315  30.756  -43.591  61.149 0.0000000000
40316  29.941  -43.760  60.910 0.0000000000
37935  29.838  -45.116  62.417 0.0000000000
37963  27.858  -45.049  60.209 0.0000000000
39117  28.634  -44.980  60.756 0.0000000000
39155  27.250  -44.278  59.325 0.0000000000
62544  54.721  -23.302  61.427 0.0000000000
60363  54.766  -25.314  61.657 0.0000000000
58217  53.927  -27.020  62.330 0.0000000000
59353  51.723  -26.663  59.101 0.0000000000
58297  52.014  -27.488  58.764 0.0000000000
36481  28.723  -46.793  76.156 0.0000000000
35252  26.969  -47.626  76.611 0.0000000000
34025  26.463  -48.144  76.460 0.0000000000
34038  26.839  -48.440  75.666 0.0000000000
32897  24.609  -48.530  75.468 0.0000000000
32896  25.447  -48.526  75.370 0.0000000000
32916  24.177  -48.595  74.975 0.0000000000
34054  24.576  -48.475  74.339 0.0000000000
32930  23.786  -48.552  74.464 0.0000000000
32932  22.137  -48.811  74.210 0.0000000000
32944  22.510  -48.657  73.608 0.0000000000
32886  19.858  -49.561  76.629 0.0000000000
32885  20.856  -49.421  76.516 0.0000000000
32920  20.822  -49.148  74.895 0.0000000000
34085  19.712  -48.631  72.249 0.0000000000
34126  20.105  -48.294  70.615 0.0000000000
35338  18.601  -47.903  69.816 0.0000000000
34108  16.843  -48.887  70.621 0.0000000000
71274  55.929  -14.986  56.676 0.0000000000
70197  54.398  -16.082  58.306 0.0000000000
69132  53.420  -17.712  58.068 0.0000000000
70164  53.897  -17.151  60.202 0.0000000000
69117  53.722  -17.716  60.016 0.0000000000
66979  53.903  -18.998  60.724 0.0000000000
69073  53.810  -17.919  62.770 0.0000000000
65847  54.381  -20.312  62.770 0.0000000000
64718  54.138  -21.203  63.387 0.0000000000
63604  53.759  -22.391  64.224 0.0000000000
63623  53.944  -22.362  63.701 0.0000000000
62500  53.788  -22.986  64.251 0.0000000000
62518  53.740  -23.629  64.213 0.0000000000
63588  53.202  -22.630  65.581 0.0000000000
61434  53.104  -24.539  64.801 0.0000000000
60319  52.959  -24.985  64.354 0.0000000000
61435  52.575  -24.619  64.658 0.0000000000
61455  52.003  -24.235  64.284 0.0000000000
61454  52.332  -24.701  64.110 0.0000000000
62532  52.176  -24.556  63.135 0.0000000000
61474  52.221  -24.712  62.745 0.0000000000
66872  50.567  -19.416  67.814 0.0000000000
66854  51.012  -19.060  67.986 0.0000000000
65759  51.218  -20.064  67.246 0.0000000000
65782  51.176  -20.758  66.778 0.0000000000
65804  49.988  -20.465  66.054 0.0000000000
64705  50.627  -21.553  64.806 0.0000000000
64689  50.890  -21.413  65.793 0.0000000000
64704  51.281  -22.193  65.078 0.0000000000
63606  51.572  -22.867  65.135 0.0000000000
63660  51.392  -23.020  62.244 0.0000000000
63643  51.411  -23.023  63.293 0.0000000000
63685  50.212  -22.810  60.127 0.0000000000
62558  50.713  -23.025  60.156 0.0000000000
62588  49.875  -23.365  58.613 0.0000000000
62573  49.454  -23.068  59.338 0.0000000000
63663  48.749  -22.774  61.235 0.0000000000
62575  47.894  -23.603  59.735 0.0000000000
62589  48.973  -23.323  58.791 0.0000000000
61358  47.498  -24.712  69.501 0.0000000000
61357  47.627  -23.877  69.220 0.0000000000
61367  47.614  -23.805  68.425 0.0000000000
56018  46.789  -29.890  68.047 0.0000000000
57110  47.381  -28.787  69.123 0.0000000000
56028  45.213  -29.915  66.114 0.0000000000
56027  45.703  -29.877  66.780 0.0000000000
57135  45.441  -28.867  66.388 0.0000000000
58185  46.036  -27.378  66.421 0.0000000000
58170  46.245  -27.850  67.168 0.0000000000
59234  46.557  -27.273  67.391 0.0000000000
59233  46.877  -26.641  67.637 0.0000000000
61413  47.057  -24.645  65.516 0.0000000000
60320  46.796  -25.101  65.129 0.0000000000
59303  44.453  -26.967  61.804 0.0000000000
59343  45.010  -26.292  59.832 0.0000000000
60366  45.214  -25.798  61.148 0.0000000000
60365  45.812  -25.146  61.159 0.0000000000
60414  45.672  -25.755  58.470 0.0000000000
59383  45.351  -26.184  56.926 0.0000000000
58397  41.501  -27.556  54.257 0.0000000000
58422  42.225  -27.228  53.133 0.0000000000
54992  41.764  -30.846  59.729 0.0000000000
53889  41.702  -31.640  59.206 0.0000000000
53906  40.658  -31.585  57.364 0.0000000000
55008  40.658  -30.753  57.074 0.0000000000
56103  40.677  -30.101  56.798 0.0000000000
55012  40.285  -30.707  56.371 0.0000000000
52815  39.786  -32.328  56.459 0.0000000000
52837  39.320  -32.273  55.912 0.0000000000
55028  38.901  -30.643  54.620 0.0000000000
55048  39.249  -30.069  54.603 0.0000000000
43870  41.054  -39.825  63.010 0.0000000000
45050  40.118  -39.719  62.061 0.0000000000
45049  40.817  -39.496  62.313 0.0000000000
46246  40.573  -38.854  61.096 0.0000000000
45089  40.160  -39.164  61.025 0.0000000000
42663  37.557  -40.684  60.429 0.0000000000
43884  38.397  -40.688  61.494 0.0000000000
45108  37.700  -39.419  58.830 0.0000000000
45107  38.245  -39.188  59.231 0.0000000000
46292  38.628  -38.964  59.343 0.0000000000
46311  38.467  -38.706  58.668 0.0000000000
46329  37.676  -38.580  57.542 0.0000000000
46346  37.394  -38.268  56.930 0.0000000000
47487  36.921  -37.822  56.106 0.0000000000
47504  37.192  -37.276  55.917 0.0000000000
42679  32.840  -41.914  59.051 0.0000000000
42678  33.865  -41.910  59.125 0.0000000000
42735  33.264  -41.086  57.112 0.0000000000
43929  33.694  -41.031  56.984 0.0000000000
43928  34.251  -40.942  56.934 0.0000000000
45179  31.230  -39.408  54.283 0.0000000000
43994  31.084  -39.651  54.778 0.0000000000
45156  33.131  -39.549  54.861 0.0000000000
45155  34.082  -39.386  55.042 0.0000000000
45154  35.024  -39.015  55.184 0.0000000000
45176  34.301  -38.802  54.636 0.0000000000
47527  34.509  -37.470  53.906 0.0000000000
48653  35.068  -36.676  53.961 0.0000000000
70271  58.317  -16.006  52.100 0.0000000000
68114  53.647  -18.400  55.025 0.0000000000
69162  54.040  -17.769  54.370 0.0000000000
68113  54.185  -18.919  54.534 0.0000000000
67110  55.636  -19.262  52.590 0.0000000000
35264  30.306  -47.551  75.108 0.0000000000
34048  29.925  -48.029  74.242 0.0000000000
35265  29.551  -47.636  75.394 0.0000000000
34022  28.901  -47.748  75.618 0.0000000000
43769  43.881  -40.091  67.151 0.0000000000
44926  44.378  -39.480  67.427 0.0000000000
44954  43.892  -39.444  66.342 0.0000000000
46151  44.122  -38.464  65.851 0.0000000000
47289  44.297  -37.520  65.422 0.0000000000
46174  43.862  -38.162  65.233 0.0000000000
47308  43.500  -37.721  64.121 0.0000000000
46200  42.563  -38.560  63.153 0.0000000000
45047  42.155  -38.909  62.851 0.0000000000
65882  56.036  -20.773  60.334 0.0000000000
63673  56.054  -22.317  60.467 0.0000000000
35359  22.126  -47.724  69.155 0.0000000000
35384  20.387  -47.351  68.316 0.0000000000
37797  39.552  -45.210  72.015 0.0000000000
37812  40.078  -44.802  71.557 0.0000000000
37813  39.500  -45.173  71.219 0.0000000000
37825  39.530  -44.982  70.285 0.0000000000
37834  39.275  -44.972  69.486 0.0000000000
39011  38.960  -44.768  68.342 0.0000000000
37835  38.736  -45.152  68.968 0.0000000000
37836  37.964  -45.488  68.746 0.0000000000
37837  37.354  -45.590  68.411 0.0000000000
35436  29.546  -47.048  65.211 0.0000000000
35449  29.254  -46.869  64.587 0.0000000000
36661  28.463  -46.909  64.577 0.0000000000
60364  52.519  -25.852  61.892 0.0000000000
59341  52.451  -26.733  60.549 0.0000000000
32906  16.191  -49.801  75.470 0.0000000000
70079  52.005  -17.623  65.266 0.0000000000
69009  51.626  -18.298  66.549 0.0000000000
69010  51.336  -18.160  66.982 0.0000000000
63590  47.557  -22.651  65.104 0.0000000000
54954  43.679  -31.164  63.232 0.0000000000
56054  43.317  -30.211  62.948 0.0000000000
57171  43.260  -29.642  62.601 0.0000000000
57198  42.416  -28.845  60.172 0.0000000000
57199  41.927  -29.422  59.893 0.0000000000
41510  36.139  -42.485  61.492 0.0000000000
42656  36.182  -42.149  60.986 0.0000000000
41526  35.756  -42.337  60.971 0.0000000000
42666  35.223  -42.066  60.134 0.0000000000
71300  56.787  -15.492  54.750 0.0000000000
70258  54.775  -16.994  53.916 0.0000000000
34078  26.840  -48.331  72.661 0.0000000000
34080  24.682  -48.181  72.719 0.0000000000
35287  35.764  -46.581  73.935 0.0000000000
35299  35.900  -46.637  73.109 0.0000000000
35330  31.243  -47.931  71.091 0.0000000000
34150  30.676  -48.195  69.772 0.0000000000
47232  45.759  -37.648  69.788 0.0000000000
47231  46.048  -36.872  70.044 0.0000000000
50567  47.071  -34.139  69.935 0.0000000000
51594  47.336  -33.283  69.344 0.0000000000
50573  47.022  -34.048  69.135 0.0000000000
50582  46.756  -33.993  67.954 0.0000000000
51607  46.569  -33.931  67.225 0.0000000000
49528  44.878  -35.426  64.675 0.0000000000
50602  45.414  -34.551  64.763 0.0000000000
50603  44.951  -34.811  64.225 0.0000000000
51639  45.159  -33.634  63.809 0.0000000000
52736  44.846  -32.942  63.497 0.0000000000
51650  43.807  -33.465  62.049 0.0000000000
52753  43.639  -33.050  61.717 0.0000000000
51674  43.352  -33.777  61.025 0.0000000000
50647  42.836  -34.529  60.595 0.0000000000
48560  41.089  -36.570  59.245 0.0000000000
47467  39.635  -36.976  58.013 0.0000000000
41533  30.156  -42.920  59.925 0.0000000000
41554  30.505  -42.406  59.458 0.0000000000
41572  30.059  -42.238  59.033 0.0000000000
42702  29.032  -41.999  58.299 0.0000000000
65897  57.340  -20.898  59.363 0.0000000000
37956  24.459  -44.646  61.854 0.0000000000
36607  26.465  -46.968  67.882 0.0000000000
36628  24.719  -45.910  66.843 0.0000000000
37868  21.672  -45.681  65.846 0.0000000000
40186  41.570  -43.688  69.828 0.0000000000
40162  42.041  -43.463  70.401 0.0000000000
40185  41.956  -43.230  69.409 0.0000000000
41376  42.825  -41.999  68.719 0.0000000000
42515  42.889  -41.871  68.298 0.0000000000
41441  41.944  -41.952  66.569 0.0000000000
42555  41.790  -41.766  66.034 0.0000000000
41465  40.419  -42.443  65.780 0.0000000000
39045  38.196  -44.236  66.180 0.0000000000
40268  37.771  -43.868  65.152 0.0000000000
40283  37.299  -43.313  63.707 0.0000000000
40276  36.778  -43.777  64.175 0.0000000000
36584  34.931  -46.616  68.901 0.0000000000
39060  33.142  -44.607  64.093 0.0000000000
39094  31.770  -44.089  62.313 0.0000000000
37937  28.269  -45.922  61.780 0.0000000000
37983  26.817  -44.824  59.526 0.0000000000
37984  26.355  -45.003  59.611 0.0000000000
58251  54.068  -27.605  60.997 0.0000000000
58272  54.487  -27.720  60.053 0.0000000000
34028  23.778  -48.459  76.670 0.0000000000
32917  23.361  -48.768  74.957 0.0000000000
32918  22.542  -48.939  74.901 0.0000000000
32904  18.107  -49.516  75.807 0.0000000000
32903  19.267  -49.464  75.764 0.0000000000
32921  19.830  -49.304  74.863 0.0000000000
32934  20.414  -48.887  74.107 0.0000000000
71251  55.225  -14.811  57.919 0.0000000000
71252  54.667  -15.312  58.486 0.0000000000
69104  53.853  -17.580  60.713 0.0000000000
68050  53.917  -18.515  61.117 0.0000000000
68030  53.991  -18.270  61.676 0.0000000000
68029  54.056  -18.618  62.152 0.0000000000
69058  53.664  -17.877  63.261 0.0000000000
68002  53.715  -18.374  63.274 0.0000000000
64719  53.817  -21.157  63.984 0.0000000000
64667  52.844  -21.727  66.094 0.0000000000
63572  52.658  -22.711  65.985 0.0000000000
62461  52.703  -23.150  65.850 0.0000000000
61411  52.277  -24.102  65.230 0.0000000000
61412  52.043  -24.010  65.162 0.0000000000
62502  51.837  -23.750  64.778 0.0000000000
68977  50.003  -18.147  68.529 0.0000000000
68976  50.365  -18.229  68.288 0.0000000000
67929  50.389  -18.498  68.318 0.0000000000
65822  49.796  -20.799  65.241 0.0000000000
63625  50.914  -22.183  63.830 0.0000000000
63676  49.480  -22.684  60.552 0.0000000000
62546  48.162  -23.208  60.952 0.0000000000
61530  47.442  -23.984  59.095 0.0000000000
61544  48.034  -23.867  57.823 0.0000000000
61531  46.864  -24.514  58.476 0.0000000000
53819  47.388  -31.757  68.298 0.0000000000
54907  47.512  -31.055  68.758 0.0000000000
54916  47.183  -30.830  68.176 0.0000000000
58186  45.554  -27.757  65.844 0.0000000000
59263  46.575  -25.855  65.874 0.0000000000
60303  46.588  -25.657  65.457 0.0000000000
60321  46.468  -25.607  64.756 0.0000000000
60336  45.675  -25.821  63.018 0.0000000000
59332  44.563  -26.755  60.214 0.0000000000
59354  45.146  -26.356  58.931 0.0000000000
59384  44.684  -26.485  56.345 0.0000000000
52786  41.638  -32.491  58.748 0.0000000000
53898  41.410  -31.649  58.584 0.0000000000
52860  38.243  -31.909  54.775 0.0000000000
53953  38.225  -31.168  54.172 0.0000000000
43851  40.498  -40.539  63.486 0.0000000000
43883  38.928  -39.920  61.196 0.0000000000
43902  36.750  -40.604  59.174 0.0000000000
43901  37.347  -40.187  59.505 0.0000000000
43911  37.227  -39.897  58.825 0.0000000000
45109  37.197  -39.675  58.434 0.0000000000
45122  37.483  -39.258  58.169 0.0000000000
46330  36.972  -39.017  57.276 0.0000000000
46348  36.196  -38.747  56.027 0.0000000000
42717  31.920  -41.310  57.677 0.0000000000
45204  31.454  -38.746  53.178 0.0000000000
46380  33.230  -38.521  53.861 0.0000000000
67074  55.053  -19.452  54.550 0.0000000000
60361  56.442  -25.378  61.154 0.0000000000
34094  30.140  -48.420  72.107 0.0000000000
34075  29.549  -48.524  72.827 0.0000000000
34049  29.196  -48.281  74.371 0.0000000000
34063  27.990  -48.622  73.630 0.0000000000
35291  32.173  -47.540  73.453 0.0000000000
35304  31.174  -47.783  72.579 0.0000000000
34093  30.713  -48.076  72.336 0.0000000000
43681  44.488  -40.512  70.376 0.0000000000
44886  44.784  -39.821  69.767 0.0000000000
46067  45.442  -38.429  69.504 0.0000000000
46080  45.246  -38.524  68.669 0.0000000000
47243  45.618  -37.539  68.666 0.0000000000
48405  45.733  -36.948  67.999 0.0000000000
48412  46.067  -36.043  67.619 0.0000000000
49504  46.032  -35.904  67.332 0.0000000000
48448  44.849  -35.906  65.106 0.0000000000
48433  44.586  -36.895  65.426 0.0000000000
49539  44.454  -35.512  63.992 0.0000000000
49558  43.685  -35.570  62.776 0.0000000000
49581  43.262  -35.581  62.058 0.0000000000
47364  42.660  -37.430  62.437 0.0000000000
47406  42.041  -37.057  61.058 0.0000000000
47407  41.687  -37.548  60.879 0.0000000000
46267  41.068  -37.933  60.316 0.0000000000
40368  27.316  -43.247  58.559 0.0000000000
41575  27.761  -42.689  58.383 0.0000000000
40378  26.912  -42.787  57.937 0.0000000000
40394  25.992  -42.913  57.020 0.0000000000
41602  25.926  -42.893  56.636 0.0000000000
39208  25.295  -44.438  56.273 0.0000000000
39226  25.569  -44.621  55.421 0.0000000000
66995  54.658  -19.778  59.776 0.0000000000
65880  57.221  -21.173  59.654 0.0000000000
37938  26.835  -45.656  61.818 0.0000000000
37921  26.118  -45.447  62.930 0.0000000000
37941  24.562  -44.776  62.929 0.0000000000
39079  23.855  -44.749  63.415 0.0000000000
35380  24.267  -46.797  68.612 0.0000000000
36590  24.190  -46.608  68.137 0.0000000000
36591  23.384  -46.759  67.986 0.0000000000
36612  22.139  -46.662  67.283 0.0000000000
36648  20.351  -45.881  65.825 0.0000000000
38967  40.670  -44.486  71.132 0.0000000000
38991  41.209  -43.991  70.175 0.0000000000
40213  40.721  -43.815  68.486 0.0000000000
40241  40.404  -43.690  67.771 0.0000000000
41410  40.642  -43.335  67.247 0.0000000000
40242  39.712  -43.913  67.338 0.0000000000
39026  38.633  -44.690  67.679 0.0000000000
39038  38.543  -44.353  66.825 0.0000000000
39040  37.060  -44.764  66.243 0.0000000000
35393  32.551  -47.019  67.846 0.0000000000
36623  31.997  -46.634  66.658 0.0000000000
35425  30.666  -47.001  66.148 0.0000000000
36658  31.224  -46.074  65.012 0.0000000000
37920  29.313  -45.970  63.039 0.0000000000
36686  28.858  -46.276  63.000 0.0000000000
36705  27.267  -45.777  61.786 0.0000000000
59289  53.159  -25.910  63.221 0.0000000000
58218  53.375  -26.923  62.294 0.0000000000
32950  16.685  -49.204  72.612 0.0000000000
67988  53.112  -18.460  64.288 0.0000000000
66921  52.749  -19.504  65.041 0.0000000000
65802  52.600  -20.231  66.036 0.0000000000
65742  49.285  -19.779  68.299 0.0000000000
65805  49.061  -20.614  65.790 0.0000000000
65823  49.009  -20.908  64.975 0.0000000000
63627  48.896  -21.791  63.409 0.0000000000
63647  47.896  -23.094  62.449 0.0000000000
61491  47.049  -24.063  61.856 0.0000000000
59192  47.368  -26.683  70.193 0.0000000000
54932  45.385  -31.026  65.657 0.0000000000
56035  44.745  -30.082  65.520 0.0000000000
57149  44.492  -29.546  65.130 0.0000000000
57159  44.637  -28.411  64.862 0.0000000000
58207  44.924  -27.329  64.152 0.0000000000
58219  44.716  -27.135  63.347 0.0000000000
58235  43.931  -27.592  61.399 0.0000000000
57190  43.554  -28.162  61.356 0.0000000000
58254  43.907  -27.451  60.226 0.0000000000
58327  41.964  -27.976  57.336 0.0000000000
58328  41.437  -28.413  56.896 0.0000000000
57256  41.035  -28.853  56.479 0.0000000000
57257  40.675  -29.099  55.822 0.0000000000
51741  39.751  -33.282  56.657 0.0000000000
51761  38.903  -33.078  55.783 0.0000000000
51762  38.182  -33.259  55.352 0.0000000000
52861  37.522  -32.244  54.375 0.0000000000
43873  38.550  -40.978  62.047 0.0000000000
42664  36.996  -41.044  60.137 0.0000000000
42675  36.802  -40.749  59.500 0.0000000000
42694  36.004  -40.850  58.090 0.0000000000
42712  35.870  -40.701  57.721 0.0000000000
43996  29.611  -39.879  54.580 0.0000000000
45181  29.574  -39.712  53.952 0.0000000000
45180  30.162  -39.531  54.066 0.0000000000
45226  29.832  -39.638  52.573 0.0000000000
45225  30.564  -39.195  52.441 0.0000000000
71335  57.901  -15.843  52.802 0.0000000000
71320  56.814  -15.834  53.792 0.0000000000
70255  57.134  -16.051  53.076 0.0000000000
68156  55.494  -18.154  51.756 0.0000000000
67050  57.336  -19.927  55.748 0.0000000000
35414  28.858  -47.722  66.861 0.0000000000
35398  27.673  -47.466  67.516 0.0000000000
35378  26.573  -47.173  68.414 0.0000000000
35379  26.051  -47.047  68.840 0.0000000000
36573  25.311  -46.828  68.780 0.0000000000
35356  25.405  -47.009  69.234 0.0000000000
35334  23.561  -47.591  70.080 0.0000000000
34124  21.971  -48.369  70.733 0.0000000000
36526  37.917  -45.848  72.994 0.0000000000
36559  37.424  -46.176  70.615 0.0000000000
35348  35.828  -46.702  70.002 0.0000000000
35349  35.305  -46.827  70.037 0.0000000000
36572  35.082  -46.777  69.552 0.0000000000
35372  33.692  -47.031  69.042 0.0000000000
35315  32.492  -47.636  71.671 0.0000000000
35395  30.439  -47.853  67.979 0.0000000000
35375  30.571  -48.017  68.632 0.0000000000
34171  29.290  -47.832  67.197 0.0000000000
59366  51.373  -26.879  58.327 0.0000000000
68978  49.484  -17.905  68.558 0.0000000000
68964  49.495  -18.144  68.894 0.0000000000
67916  48.654  -18.541  69.583 0.0000000000
65719  47.993  -20.632  70.210 0.0000000000
53826  47.106  -32.034  67.673 0.0000000000
53833  46.370  -31.815  66.281 0.0000000000
49511  46.151  -35.093  66.924 0.0000000000
50589  46.342  -34.460  66.930 0.0000000000
52717  46.317  -32.636  65.663 0.0000000000
53834  46.023  -31.810  65.622 0.0000000000
53841  45.613  -31.904  65.076 0.0000000000
53842  45.143  -31.780  64.650 0.0000000000
53858  44.416  -32.430  63.276 0.0000000000
53851  44.196  -31.825  63.414 0.0000000000
54975  42.395  -30.958  61.043 0.0000000000
54983  42.092  -30.936  60.376 0.0000000000
53881  42.442  -31.846  60.452 0.0000000000
52771  42.258  -32.579  59.672 0.0000000000
52785  41.941  -32.779  59.142 0.0000000000
51723  41.309  -33.283  58.261 0.0000000000
50691  40.844  -34.174  57.975 0.0000000000
49606  43.094  -35.267  61.512 0.0000000000
49624  42.354  -35.144  60.262 0.0000000000
49625  41.869  -35.364  59.671 0.0000000000
50674  41.484  -34.307  58.754 0.0000000000
50675  41.143  -34.361  58.360 0.0000000000
50692  40.310  -34.487  57.521 0.0000000000
48600  39.693  -36.027  57.405 0.0000000000
49681  38.769  -35.178  56.281 0.0000000000
48632  37.721  -35.868  55.686 0.0000000000
41529  33.408  -42.642  60.372 0.0000000000
42699  31.392  -41.619  58.401 0.0000000000
42681  30.970  -41.919  59.059 0.0000000000
42738  30.379  -40.905  56.976 0.0000000000
43948  29.830  -40.580  56.205 0.0000000000
41586  28.162  -41.947  57.871 0.0000000000
42721  28.077  -41.686  57.401 0.0000000000
42742  27.040  -41.715  56.388 0.0000000000
42741  27.631  -41.567  56.762 0.0000000000
42740  28.434  -41.187  56.810 0.0000000000
43950  28.379  -40.931  56.188 0.0000000000
43974  29.217  -40.333  55.429 0.0000000000
69149  53.812  -17.297  55.444 0.0000000000
69150  53.366  -18.056  55.594 0.0000000000
67053  55.303  -19.506  55.692 0.0000000000
67007  55.880  -19.769  58.473 0.0000000000
67020  57.014  -19.546  57.257 0.0000000000
37986  24.464  -45.215  59.532 0.0000000000
36647  25.934  -45.961  65.751 0.0000000000
37902  24.886  -45.160  64.427 0.0000000000
39062  23.871  -44.853  63.917 0.0000000000
37867  22.565  -45.730  65.935 0.0000000000
37885  23.213  -45.368  65.259 0.0000000000
39063  23.359  -44.821  63.928 0.0000000000
39080  23.132  -44.545  63.267 0.0000000000
41355  42.634  -42.825  70.715 0.0000000000
42483  44.129  -41.104  70.869 0.0000000000
43730  43.982  -40.754  68.519 0.0000000000
42530  43.263  -41.407  67.938 0.0000000000
43750  43.636  -40.773  67.625 0.0000000000
43793  43.132  -40.220  65.652 0.0000000000
43821  42.941  -39.995  65.005 0.0000000000
44999  42.391  -39.767  64.128 0.0000000000
43822  42.402  -40.185  64.591 0.0000000000
43823  41.625  -40.610  64.462 0.0000000000
42612  41.000  -41.035  64.534 0.0000000000
43824  40.944  -40.701  64.125 0.0000000000
42629  39.823  -41.008  63.518 0.0000000000
41466  39.516  -42.645  65.320 0.0000000000
40273  38.909  -43.070  65.228 0.0000000000
41475  39.130  -42.421  64.583 0.0000000000
41484  38.780  -42.237  63.875 0.0000000000
42631  38.201  -42.045  62.877 0.0000000000
41494  37.753  -42.362  62.799 0.0000000000
40294  36.910  -43.152  63.144 0.0000000000
41496  36.248  -42.777  62.221 0.0000000000
41511  35.270  -42.694  61.480 0.0000000000
41512  34.410  -42.844  61.212 0.0000000000
36601  36.922  -45.713  68.314 0.0000000000
37876  36.489  -44.979  66.343 0.0000000000
39048  35.744  -44.600  65.384 0.0000000000
37862  34.028  -45.599  66.351 0.0000000000
37878  34.875  -45.011  65.904 0.0000000000
39057  35.654  -44.270  64.670 0.0000000000
40286  34.748  -43.601  63.160 0.0000000000
39075  33.865  -44.039  63.559 0.0000000000
40287  34.078  -43.681  62.965 0.0000000000
41513  33.549  -42.964  61.019 0.0000000000
41514  32.696  -42.977  60.871 0.0000000000
41515  32.016  -42.940  60.677 0.0000000000
40329  31.269  -43.093  60.665 0.0000000000
40350  29.056  -43.044  59.549 0.0000000000
40351  28.355  -43.379  59.352 0.0000000000
39116  29.212  -44.532  60.980 0.0000000000
37951  28.775  -45.189  61.165 0.0000000000
39134  28.886  -44.096  60.312 0.0000000000
40332  28.715  -43.865  59.986 0.0000000000
39175  26.883  -43.769  58.695 0.0000000000
39156  26.404  -44.673  59.109 0.0000000000
39177  25.662  -44.781  58.548 0.0000000000
38032  24.985  -45.018  57.800 0.0000000000
63659  54.719  -22.269  61.495 0.0000000000
60362  55.459  -25.328  61.322 0.0000000000
59342  52.151  -26.524  59.920 0.0000000000
32914  25.804  -48.586  74.796 0.0000000000
34026  25.522  -48.221  76.496 0.0000000000
34039  25.942  -48.502  75.910 0.0000000000
34053  25.482  -48.541  74.249 0.0000000000
34068  23.111  -48.524  73.383 0.0000000000
34103  21.345  -48.566  71.536 0.0000000000
32884  21.769  -49.288  76.407 0.0000000000
32919  21.711  -49.070  74.892 0.0000000000
32946  21.016  -48.739  73.313 0.0000000000
34125  21.021  -48.404  70.586 0.0000000000
34142  20.624  -48.206  70.046 0.0000000000
34143  19.987  -48.035  69.851 0.0000000000
34127  19.152  -48.059  70.444 0.0000000000
34107  17.463  -48.562  71.123 0.0000000000
71286  55.991  -15.488  55.620 0.0000000000
70212  55.170  -15.810  56.185 0.0000000000
70213  54.322  -16.386  56.634 0.0000000000
70214  53.954  -16.649  57.143 0.0000000000
72249  54.451  -14.776  58.668 0.0000000000
70183  54.251  -16.122  59.176 0.0000000000
68073  53.626  -18.585  59.653 0.0000000000
65820  53.181  -20.660  64.893 0.0000000000
60332  53.241  -25.153  63.927 0.0000000000
61489  52.381  -25.248  62.408 0.0000000000
61502  52.352  -25.270  61.680 0.0000000000
61503  52.208  -24.739  60.953 0.0000000000
68991  51.035  -18.232  67.514 0.0000000000
67945  51.107  -18.591  67.587 0.0000000000
67946  50.742  -18.496  67.975 0.0000000000
66870  51.615  -19.554  67.134 0.0000000000
65803  50.702  -20.882  66.272 0.0000000000
63589  51.775  -22.870  65.635 0.0000000000
62520  51.790  -23.772  63.868 0.0000000000
62571  51.548  -23.968  59.180 0.0000000000
62559  49.005  -22.894  59.975 0.0000000000
63515  47.587  -22.309  70.250 0.0000000000
62434  47.669  -23.060  68.931 0.0000000000
62448  47.657  -23.086  68.158 0.0000000000
62449  47.562  -23.307  67.439 0.0000000000
58127  47.466  -27.724  69.819 0.0000000000
56019  46.245  -29.895  67.407 0.0000000000
57122  46.448  -28.856  67.719 0.0000000000
58155  47.052  -27.703  68.535 0.0000000000
61378  47.489  -24.347  67.559 0.0000000000
62464  47.461  -23.621  66.580 0.0000000000
60334  46.735  -24.969  64.381 0.0000000000
61456  46.943  -24.358  63.651 0.0000000000
61476  46.665  -24.483  62.297 0.0000000000
60350  45.407  -25.746  61.990 0.0000000000
61505  46.472  -24.496  60.568 0.0000000000
58376  43.393  -26.828  54.763 0.0000000000
56091  41.371  -30.184  58.899 0.0000000000
55002  41.260  -30.811  58.439 0.0000000000
53931  39.331  -31.476  55.566 0.0000000000
55013  39.805  -30.906  55.834 0.0000000000
55026  40.088  -30.308  55.813 0.0000000000
45020  42.181  -39.414  63.520 0.0000000000
45048  41.611  -39.186  62.621 0.0000000000
45072  41.178  -39.003  61.967 0.0000000000
43891  38.817  -39.693  60.689 0.0000000000
43900  37.939  -39.758  59.852 0.0000000000
45091  38.795  -39.499  60.375 0.0000000000
45090  39.443  -39.339  60.685 0.0000000000
46269  39.545  -38.949  60.229 0.0000000000
47469  38.299  -37.686  57.255 0.0000000000
48618  37.580  -36.946  56.038 0.0000000000
48634  36.426  -36.487  54.865 0.0000000000
42716  32.893  -41.343  57.664 0.0000000000
42714  34.823  -41.194  57.598 0.0000000000
43927  35.153  -40.696  56.986 0.0000000000
43972  31.379  -39.903  55.264 0.0000000000
43971  32.653  -40.098  55.493 0.0000000000
43943  35.478  -39.948  56.330 0.0000000000
43968  35.226  -39.511  55.736 0.0000000000
45153  35.660  -39.181  55.830 0.0000000000
46364  35.830  -38.380  55.370 0.0000000000
46378  34.849  -38.231  54.582 0.0000000000
46377  35.450  -38.054  54.867 0.0000000000
47506  35.853  -37.711  54.961 0.0000000000
47525  36.006  -37.143  54.789 0.0000000000
48652  35.741  -36.536  54.370 0.0000000000
49715  36.114  -35.660  54.379 0.0000000000
70238  54.527  -16.775  54.820 0.0000000000
68134  54.535  -18.452  53.461 0.0000000000
68146  54.714  -17.940  52.850 0.0000000000
68145  55.085  -18.501  52.522 0.0000000000
67071  57.184  -19.938  55.109 0.0000000000
62542  56.306  -23.784  60.677 0.0000000000
62555  56.579  -23.134  60.405 0.0000000000
32913  26.353  -48.593  74.730 0.0000000000
34046  30.845  -47.709  74.079 0.0000000000
34047  30.535  -47.779  74.163 0.0000000000
34163  28.825  -47.866  67.524 0.0000000000
35339  18.122  -47.993  69.856 0.0000000000
35377  27.362  -47.451  68.153 0.0000000000
36574  24.991  -46.830  68.945 0.0000000000
36587  26.308  -47.015  68.248 0.0000000000
38939  41.721  -43.765  71.065 0.0000000000
40163  41.560  -43.802  70.382 0.0000000000
40352  27.700  -43.720  59.202 0.0000000000
41573  29.412  -42.236  58.725 0.0000000000
42763  27.466  -41.241  55.802 0.0000000000
43976  27.630  -40.949  55.150 0.0000000000
44904  45.078  -39.139  69.225 0.0000000000
45098  39.135  -39.161  60.143 0.0000000000
48495  42.944  -36.765  62.563 0.0000000000
49496  46.727  -34.636  68.585 0.0000000000
50577  46.825  -34.137  68.384 0.0000000000
50631  43.840  -34.458  62.302 0.0000000000
58216  54.209  -26.919  62.217 0.0000000000
63573  52.270  -22.629  66.098 0.0000000000
65779  52.758  -21.223  66.233 0.0000000000
67928  50.809  -18.779  67.928 0.0000000000
67962  51.447  -18.617  67.149 0.0000000000
69192  54.866  -17.566  52.928 0.0000000000
