#!ascii label  , from subject sub-01 vox2ras=TkReg
915
92801  45.928  4.904  54.448 0.0000000000
95910  41.635  8.588  39.340 0.0000000000
99616  47.873  13.568  31.480 0.0000000000
92091  45.779  4.521  30.953 0.0000000000
93900  44.497  6.457  47.722 0.0000000000
98670  52.225  11.357  38.329 0.0000000000
94085  42.479  7.151  32.885 0.0000000000
99592  38.014  12.639  34.024 0.0000000000
99482  46.212  12.405  43.971 0.0000000000
97711  42.206  10.005  47.730 0.0000000000
92931  41.241  5.292  42.283 0.0000000000
100548  44.969  13.628  35.206 0.0000000000
99641  40.411  12.248  29.753 0.0000000000
97807  44.995  10.960  35.557 0.0000000000
96919  41.935  9.478  28.815 0.0000000000
101448  39.727  14.360  36.250 0.0000000000
97679  45.722  10.352  50.249 0.0000000000
95833  43.984  8.026  51.971 0.0000000000
93929  42.688  6.406  45.821 0.0000000000
100559  50.700  13.840  33.723 0.0000000000
100508  48.071  13.600  36.931 0.0000000000
100580  46.375  14.123  32.781 0.0000000000
101486  42.571  14.294  31.840 0.0000000000
100612  44.879  14.061  30.171 0.0000000000
98628  44.030  10.915  41.812 0.0000000000
98661  46.010  10.853  39.634 0.0000000000
96858  43.267  9.622  37.792 0.0000000000
94122  44.315  7.065  30.556 0.0000000000
95976  41.859  8.589  31.051 0.0000000000
94145  43.428  6.703  29.497 0.0000000000
94147  41.697  7.027  28.543 0.0000000000
92107  43.606  4.830  30.699 0.0000000000
90996  43.938  3.465  33.849 0.0000000000
91795  44.258  4.156  52.758 0.0000000000
92847  44.806  5.698  51.288 0.0000000000
98721  50.520  12.317  34.381 0.0000000000
92986  41.503  5.571  38.040 0.0000000000
95016  40.836  7.404  36.321 0.0000000000
93046  44.251  5.774  34.306 0.0000000000
94101  46.734  6.786  31.834 0.0000000000
99467  49.815  13.080  45.809 0.0000000000
98573  47.742  11.709  48.234 0.0000000000
98596  44.801  11.646  46.537 0.0000000000
97736  41.753  10.293  43.819 0.0000000000
93895  41.684  7.324  48.518 0.0000000000
95880  39.977  7.802  44.876 0.0000000000
93998  40.241  6.352  41.137 0.0000000000
91983  43.517  4.489  38.407 0.0000000000
92826  41.194  5.195  53.173 0.0000000000
100488  46.448  13.573  37.989 0.0000000000
100513  42.932  13.413  37.367 0.0000000000
101465  41.753  14.226  34.259 0.0000000000
99622  39.152  12.370  32.309 0.0000000000
95969  39.657  8.697  32.356 0.0000000000
99517  48.581  12.510  41.576 0.0000000000
97771  48.080  10.805  37.028 0.0000000000
98725  46.845  11.937  34.081 0.0000000000
96883  41.296  9.603  34.399 0.0000000000
98747  42.366  11.749  32.579 0.0000000000
99631  43.769  12.820  30.692 0.0000000000
98784  41.793  11.356  27.612 0.0000000000
95077  40.309  7.685  29.807 0.0000000000
101439  38.789  14.270  37.289 0.0000000000
101437  40.495  13.883  37.293 0.0000000000
95820  45.381  8.020  53.241 0.0000000000
93846  45.413  6.605  53.290 0.0000000000
100590  49.634  13.805  32.603 0.0000000000
100561  48.937  13.972  33.727 0.0000000000
100592  48.256  14.007  31.891 0.0000000000
101493  45.262  14.368  30.956 0.0000000000
99628  46.971  13.759  30.810 0.0000000000
96828  42.662  9.767  40.755 0.0000000000
97766  44.219  10.127  39.990 0.0000000000
96850  42.620  9.249  38.403 0.0000000000
93111  45.181  6.182  29.823 0.0000000000
94135  44.384  6.815  29.793 0.0000000000
93112  44.646  6.034  29.619 0.0000000000
93113  43.859  5.705  29.511 0.0000000000
92106  44.235  4.839  30.502 0.0000000000
92072  44.502  4.275  31.678 0.0000000000
91041  45.691  4.204  31.685 0.0000000000
90815  44.579  3.812  51.295 0.0000000000
99579  52.897  12.087  35.350 0.0000000000
98695  52.145  11.408  36.378 0.0000000000
92017  43.534  4.961  36.770 0.0000000000
93012  42.474  5.563  36.112 0.0000000000
93025  44.332  5.227  35.615 0.0000000000
94100  47.752  6.880  31.823 0.0000000000
94131  48.433  6.936  30.426 0.0000000000
94132  47.319  6.597  30.585 0.0000000000
97697  43.987  10.174  49.633 0.0000000000
98576  44.746  11.186  48.393 0.0000000000
97710  43.334  10.792  47.521 0.0000000000
97720  43.143  11.119  45.151 0.0000000000
97722  41.605  10.227  45.912 0.0000000000
93886  44.337  6.151  49.600 0.0000000000
93887  43.284  6.450  49.822 0.0000000000
93893  43.342  6.461  48.792 0.0000000000
92904  41.762  5.874  43.967 0.0000000000
93949  40.577  6.658  44.776 0.0000000000
93969  40.001  6.704  43.808 0.0000000000
94973  39.698  7.321  43.033 0.0000000000
92944  40.803  5.330  41.246 0.0000000000
91963  41.854  4.687  39.307 0.0000000000
91943  42.215  4.492  40.208 0.0000000000
91980  46.564  4.271  38.647 0.0000000000
100529  46.535  13.513  36.045 0.0000000000
100509  47.010  13.479  37.017 0.0000000000
100510  45.964  13.473  37.087 0.0000000000
100490  44.524  13.482  38.129 0.0000000000
100531  44.402  13.456  36.254 0.0000000000
101455  41.731  13.951  35.616 0.0000000000
100566  43.384  13.867  34.400 0.0000000000
100604  41.362  13.695  30.474 0.0000000000
101488  40.912  13.894  31.561 0.0000000000
100606  40.202  12.800  30.669 0.0000000000
98749  39.297  11.508  31.782 0.0000000000
97847  39.944  10.606  30.283 0.0000000000
99480  47.790  12.949  44.546 0.0000000000
100400  49.422  13.364  43.748 0.0000000000
99501  47.686  12.637  42.383 0.0000000000
97773  46.268  10.337  37.986 0.0000000000
98674  47.484  10.721  38.249 0.0000000000
97782  47.439  10.823  36.669 0.0000000000
98700  47.590  11.381  35.481 0.0000000000
98715  45.504  11.454  34.864 0.0000000000
94066  41.910  7.101  34.061 0.0000000000
95955  40.959  8.598  34.973 0.0000000000
95963  41.265  8.728  33.644 0.0000000000
95983  41.938  8.876  29.970 0.0000000000
97833  41.459  10.515  32.086 0.0000000000
98755  41.653  11.212  31.302 0.0000000000
99620  43.595  12.460  31.730 0.0000000000
98768  42.270  11.769  29.430 0.0000000000
99648  42.717  12.492  28.941 0.0000000000
97861  42.189  11.040  28.194 0.0000000000
94137  41.585  6.456  29.407 0.0000000000
94148  41.072  7.284  28.676 0.0000000000
93107  40.260  6.429  30.489 0.0000000000
94139  40.075  7.004  30.297 0.0000000000
99530  51.712  12.182  40.776 0.0000000000
101450  37.955  14.065  35.651 0.0000000000
101458  38.506  14.051  34.892 0.0000000000
96762  47.652  9.806  51.958 0.0000000000
96739  46.994  9.295  52.770 0.0000000000
96765  44.725  9.197  51.512 0.0000000000
96785  43.405  9.546  49.935 0.0000000000
93912  43.631  6.537  46.822 0.0000000000
100544  49.312  13.792  34.666 0.0000000000
100545  48.274  13.728  34.800 0.0000000000
100564  45.631  13.841  34.081 0.0000000000
100582  44.183  14.181  33.473 0.0000000000
101474  44.844  14.336  32.506 0.0000000000
101495  43.442  14.402  30.783 0.0000000000
101515  42.507  13.920  29.342 0.0000000000
98618  45.103  11.656  42.166 0.0000000000
98616  46.255  11.934  41.653 0.0000000000
98645  45.350  10.917  40.429 0.0000000000
96847  44.893  10.013  38.750 0.0000000000
97785  43.935  9.946  37.253 0.0000000000
94104  43.420  7.201  31.637 0.0000000000
95036  42.269  7.578  32.243 0.0000000000
95048  43.214  7.478  30.934 0.0000000000
95076  42.787  7.710  29.716 0.0000000000
95990  42.326  8.541  29.140 0.0000000000
96925  42.116  8.834  28.033 0.0000000000
94146  42.627  6.928  28.937 0.0000000000
93115  42.228  6.481  29.189 0.0000000000
93089  42.622  5.228  30.722 0.0000000000
91013  44.498  3.508  33.472 0.0000000000
91785  44.897  4.507  53.541 0.0000000000
92823  45.346  5.455  52.245 0.0000000000
91793  45.424  4.623  51.843 0.0000000000
92857  45.344  5.196  50.252 0.0000000000
92860  45.264  5.558  49.283 0.0000000000
100523  52.203  13.115  34.745 0.0000000000
99587  51.304  13.293  33.623 0.0000000000
99589  49.407  12.696  33.193 0.0000000000
95001  40.857  7.544  38.368 0.0000000000
95930  41.052  8.100  37.773 0.0000000000
94042  40.967  6.758  36.920 0.0000000000
93028  41.937  6.235  35.494 0.0000000000
94065  42.738  6.466  34.028 0.0000000000
93064  46.163  5.952  33.618 0.0000000000
94082  45.911  6.449  32.777 0.0000000000
94103  44.556  6.843  31.736 0.0000000000
94121  45.465  6.905  30.870 0.0000000000
94133  46.246  6.472  30.512 0.0000000000
92103  46.796  5.431  30.512 0.0000000000
91040  46.489  4.273  31.613 0.0000000000
99447  48.806  12.395  46.997 0.0000000000
98594  46.723  12.399  46.276 0.0000000000
97694  47.017  10.976  49.796 0.0000000000
98587  45.698  11.763  47.389 0.0000000000
98599  45.562  12.175  44.699 0.0000000000
98614  43.997  11.477  43.585 0.0000000000
97739  42.746  10.512  42.476 0.0000000000
96824  41.464  9.505  41.715 0.0000000000
93878  43.830  6.932  51.672 0.0000000000
94924  42.438  7.735  50.189 0.0000000000
96791  41.807  9.084  48.748 0.0000000000
93914  41.362  6.926  46.896 0.0000000000
94936  40.705  7.663  46.778 0.0000000000
96804  41.076  9.624  46.222 0.0000000000
96816  40.484  9.241  43.686 0.0000000000
96825  40.616  8.934  41.999 0.0000000000
95901  40.928  8.330  40.524 0.0000000000
92972  40.762  5.904  39.046 0.0000000000
91984  42.393  4.777  38.283 0.0000000000
91999  44.328  4.586  37.600 0.0000000000
91960  44.818  4.337  39.421 0.0000000000
91998  45.295  4.429  37.688 0.0000000000
92813  43.218  5.304  53.961 0.0000000000
91787  42.673  4.898  53.316 0.0000000000
91818  40.351  4.337  51.605 0.0000000000
100461  47.890  13.758  38.916 0.0000000000
101427  45.415  13.826  39.582 0.0000000000
101446  41.555  13.823  36.401 0.0000000000
101456  40.669  14.278  35.319 0.0000000000
101467  39.361  13.958  33.944 0.0000000000
101477  41.563  14.301  32.977 0.0000000000
101478  40.332  13.992  32.839 0.0000000000
99608  38.792  12.575  33.049 0.0000000000
98641  50.277  11.829  39.950 0.0000000000
98643  47.680  11.728  40.399 0.0000000000
98659  48.707  11.391  39.067 0.0000000000
98672  49.883  11.245  38.042 0.0000000000
98697  49.972  11.428  35.874 0.0000000000
98723  48.697  12.258  34.029 0.0000000000
99602  47.532  12.653  32.376 0.0000000000
96860  41.878  9.385  37.240 0.0000000000
97799  42.408  10.107  36.296 0.0000000000
97808  43.705  10.984  35.352 0.0000000000
95968  41.499  8.730  32.368 0.0000000000
97819  41.748  10.668  34.150 0.0000000000
98728  44.046  11.638  34.286 0.0000000000
98739  44.649  12.126  33.314 0.0000000000
99604  45.212  12.460  32.256 0.0000000000
99618  45.661  12.961  31.252 0.0000000000
99639  43.664  13.303  29.644 0.0000000000
99656  42.562  13.116  28.353 0.0000000000
99659  41.075  12.019  28.352 0.0000000000
96000  41.334  8.889  27.783 0.0000000000
96927  40.906  9.660  27.933 0.0000000000
97854  40.391  10.483  29.154 0.0000000000
95978  39.998  8.803  30.915 0.0000000000
91015  42.618  3.982  33.557 0.0000000000
100516  40.250  13.755  37.837 0.0000000000
100494  40.760  13.467  38.530 0.0000000000
92800  46.322  5.474  54.445 0.0000000000
93845  46.057  6.138  53.860 0.0000000000
92809  46.248  5.605  54.048 0.0000000000
99615  48.906  13.677  32.110 0.0000000000
100591  49.136  13.940  32.297 0.0000000000
100600  47.717  14.001  31.233 0.0000000000
100601  47.090  14.072  31.021 0.0000000000
96840  41.826  8.933  39.850 0.0000000000
96839  42.464  9.231  39.521 0.0000000000
95909  42.052  8.871  38.732 0.0000000000
93102  45.214  5.595  29.956 0.0000000000
93103  44.424  5.425  29.928 0.0000000000
92105  45.078  4.938  30.406 0.0000000000
92092  44.904  4.467  31.151 0.0000000000
98656  52.336  11.466  39.258 0.0000000000
98694  53.035  11.349  36.729 0.0000000000
98683  52.170  11.321  37.361 0.0000000000
92034  44.977  4.844  36.084 0.0000000000
93024  45.535  5.050  35.320 0.0000000000
95063  48.983  7.397  30.827 0.0000000000
94130  49.200  6.853  30.160 0.0000000000
93098  48.832  6.401  30.201 0.0000000000
98744  38.013  11.423  33.749 0.0000000000
97705  43.081  10.145  48.733 0.0000000000
97704  44.190  10.852  48.507 0.0000000000
97716  42.331  10.524  46.649 0.0000000000
93892  44.343  6.362  48.614 0.0000000000
93901  43.454  6.512  47.796 0.0000000000
92917  41.653  5.621  43.321 0.0000000000
93968  40.755  6.010  43.609 0.0000000000
92918  40.929  5.580  42.920 0.0000000000
93984  40.482  5.880  42.329 0.0000000000
92943  41.837  4.787  41.317 0.0000000000
100547  46.073  13.609  35.054 0.0000000000
100530  45.460  13.503  36.149 0.0000000000
100549  43.877  13.627  35.339 0.0000000000
100616  40.818  12.940  29.714 0.0000000000
100605  40.815  13.547  30.856 0.0000000000
100617  40.374  12.545  30.154 0.0000000000
98756  39.686  11.478  30.799 0.0000000000
98763  40.189  11.520  29.828 0.0000000000
99481  47.018  12.654  44.240 0.0000000000
99490  47.753  12.947  43.506 0.0000000000
99491  46.869  12.576  43.199 0.0000000000
97796  45.650  10.666  36.325 0.0000000000
97783  46.453  10.539  37.004 0.0000000000
97795  46.810  11.097  35.955 0.0000000000
95029  41.339  7.816  34.117 0.0000000000
94086  41.789  7.431  33.486 0.0000000000
96910  41.749  9.534  29.652 0.0000000000
97845  41.599  10.131  30.100 0.0000000000
98761  41.630  11.032  30.051 0.0000000000
98769  41.961  11.064  28.938 0.0000000000
98777  42.105  11.062  28.471 0.0000000000
97862  42.024  10.630  28.350 0.0000000000
93090  41.535  5.493  30.898 0.0000000000
93106  41.076  6.171  30.253 0.0000000000
93091  40.093  5.601  31.274 0.0000000000
101449  38.674  14.361  35.979 0.0000000000
101459  38.060  13.942  35.218 0.0000000000
96722  47.687  8.959  53.431 0.0000000000
95819  46.605  8.323  53.762 0.0000000000
95821  44.956  7.877  52.947 0.0000000000
96741  45.303  9.082  52.135 0.0000000000
95850  44.246  8.804  51.619 0.0000000000
96779  44.359  9.547  50.730 0.0000000000
95860  43.293  8.842  50.798 0.0000000000
100525  50.753  13.577  35.371 0.0000000000
100543  50.279  13.779  34.526 0.0000000000
100579  47.569  14.036  32.747 0.0000000000
100562  47.905  13.833  33.777 0.0000000000
100563  46.783  13.861  33.888 0.0000000000
100581  45.189  14.118  33.254 0.0000000000
101473  45.666  14.245  32.330 0.0000000000
100603  45.318  14.209  30.471 0.0000000000
101494  44.521  14.401  30.755 0.0000000000
101503  44.098  14.279  30.123 0.0000000000
101504  43.232  14.213  29.821 0.0000000000
101514  42.758  14.011  29.323 0.0000000000
98619  44.175  11.275  42.445 0.0000000000
98627  44.661  11.034  41.387 0.0000000000
96849  43.446  9.505  38.789 0.0000000000
96848  44.385  9.838  39.034 0.0000000000
96857  44.206  9.698  38.111 0.0000000000
96856  44.841  9.891  38.392 0.0000000000
94123  43.644  7.311  30.800 0.0000000000
94136  43.897  6.795  29.648 0.0000000000
95074  44.005  7.216  29.728 0.0000000000
95075  43.409  7.126  29.533 0.0000000000
95082  42.620  7.597  28.841 0.0000000000
95081  42.985  7.088  29.215 0.0000000000
93104  43.408  5.448  30.181 0.0000000000
93114  42.951  6.313  29.576 0.0000000000
93088  43.202  5.002  30.670 0.0000000000
92094  43.193  4.689  31.230 0.0000000000
92073  43.848  4.304  31.884 0.0000000000
91042  45.064  4.158  31.846 0.0000000000
91031  44.668  3.941  32.418 0.0000000000
91794  45.005  4.101  52.422 0.0000000000
91830  44.905  4.236  50.555 0.0000000000
91843  45.331  4.833  49.840 0.0000000000
91853  45.336  5.083  49.045 0.0000000000
98708  52.097  11.801  35.429 0.0000000000
99580  51.903  12.652  34.416 0.0000000000
99581  51.099  12.474  34.294 0.0000000000
99588  50.685  12.783  33.572 0.0000000000
94034  40.906  6.601  37.875 0.0000000000
94033  41.280  6.190  37.240 0.0000000000
93026  43.315  5.576  35.343 0.0000000000
93027  42.467  6.011  35.222 0.0000000000
93047  43.201  5.988  34.533 0.0000000000
94055  42.462  6.304  34.731 0.0000000000
94064  43.817  6.223  33.719 0.0000000000
93063  47.239  5.905  33.620 0.0000000000
94083  44.719  6.381  32.959 0.0000000000
94102  45.667  6.781  31.838 0.0000000000
94120  46.507  6.896  31.018 0.0000000000
93100  47.019  6.109  30.239 0.0000000000
92090  46.642  4.712  30.948 0.0000000000
98558  48.457  11.331  49.025 0.0000000000
98572  48.844  11.635  48.313 0.0000000000
98585  48.255  12.096  47.564 0.0000000000
99448  47.940  12.414  46.828 0.0000000000
98586  46.992  12.234  47.148 0.0000000000
97652  47.151  10.206  51.169 0.0000000000
97677  47.638  10.560  50.469 0.0000000000
97695  46.095  10.801  49.685 0.0000000000
98588  44.563  11.363  47.724 0.0000000000
98595  45.932  12.157  46.025 0.0000000000
98600  44.820  11.766  45.329 0.0000000000
98607  44.739  11.843  44.183 0.0000000000
98608  43.954  11.484  44.693 0.0000000000
97729  42.437  10.693  44.487 0.0000000000
97735  42.556  10.649  43.436 0.0000000000
97740  41.939  10.215  42.745 0.0000000000
97746  42.235  10.170  41.972 0.0000000000
92824  44.785  5.963  51.867 0.0000000000
93877  44.238  6.295  51.471 0.0000000000
93894  42.276  6.922  48.973 0.0000000000
93883  42.733  7.256  50.548 0.0000000000
94927  42.174  7.443  49.556 0.0000000000
95863  42.329  8.444  49.782 0.0000000000
94928  41.677  7.708  48.974 0.0000000000
93913  42.476  6.535  46.855 0.0000000000
93930  41.540  6.520  45.822 0.0000000000
94955  40.337  7.200  45.277 0.0000000000
93915  40.748  7.228  46.359 0.0000000000
95874  40.459  8.375  46.191 0.0000000000
96800  40.726  9.041  46.588 0.0000000000
96805  40.536  9.116  45.703 0.0000000000
96811  40.957  9.811  45.286 0.0000000000
95886  40.080  8.566  44.143 0.0000000000
94980  39.961  7.423  41.913 0.0000000000
95894  40.144  8.374  42.368 0.0000000000
95898  40.614  8.461  41.379 0.0000000000
94984  40.502  7.527  40.549 0.0000000000
94010  40.508  6.564  39.830 0.0000000000
91985  41.673  4.996  38.697 0.0000000000
92000  43.362  4.742  37.458 0.0000000000
91959  45.839  4.392  39.519 0.0000000000
91997  46.284  4.283  37.730 0.0000000000
92803  43.863  5.665  54.791 0.0000000000
92825  41.762  5.153  53.260 0.0000000000
91797  41.937  4.674  52.756 0.0000000000
100487  47.468  13.579  37.968 0.0000000000
100462  46.881  13.737  38.859 0.0000000000
101425  47.251  14.090  39.653 0.0000000000
101426  46.311  14.002  39.611 0.0000000000
100463  45.932  13.685  38.849 0.0000000000
100512  43.941  13.335  37.259 0.0000000000
100534  41.517  13.726  36.912 0.0000000000
100533  42.244  13.629  36.519 0.0000000000
101466  40.521  14.263  34.080 0.0000000000
101475  43.897  14.367  32.675 0.0000000000
101476  42.772  14.280  33.012 0.0000000000
100596  39.793  13.100  31.674 0.0000000000
100595  40.187  13.652  32.118 0.0000000000
100584  39.975  13.709  32.689 0.0000000000
100585  39.429  13.379  33.066 0.0000000000
99623  38.602  12.039  32.852 0.0000000000
98750  38.856  11.496  32.570 0.0000000000
96897  39.611  9.755  31.895 0.0000000000
100377  50.320  13.345  45.178 0.0000000000
99500  48.943  13.120  42.725 0.0000000000
100413  49.937  13.335  43.079 0.0000000000
99516  49.766  12.669  41.585 0.0000000000
99531  50.578  12.269  40.735 0.0000000000
99532  49.406  12.234  40.751 0.0000000000
98644  46.453  11.367  40.323 0.0000000000
98625  46.781  11.977  41.146 0.0000000000
98673  48.462  10.895  37.856 0.0000000000
98658  50.033  11.505  39.058 0.0000000000
98685  49.902  11.282  36.941 0.0000000000
98686  48.927  11.108  36.645 0.0000000000
98713  47.127  11.542  34.937 0.0000000000
98712  48.050  11.715  34.807 0.0000000000
98724  47.720  12.147  33.957 0.0000000000
99591  47.738  12.413  33.174 0.0000000000
98736  47.300  12.277  33.348 0.0000000000
95939  40.905  8.262  36.815 0.0000000000
95929  41.460  8.841  37.414 0.0000000000
95938  41.191  8.849  36.752 0.0000000000
96876  41.443  9.588  35.554 0.0000000000
97810  41.596  10.127  34.940 0.0000000000
97809  42.280  10.428  35.514 0.0000000000
95050  41.906  7.958  31.831 0.0000000000
98748  41.753  11.314  32.358 0.0000000000
97826  41.550  10.770  33.015 0.0000000000
98742  42.017  11.338  33.256 0.0000000000
98730  42.457  11.302  33.893 0.0000000000
98741  42.795  11.750  33.237 0.0000000000
98740  43.679  11.979  33.366 0.0000000000
99619  44.584  12.711  31.420 0.0000000000
99630  44.771  13.311  30.570 0.0000000000
98783  42.138  11.509  27.774 0.0000000000
99647  42.933  13.148  28.619 0.0000000000
99657  42.249  12.460  28.113 0.0000000000
100635  41.957  12.928  28.131 0.0000000000
99665  41.402  11.843  27.895 0.0000000000
94153  41.962  7.456  28.104 0.0000000000
95999  41.936  8.622  27.819 0.0000000000
95090  41.631  7.877  27.947 0.0000000000
95084  40.693  7.810  28.784 0.0000000000
95992  40.731  8.779  28.367 0.0000000000
96920  40.526  9.658  28.792 0.0000000000
95984  40.360  8.729  29.585 0.0000000000
95977  40.182  9.222  30.196 0.0000000000
95985  40.149  8.182  30.241 0.0000000000
93092  39.273  5.813  31.557 0.0000000000
94124  39.449  6.553  31.298 0.0000000000
91033  43.064  4.113  32.936 0.0000000000
90997  43.380  3.521  34.120 0.0000000000
101438  39.929  14.114  37.203 0.0000000000
95808  46.825  7.599  54.354 0.0000000000
94878  46.321  6.769  54.240 0.0000000000
94887  45.814  7.218  53.804 0.0000000000
94898  44.615  7.546  52.693 0.0000000000
100576  50.256  13.837  33.061 0.0000000000
100560  49.881  13.960  33.694 0.0000000000
100577  49.488  14.059  32.907 0.0000000000
100578  48.600  14.054  32.812 0.0000000000
100593  47.303  14.182  31.757 0.0000000000
100594  46.384  14.203  31.622 0.0000000000
100602  46.065  14.100  30.782 0.0000000000
100611  45.519  13.970  30.377 0.0000000000
97754  43.325  10.196  40.926 0.0000000000
97753  43.910  10.229  40.548 0.0000000000
96827  43.378  9.984  40.524 0.0000000000
94134  45.253  6.669  30.057 0.0000000000
94143  44.744  6.471  29.741 0.0000000000
94144  44.194  6.488  29.625 0.0000000000
92093  44.039  4.498  31.152 0.0000000000
91030  45.591  3.900  32.377 0.0000000000
90788  43.486  3.771  52.048 0.0000000000
90799  44.581  3.815  51.918 0.0000000000
90800  43.992  3.708  51.658 0.0000000000
99578  53.430  11.841  35.947 0.0000000000
98707  52.974  11.550  35.911 0.0000000000
98709  51.003  11.962  34.997 0.0000000000
92999  42.388  5.271  37.078 0.0000000000
93000  41.730  5.719  36.801 0.0000000000
93011  43.259  5.192  36.319 0.0000000000
93045  45.297  5.503  34.469 0.0000000000
94080  48.017  6.491  32.687 0.0000000000
94118  48.490  7.302  31.038 0.0000000000
94119  47.521  7.080  31.024 0.0000000000
93099  47.997  6.289  30.205 0.0000000000
97693  48.072  10.959  49.765 0.0000000000
97680  44.846  10.041  50.273 0.0000000000
97696  45.106  10.707  49.354 0.0000000000
98589  43.936  11.176  47.504 0.0000000000
98597  43.917  11.319  46.911 0.0000000000
98601  43.941  11.433  45.821 0.0000000000
97715  43.138  11.037  46.275 0.0000000000
97721  42.368  10.671  45.559 0.0000000000
97730  41.641  10.318  44.884 0.0000000000
92858  44.866  5.632  50.421 0.0000000000
93881  44.138  6.099  50.577 0.0000000000
93948  41.721  6.107  44.628 0.0000000000
93967  41.430  5.880  43.884 0.0000000000
93950  39.985  6.948  44.361 0.0000000000
95891  39.758  7.997  43.643 0.0000000000
93985  40.025  6.499  42.914 0.0000000000
93999  40.010  6.563  42.146 0.0000000000
92958  40.680  5.635  40.109 0.0000000000
92957  41.326  4.910  40.233 0.0000000000
91962  42.793  4.446  39.282 0.0000000000
91995  48.180  3.951  37.977 0.0000000000
100528  47.619  13.548  35.934 0.0000000000
100489  45.471  13.547  38.034 0.0000000000
100511  44.944  13.469  37.166 0.0000000000
100532  43.344  13.479  36.371 0.0000000000
100550  42.803  13.689  35.491 0.0000000000
100567  42.439  13.910  34.742 0.0000000000
101496  42.451  14.232  30.749 0.0000000000
101487  41.547  14.198  31.774 0.0000000000
101498  41.111  13.772  31.058 0.0000000000
99633  39.604  12.284  31.247 0.0000000000
97840  39.562  10.656  31.354 0.0000000000
96904  39.858  9.891  30.893 0.0000000000
99468  48.867  13.100  45.597 0.0000000000
100389  49.085  13.380  44.546 0.0000000000
99489  48.533  13.238  43.984 0.0000000000
97763  46.206  10.563  38.833 0.0000000000
98660  47.249  10.957  39.117 0.0000000000
97762  46.905  10.616  38.366 0.0000000000
97772  47.302  10.632  37.603 0.0000000000
97781  48.228  11.064  36.364 0.0000000000
97805  46.554  11.342  35.349 0.0000000000
98714  46.330  11.532  34.830 0.0000000000
95023  40.886  7.602  35.472 0.0000000000
95948  40.730  8.143  35.840 0.0000000000
95030  40.915  7.844  34.912 0.0000000000
96896  41.466  9.567  31.695 0.0000000000
96902  41.622  9.483  30.573 0.0000000000
97839  41.507  10.328  30.978 0.0000000000
99621  42.806  12.190  32.106 0.0000000000
98754  42.209  11.842  31.698 0.0000000000
99632  42.883  12.353  31.132 0.0000000000
99640  42.870  12.540  30.024 0.0000000000
98776  42.221  11.470  28.375 0.0000000000
97869  41.883  10.637  27.772 0.0000000000
95083  41.206  7.564  28.291 0.0000000000
94138  40.794  6.925  29.452 0.0000000000
98640  51.439  11.816  39.988 0.0000000000
101440  37.657  14.193  36.706 0.0000000000
100551  38.264  13.744  34.738 0.0000000000
100569  38.551  13.495  34.208 0.0000000000
96763  46.607  9.723  51.791 0.0000000000
95830  46.325  8.915  52.938 0.0000000000
96740  46.064  9.270  52.352 0.0000000000
97654  45.480  9.928  50.777 0.0000000000
97681  44.283  9.860  50.213 0.0000000000
97698  43.370  9.882  49.417 0.0000000000
96789  43.004  9.642  49.374 0.0000000000
93928  43.871  6.550  45.869 0.0000000000
93947  43.031  6.262  44.906 0.0000000000
92903  42.381  5.893  44.052 0.0000000000
92916  42.807  5.616  43.316 0.0000000000
92930  42.259  5.191  42.428 0.0000000000
92942  42.895  4.784  41.706 0.0000000000
100526  49.742  13.655  35.612 0.0000000000
100527  48.690  13.617  35.797 0.0000000000
100546  47.186  13.654  34.923 0.0000000000
100565  44.514  13.853  34.298 0.0000000000
101485  43.646  14.382  31.773 0.0000000000
101483  45.505  14.323  31.591 0.0000000000
101484  44.630  14.437  31.681 0.0000000000
101505  42.313  13.964  29.791 0.0000000000
100626  41.173  12.722  29.015 0.0000000000
98612  45.526  12.052  42.742 0.0000000000
99492  46.096  12.299  43.019 0.0000000000
98617  45.872  11.941  42.072 0.0000000000
98626  45.765  11.567  41.305 0.0000000000
98662  45.473  10.687  39.832 0.0000000000
97752  44.630  10.475  40.304 0.0000000000
97751  45.117  10.541  39.908 0.0000000000
97764  45.411  10.452  39.345 0.0000000000
97774  45.407  10.175  38.556 0.0000000000
97784  45.173  10.122  37.495 0.0000000000
97797  44.438  10.451  36.427 0.0000000000
94105  42.723  7.409  32.075 0.0000000000
95049  42.655  7.624  31.494 0.0000000000
95066  42.735  7.784  30.617 0.0000000000
95065  43.460  7.341  30.242 0.0000000000
95982  42.383  8.295  30.195 0.0000000000
96918  42.145  8.926  28.385 0.0000000000
95998  42.282  8.373  28.294 0.0000000000
95089  42.183  7.835  28.080 0.0000000000
94152  42.239  7.343  28.404 0.0000000000
93105  42.198  5.912  29.976 0.0000000000
92074  42.921  4.467  32.205 0.0000000000
91032  43.761  4.008  32.707 0.0000000000
91778  45.642  4.651  53.686 0.0000000000
92810  45.907  5.270  53.569 0.0000000000
91784  45.412  4.724  52.877 0.0000000000
92846  45.319  5.193  51.151 0.0000000000
91814  45.095  4.087  51.487 0.0000000000
91813  45.352  4.627  50.938 0.0000000000
92861  45.012  5.719  49.736 0.0000000000
93885  44.947  6.095  49.181 0.0000000000
93891  45.122  6.193  48.519 0.0000000000
100524  51.649  13.421  35.078 0.0000000000
99572  52.674  12.607  35.342 0.0000000000
100540  52.054  13.190  34.191 0.0000000000
100558  51.282  13.605  33.807 0.0000000000
99599  50.729  13.516  33.266 0.0000000000
99600  49.791  13.448  32.702 0.0000000000
99601  48.765  13.030  32.275 0.0000000000
94992  41.135  7.993  38.966 0.0000000000
95921  41.461  8.399  38.377 0.0000000000
95922  41.083  8.025  38.264 0.0000000000
95007  40.823  7.446  37.350 0.0000000000
93013  41.899  6.013  35.990 0.0000000000
94048  41.559  6.454  35.801 0.0000000000
95015  41.203  6.969  35.595 0.0000000000
94056  41.906  6.556  34.961 0.0000000000
94084  43.613  6.653  32.796 0.0000000000
93044  46.380  5.427  34.509 0.0000000000
93065  45.157  5.952  33.594 0.0000000000
94081  46.975  6.453  32.731 0.0000000000
93066  44.619  6.038  33.628 0.0000000000
93101  45.959  5.970  30.133 0.0000000000
92104  45.909  5.166  30.420 0.0000000000
91039  47.364  4.350  31.643 0.0000000000
99457  49.300  12.715  46.391 0.0000000000
99458  48.359  12.674  46.237 0.0000000000
99470  47.192  12.661  45.187 0.0000000000
99471  46.416  12.426  44.984 0.0000000000
97651  48.219  10.169  51.203 0.0000000000
98559  47.367  11.349  49.060 0.0000000000
98561  45.737  11.048  49.198 0.0000000000
98574  46.591  11.591  48.250 0.0000000000
98606  45.457  12.145  43.628 0.0000000000
98613  44.793  11.806  43.119 0.0000000000
97728  43.193  11.137  44.059 0.0000000000
97734  43.351  10.973  43.021 0.0000000000
97738  43.497  10.768  42.103 0.0000000000
97745  42.926  10.305  41.564 0.0000000000
96823  42.307  9.960  41.488 0.0000000000
96829  41.825  9.185  40.453 0.0000000000
93858  45.493  5.945  53.099 0.0000000000
93859  44.644  6.612  52.425 0.0000000000
93860  44.002  7.109  51.972 0.0000000000
93882  43.301  6.792  50.859 0.0000000000
94921  43.365  7.361  51.345 0.0000000000
95852  43.083  8.152  51.138 0.0000000000
95861  42.868  8.471  50.601 0.0000000000
96787  42.178  8.944  49.332 0.0000000000
96794  42.041  9.554  48.366 0.0000000000
93902  42.382  6.653  47.898 0.0000000000
93903  41.634  7.093  47.988 0.0000000000
94932  41.301  7.748  48.093 0.0000000000
95870  41.087  8.473  47.693 0.0000000000
96795  41.448  9.265  47.864 0.0000000000
97712  41.604  9.678  47.353 0.0000000000
96815  40.998  9.849  44.247 0.0000000000
95890  40.090  8.589  43.242 0.0000000000
96820  40.582  9.133  42.674 0.0000000000
96819  41.167  9.744  43.141 0.0000000000
95897  41.245  8.828  40.837 0.0000000000
95911  41.017  8.103  39.802 0.0000000000
94993  40.723  7.409  39.381 0.0000000000
94023  40.708  6.688  38.818 0.0000000000
92971  41.228  5.231  39.233 0.0000000000
92985  42.207  5.108  37.728 0.0000000000
92001  42.654  4.935  37.511 0.0000000000
92016  44.205  4.863  36.678 0.0000000000
92015  45.093  4.619  36.824 0.0000000000
91928  42.691  4.506  40.900 0.0000000000
91942  43.168  4.364  40.170 0.0000000000
91961  43.810  4.351  39.338 0.0000000000
91981  45.545  4.315  38.584 0.0000000000
91982  44.540  4.389  38.508 0.0000000000
92014  46.016  4.441  36.855 0.0000000000
92802  44.989  5.030  54.467 0.0000000000
92812  44.285  4.975  54.018 0.0000000000
91786  43.770  4.639  53.372 0.0000000000
91796  43.204  4.184  52.599 0.0000000000
91815  43.063  3.815  52.088 0.0000000000
91798  40.786  4.768  52.442 0.0000000000
90803  41.109  3.860  51.011 0.0000000000
101428  44.824  13.706  39.471 0.0000000000
100464  45.062  13.627  38.882 0.0000000000
100465  44.207  13.578  39.138 0.0000000000
100515  41.047  13.621  37.564 0.0000000000
101447  40.824  14.023  36.577 0.0000000000
101457  39.556  14.316  35.081 0.0000000000
101468  38.788  13.882  34.349 0.0000000000
101464  42.711  14.052  33.983 0.0000000000
101479  39.720  13.791  33.311 0.0000000000
100568  39.105  13.645  33.748 0.0000000000
100586  38.603  12.857  33.567 0.0000000000
98743  38.462  11.443  33.198 0.0000000000
97834  39.209  10.676  32.451 0.0000000000
100388  49.882  13.411  44.467 0.0000000000
99515  50.945  12.580  41.534 0.0000000000
98657  51.237  11.525  39.121 0.0000000000
99502  46.650  12.232  42.077 0.0000000000
99518  47.504  12.209  41.267 0.0000000000
99533  48.321  12.096  40.794 0.0000000000
98642  49.054  11.785  40.006 0.0000000000
98671  51.114  11.364  38.165 0.0000000000
98684  51.074  11.342  37.140 0.0000000000
98696  51.083  11.459  36.074 0.0000000000
98710  49.859  11.887  35.014 0.0000000000
98698  48.916  11.408  35.767 0.0000000000
98711  48.915  11.830  34.895 0.0000000000
98722  49.711  12.313  34.157 0.0000000000
99590  48.345  12.521  33.108 0.0000000000
95920  41.976  9.010  38.027 0.0000000000
96859  42.408  9.430  37.588 0.0000000000
95947  41.043  8.835  36.102 0.0000000000
96867  42.314  9.755  36.824 0.0000000000
96866  42.886  9.801  37.209 0.0000000000
97798  43.139  10.251  36.566 0.0000000000
95037  41.679  7.850  32.920 0.0000000000
96890  41.296  9.815  33.066 0.0000000000
97818  42.745  11.118  34.646 0.0000000000
98716  44.663  11.382  34.875 0.0000000000
98727  45.090  11.761  34.117 0.0000000000
98738  45.661  12.213  33.196 0.0000000000
99605  44.178  12.364  32.462 0.0000000000
98737  46.621  12.253  33.192 0.0000000000
99603  46.307  12.544  32.155 0.0000000000
99617  46.804  13.136  31.239 0.0000000000
99629  45.786  13.707  30.658 0.0000000000
99638  44.785  13.808  30.190 0.0000000000
100623  43.175  13.755  29.109 0.0000000000
100633  42.690  13.439  28.621 0.0000000000
100625  41.609  13.141  28.740 0.0000000000
99650  40.779  12.290  29.063 0.0000000000
96926  41.879  9.504  28.035 0.0000000000
96931  41.555  9.817  27.812 0.0000000000
96932  41.342  9.650  27.750 0.0000000000
95091  41.054  8.122  28.070 0.0000000000
97870  41.324  10.548  27.748 0.0000000000
97863  40.704  10.512  28.317 0.0000000000
98770  40.531  11.381  28.969 0.0000000000
98771  40.329  11.307  29.452 0.0000000000
96903  40.062  9.545  30.452 0.0000000000
95078  39.904  7.624  30.698 0.0000000000
95068  39.616  7.695  31.733 0.0000000000
91029  46.395  3.934  32.291 0.0000000000
90786  44.498  3.912  52.351 0.0000000000
90787  44.015  3.855  52.245 0.0000000000
91014  43.545  3.750  33.421 0.0000000000
91779  45.430  4.685  54.033 0.0000000000
91788  42.061  5.096  53.285 0.0000000000
91829  45.316  4.696  50.397 0.0000000000
92811  44.765  4.773  54.024 0.0000000000
92814  41.894  5.590  53.855 0.0000000000
92987  40.886  6.164  38.431 0.0000000000
92998  43.019  4.959  37.014 0.0000000000
93010  43.834  5.073  36.358 0.0000000000
93048  42.717  6.180  34.640 0.0000000000
93844  46.432  5.859  54.355 0.0000000000
93888  42.573  6.987  50.049 0.0000000000
93931  40.745  6.927  45.855 0.0000000000
94041  41.414  6.311  36.511 0.0000000000
94049  41.139  6.755  36.231 0.0000000000
94063  44.354  6.101  33.659 0.0000000000
94886  46.458  7.378  54.216 0.0000000000
94888  45.086  7.303  53.128 0.0000000000
94899  44.195  7.545  52.244 0.0000000000
94916  43.711  7.618  51.741 0.0000000000
94917  43.272  7.865  51.373 0.0000000000
94922  42.883  7.648  50.951 0.0000000000
94925  42.001  7.954  49.587 0.0000000000
94933  40.903  7.937  47.435 0.0000000000
94935  41.169  7.456  47.434 0.0000000000
94942  40.397  7.597  45.841 0.0000000000
94943  40.140  7.641  45.174 0.0000000000
94956  40.007  7.331  44.722 0.0000000000
94965  39.755  7.349  44.015 0.0000000000
94972  39.835  7.801  42.553 0.0000000000
94981  39.785  6.908  42.486 0.0000000000
95000  41.095  8.006  38.512 0.0000000000
95022  41.329  7.298  34.857 0.0000000000
95064  43.952  7.038  29.903 0.0000000000
95067  42.306  8.027  31.153 0.0000000000
95071  49.455  7.051  30.191 0.0000000000
95072  49.166  7.156  30.325 0.0000000000
95073  48.895  7.281  30.589 0.0000000000
95831  45.694  8.684  52.807 0.0000000000
95832  44.612  8.375  52.318 0.0000000000
95851  43.633  8.482  51.391 0.0000000000
95864  41.834  8.447  49.182 0.0000000000
95866  41.423  8.467  48.465 0.0000000000
95871  40.735  8.423  47.006 0.0000000000
95879  40.158  8.301  45.145 0.0000000000
95887  39.849  7.913  44.435 0.0000000000
95895  39.788  8.054  42.954 0.0000000000
95900  41.430  8.643  40.137 0.0000000000
95928  41.893  9.216  37.600 0.0000000000
95956  40.786  8.048  35.304 0.0000000000
95975  42.327  8.164  30.748 0.0000000000
95991  41.987  9.085  29.355 0.0000000000
96006  41.639  9.226  27.780 0.0000000000
96007  41.468  9.385  27.754 0.0000000000
96764  45.619  9.571  51.496 0.0000000000
96766  44.090  9.098  51.223 0.0000000000
96778  45.009  9.647  50.942 0.0000000000
96780  43.661  9.229  50.704 0.0000000000
96781  43.150  9.078  50.395 0.0000000000
96784  43.929  9.694  50.251 0.0000000000
96786  42.731  9.116  49.796 0.0000000000
96790  42.453  9.483  48.978 0.0000000000
96796  40.960  8.961  47.256 0.0000000000
96799  41.224  9.425  47.010 0.0000000000
96812  40.444  9.206  44.704 0.0000000000
96837  44.233  9.978  39.625 0.0000000000
96838  43.608  9.779  39.863 0.0000000000
96868  41.554  9.358  36.608 0.0000000000
96875  41.956  9.897  36.190 0.0000000000
96911  40.244  9.841  29.821 0.0000000000
96912  40.024  9.974  30.377 0.0000000000
97653  46.192  10.078  50.992 0.0000000000
97678  46.629  10.523  50.409 0.0000000000
97703  44.860  11.042  48.718 0.0000000000
97706  42.442  9.799  48.448 0.0000000000
97709  43.985  11.092  47.829 0.0000000000
97717  41.629  9.958  46.821 0.0000000000
97743  44.361  10.586  40.874 0.0000000000
97744  43.820  10.558  41.324 0.0000000000
97765  44.703  10.225  39.605 0.0000000000
97775  44.956  10.143  39.052 0.0000000000
97786  43.311  9.899  37.213 0.0000000000
97793  48.278  11.256  35.948 0.0000000000
97794  47.758  11.156  36.016 0.0000000000
97806  45.966  11.201  35.527 0.0000000000
97817  43.413  11.331  34.605 0.0000000000
97846  40.214  10.485  29.706 0.0000000000
97853  41.715  10.310  29.260 0.0000000000
97855  40.246  10.976  29.556 0.0000000000
97868  42.193  11.053  27.955 0.0000000000
98560  46.361  11.230  49.117 0.0000000000
98575  45.440  11.301  48.545 0.0000000000
98624  47.293  12.035  40.904 0.0000000000
98646  44.750  10.747  40.752 0.0000000000
98699  48.244  11.442  35.516 0.0000000000
98706  53.483  11.585  36.396 0.0000000000
98726  46.009  11.823  34.056 0.0000000000
98729  43.184  11.505  34.020 0.0000000000
98760  42.207  11.843  30.592 0.0000000000
98762  40.444  11.882  29.384 0.0000000000
98778  40.956  11.294  28.005 0.0000000000
98785  41.469  11.412  27.709 0.0000000000
99459  47.390  12.553  46.132 0.0000000000
99460  46.705  12.460  45.730 0.0000000000
99469  47.987  12.852  45.435 0.0000000000
99479  48.489  13.189  44.872 0.0000000000
99498  51.371  12.861  42.271 0.0000000000
99503  46.020  12.143  42.482 0.0000000000
99514  52.032  12.440  41.557 0.0000000000
99519  46.953  12.177  41.486 0.0000000000
99534  47.816  12.036  40.805 0.0000000000
99571  53.382  12.265  35.935 0.0000000000
99598  51.089  13.565  33.469 0.0000000000
99606  43.285  12.200  32.635 0.0000000000
99607  42.784  12.002  32.671 0.0000000000
99609  38.224  12.174  33.417 0.0000000000
99614  49.393  13.744  32.371 0.0000000000
99627  47.493  13.874  30.990 0.0000000000
99637  45.292  13.904  30.282 0.0000000000
99642  40.029  12.175  30.402 0.0000000000
99649  41.285  12.545  28.603 0.0000000000
99658  41.636  12.459  28.108 0.0000000000
99663  42.061  11.882  27.660 0.0000000000
99664  41.785  11.960  27.697 0.0000000000
100378  49.456  13.352  45.130 0.0000000000
100379  48.933  13.365  45.058 0.0000000000
100514  41.992  13.535  37.514 0.0000000000
100541  51.720  13.435  34.275 0.0000000000
100542  51.116  13.669  34.395 0.0000000000
100557  51.659  13.324  33.907 0.0000000000
100574  51.268  13.533  33.587 0.0000000000
100575  50.937  13.678  33.424 0.0000000000
100583  43.368  14.165  33.523 0.0000000000
100613  44.045  13.922  29.739 0.0000000000
100614  42.148  13.820  29.535 0.0000000000
100615  41.660  13.660  29.857 0.0000000000
100624  42.372  13.745  29.087 0.0000000000
100634  42.282  13.214  28.386 0.0000000000
101497  41.574  13.873  30.696 0.0000000000
101506  41.870  13.846  30.103 0.0000000000
