#!ascii label  , from subject sub-01 vox2ras=TkReg
975
48308  14.502  -37.287  79.366 0.0000000000
42549  8.452  -41.939  67.016 0.0000000000
41241  7.944  -42.507  80.662 0.0000000000
48342  6.541  -35.761  77.941 0.0000000000
54853  6.525  -30.738  71.735 0.0000000000
44746  10.563  -39.126  82.956 0.0000000000
50421  9.173  -35.487  82.154 0.0000000000
42349  16.340  -39.718  79.101 0.0000000000
40036  12.194  -42.213  81.111 0.0000000000
36434  9.070  -44.956  80.296 0.0000000000
54773  5.814  -30.508  78.594 0.0000000000
51544  5.421  -34.116  74.777 0.0000000000
58043  5.468  -27.534  76.678 0.0000000000
40064  5.453  -44.444  77.121 0.0000000000
43611  7.600  -41.700  75.170 0.0000000000
44789  8.523  -39.231  79.792 0.0000000000
50456  6.745  -33.610  80.124 0.0000000000
46059  9.609  -38.289  72.303 0.0000000000
47241  6.875  -36.027  69.097 0.0000000000
51621  6.499  -33.307  67.048 0.0000000000
59220  5.464  -26.366  68.972 0.0000000000
47082  11.754  -37.936  81.885 0.0000000000
49376  11.290  -35.982  81.889 0.0000000000
45994  15.644  -38.687  79.664 0.0000000000
41243  13.865  -41.106  80.246 0.0000000000
43524  12.688  -40.206  81.382 0.0000000000
42340  11.524  -40.982  82.022 0.0000000000
56989  5.657  -28.494  78.066 0.0000000000
40050  6.545  -44.068  78.887 0.0000000000
43562  7.351  -41.776  78.423 0.0000000000
43535  7.928  -41.073  80.005 0.0000000000
51465  9.718  -34.196  80.405 0.0000000000
50445  8.079  -34.439  80.878 0.0000000000
37688  8.513  -44.020  80.648 0.0000000000
35216  7.175  -46.224  78.718 0.0000000000
37697  6.811  -44.981  79.255 0.0000000000
36461  5.518  -46.128  77.349 0.0000000000
46034  9.391  -38.832  77.414 0.0000000000
44832  8.992  -40.118  74.147 0.0000000000
47173  8.266  -36.713  75.503 0.0000000000
53740  5.792  -32.133  73.287 0.0000000000
50566  5.620  -34.426  72.379 0.0000000000
51593  5.811  -33.576  70.791 0.0000000000
49509  6.439  -34.878  68.103 0.0000000000
52695  6.332  -32.364  69.372 0.0000000000
42343  9.149  -41.220  82.170 0.0000000000
44754  9.036  -39.427  82.179 0.0000000000
48267  9.957  -36.954  82.909 0.0000000000
51463  10.947  -34.727  81.220 0.0000000000
41272  17.922  -40.420  77.727 0.0000000000
40082  16.301  -40.515  76.220 0.0000000000
40051  15.285  -40.878  78.301 0.0000000000
38857  12.819  -42.670  78.989 0.0000000000
37683  10.581  -43.618  80.901 0.0000000000
40031  9.899  -42.685  81.742 0.0000000000
51486  5.227  -33.419  78.093 0.0000000000
49447  5.446  -34.816  76.396 0.0000000000
53700  5.230  -31.983  76.848 0.0000000000
54810  5.568  -30.505  75.472 0.0000000000
57040  6.251  -28.677  73.686 0.0000000000
48337  16.571  -36.941  77.763 0.0000000000
40077  22.025  -41.200  76.701 0.0000000000
41248  23.142  -40.124  78.533 0.0000000000
43547  19.607  -39.576  78.724 0.0000000000
47121  17.940  -38.355  78.337 0.0000000000
37765  4.519  -45.875  74.309 0.0000000000
41322  5.402  -44.268  73.832 0.0000000000
42401  6.238  -42.880  76.544 0.0000000000
43583  8.526  -40.692  77.768 0.0000000000
47139  8.502  -37.504  78.938 0.0000000000
47086  8.516  -37.344  81.701 0.0000000000
48288  6.873  -35.702  80.396 0.0000000000
49397  6.044  -34.593  79.038 0.0000000000
53655  5.843  -32.071  79.213 0.0000000000
42458  7.135  -42.083  72.780 0.0000000000
43704  8.024  -40.954  71.053 0.0000000000
43747  9.521  -39.967  69.130 0.0000000000
47184  6.419  -35.791  73.829 0.0000000000
47227  8.053  -36.636  70.640 0.0000000000
44947  8.531  -38.983  66.996 0.0000000000
46124  7.039  -37.429  66.898 0.0000000000
48466  5.753  -36.777  65.682 0.0000000000
60209  5.449  -25.723  75.249 0.0000000000
58094  6.083  -27.233  72.655 0.0000000000
60242  5.656  -25.498  71.703 0.0000000000
57092  6.492  -28.525  70.081 0.0000000000
54915  6.246  -30.460  68.362 0.0000000000
48284  12.837  -37.674  81.083 0.0000000000
48297  12.428  -36.455  80.792 0.0000000000
48309  13.511  -36.661  79.711 0.0000000000
47108  14.638  -38.207  80.079 0.0000000000
44761  13.937  -39.338  80.825 0.0000000000
45984  13.207  -38.889  81.066 0.0000000000
45970  12.479  -38.877  81.498 0.0000000000
40269  7.693  -43.145  65.708 0.0000000000
42605  8.067  -41.464  66.000 0.0000000000
40045  7.205  -43.601  79.741 0.0000000000
42353  7.511  -42.130  79.873 0.0000000000
42352  7.883  -41.801  80.416 0.0000000000
40093  18.050  -40.686  75.500 0.0000000000
40040  8.150  -43.150  80.804 0.0000000000
37694  7.427  -44.626  79.678 0.0000000000
38851  7.227  -44.059  79.654 0.0000000000
38856  6.598  -44.555  79.070 0.0000000000
47158  8.467  -37.078  77.554 0.0000000000
47164  8.377  -36.857  76.559 0.0000000000
47160  6.986  -36.169  76.555 0.0000000000
53759  5.925  -32.085  72.481 0.0000000000
52677  5.674  -33.075  71.674 0.0000000000
53781  6.113  -32.131  71.532 0.0000000000
53801  6.224  -32.506  70.196 0.0000000000
53800  6.250  -32.072  70.523 0.0000000000
43513  9.910  -40.092  82.828 0.0000000000
44748  9.702  -39.257  82.844 0.0000000000
45965  10.272  -38.339  83.054 0.0000000000
50442  11.047  -35.099  81.643 0.0000000000
51483  11.489  -34.199  79.048 0.0000000000
42376  18.181  -39.991  78.309 0.0000000000
41273  16.585  -40.449  77.904 0.0000000000
41249  16.479  -40.097  78.766 0.0000000000
41244  13.187  -41.514  80.659 0.0000000000
40046  13.769  -41.505  79.799 0.0000000000
40043  12.543  -42.436  80.438 0.0000000000
38840  11.634  -42.630  81.162 0.0000000000
43519  11.063  -40.112  82.466 0.0000000000
41231  10.832  -41.668  82.041 0.0000000000
41226  10.452  -41.358  82.295 0.0000000000
41233  9.812  -42.147  81.941 0.0000000000
53675  5.435  -31.669  78.397 0.0000000000
52584  5.184  -32.709  77.495 0.0000000000
54784  5.446  -30.917  77.799 0.0000000000
58034  5.575  -27.643  77.642 0.0000000000
55902  5.391  -29.417  76.799 0.0000000000
57017  5.450  -28.481  76.214 0.0000000000
55925  5.880  -29.673  74.706 0.0000000000
58053  5.569  -27.479  75.538 0.0000000000
43558  20.325  -39.919  78.770 0.0000000000
38886  5.054  -45.048  75.658 0.0000000000
40099  5.266  -44.477  75.320 0.0000000000
40086  5.598  -43.776  76.551 0.0000000000
43561  7.894  -40.836  79.006 0.0000000000
43571  7.870  -41.241  78.122 0.0000000000
44798  8.533  -39.882  79.136 0.0000000000
46022  8.779  -38.645  79.074 0.0000000000
46023  8.649  -38.447  79.461 0.0000000000
47085  9.018  -37.721  82.435 0.0000000000
45975  8.817  -38.473  82.019 0.0000000000
48277  8.560  -36.686  82.098 0.0000000000
50446  7.171  -34.090  80.454 0.0000000000
49378  7.395  -35.223  81.083 0.0000000000
49379  6.783  -35.093  80.519 0.0000000000
48289  6.592  -35.302  79.940 0.0000000000
50448  6.180  -34.148  79.578 0.0000000000
51470  5.784  -33.445  79.329 0.0000000000
52554  6.298  -32.438  79.429 0.0000000000
40083  15.023  -40.814  76.207 0.0000000000
40095  15.971  -40.495  75.461 0.0000000000
35200  9.274  -45.325  79.798 0.0000000000
35230  8.762  -46.333  78.311 0.0000000000
35214  8.344  -46.197  78.899 0.0000000000
33994  6.717  -46.716  78.237 0.0000000000
33993  7.137  -46.748  78.302 0.0000000000
37708  5.464  -45.418  77.319 0.0000000000
37717  5.180  -45.271  76.750 0.0000000000
42422  6.736  -42.320  74.420 0.0000000000
41341  5.755  -43.434  73.188 0.0000000000
43639  7.243  -41.904  74.128 0.0000000000
44853  9.411  -39.098  72.710 0.0000000000
43656  8.446  -40.376  72.476 0.0000000000
44868  9.092  -39.734  71.282 0.0000000000
43729  8.331  -40.954  70.303 0.0000000000
44902  9.623  -39.169  70.235 0.0000000000
50520  5.431  -34.500  75.239 0.0000000000
48372  5.680  -35.173  74.986 0.0000000000
48378  5.772  -35.104  74.240 0.0000000000
48398  6.225  -35.230  71.052 0.0000000000
47218  6.928  -36.055  71.305 0.0000000000
47239  7.713  -36.504  69.470 0.0000000000
47249  8.394  -37.032  68.790 0.0000000000
47250  8.010  -36.882  68.375 0.0000000000
46122  7.993  -37.868  67.281 0.0000000000
46098  7.386  -36.871  67.696 0.0000000000
50588  6.407  -34.073  68.136 0.0000000000
49519  6.030  -35.828  66.549 0.0000000000
49517  6.210  -34.760  66.457 0.0000000000
61298  6.070  -24.578  74.193 0.0000000000
60216  5.514  -25.725  74.140 0.0000000000
60230  5.613  -25.618  72.941 0.0000000000
60268  5.402  -25.378  69.106 0.0000000000
59206  5.776  -26.390  69.951 0.0000000000
58125  6.179  -27.317  70.352 0.0000000000
57093  6.163  -27.879  69.645 0.0000000000
56005  6.237  -29.673  68.862 0.0000000000
57108  5.995  -28.480  68.961 0.0000000000
45973  11.075  -38.897  82.713 0.0000000000
47073  10.758  -37.605  82.779 0.0000000000
48286  11.615  -36.761  81.829 0.0000000000
44772  16.247  -39.182  79.276 0.0000000000
42350  15.344  -40.007  79.523 0.0000000000
43533  14.720  -39.740  80.146 0.0000000000
43523  13.669  -40.038  80.842 0.0000000000
42347  12.303  -41.224  81.515 0.0000000000
41240  11.517  -41.958  81.664 0.0000000000
43516  12.068  -40.258  81.845 0.0000000000
44752  11.342  -39.567  82.412 0.0000000000
56969  6.356  -28.416  78.752 0.0000000000
56977  5.753  -29.175  78.297 0.0000000000
58012  6.130  -27.702  78.838 0.0000000000
58021  5.775  -27.700  78.359 0.0000000000
60180  5.868  -26.236  77.678 0.0000000000
40054  6.296  -44.205  78.302 0.0000000000
41275  6.105  -43.561  77.523 0.0000000000
41264  6.567  -43.252  78.674 0.0000000000
43536  7.538  -41.696  79.575 0.0000000000
44775  8.467  -39.570  80.270 0.0000000000
50431  9.388  -34.906  81.814 0.0000000000
50422  8.551  -35.458  81.793 0.0000000000
50444  8.774  -34.549  81.196 0.0000000000
51467  7.749  -33.430  80.023 0.0000000000
52552  7.838  -33.028  79.508 0.0000000000
52563  7.196  -32.017  78.907 0.0000000000
37687  8.795  -44.268  80.643 0.0000000000
35202  8.294  -45.686  79.481 0.0000000000
36436  8.062  -44.970  79.847 0.0000000000
36443  7.119  -45.356  79.222 0.0000000000
35218  6.381  -46.165  78.505 0.0000000000
35233  6.011  -46.618  77.986 0.0000000000
37703  6.382  -45.251  78.745 0.0000000000
38860  6.308  -44.736  78.508 0.0000000000
44817  9.240  -39.969  76.710 0.0000000000
44824  8.694  -40.616  74.865 0.0000000000
44823  9.406  -39.660  75.416 0.0000000000
47179  9.513  -37.759  74.848 0.0000000000
47191  8.727  -37.095  73.735 0.0000000000
52637  5.464  -33.223  73.493 0.0000000000
50550  5.495  -34.148  73.280 0.0000000000
51579  5.404  -33.844  72.363 0.0000000000
50565  5.586  -34.252  71.816 0.0000000000
49495  6.161  -34.763  69.968 0.0000000000
48410  6.559  -35.501  68.839 0.0000000000
50576  6.055  -34.143  69.956 0.0000000000
51605  6.293  -33.423  69.002 0.0000000000
52709  6.402  -32.718  68.364 0.0000000000
59232  5.514  -26.155  68.178 0.0000000000
57120  5.699  -28.416  67.948 0.0000000000
58168  5.684  -27.359  67.625 0.0000000000
41236  8.259  -42.041  81.132 0.0000000000
42348  8.302  -41.551  80.992 0.0000000000
43515  9.210  -40.216  82.342 0.0000000000
45967  9.475  -38.470  82.701 0.0000000000
49357  9.904  -36.570  82.759 0.0000000000
48276  10.447  -36.696  82.822 0.0000000000
50419  10.074  -35.689  82.448 0.0000000000
50430  9.815  -35.029  82.014 0.0000000000
51464  10.519  -34.493  80.835 0.0000000000
40058  18.633  -40.738  77.270 0.0000000000
40081  17.541  -40.586  76.158 0.0000000000
40059  17.314  -40.511  77.354 0.0000000000
41251  14.666  -40.977  79.192 0.0000000000
40053  13.677  -41.936  78.660 0.0000000000
40062  13.486  -42.104  77.961 0.0000000000
36438  10.176  -44.484  80.024 0.0000000000
36428  9.805  -44.251  80.725 0.0000000000
40029  10.984  -42.449  81.709 0.0000000000
38843  9.965  -43.600  81.770 0.0000000000
37686  9.594  -43.911  81.090 0.0000000000
38838  9.089  -43.169  81.331 0.0000000000
40033  9.014  -42.826  81.483 0.0000000000
49416  5.604  -34.708  77.854 0.0000000000
48356  6.073  -35.422  77.123 0.0000000000
50486  5.354  -34.257  76.996 0.0000000000
51511  5.286  -33.640  76.333 0.0000000000
52611  5.389  -32.974  75.615 0.0000000000
55903  5.395  -30.206  77.297 0.0000000000
54811  5.380  -31.260  76.178 0.0000000000
53727  5.547  -32.361  74.884 0.0000000000
53726  5.769  -31.804  74.155 0.0000000000
54836  6.087  -31.298  73.264 0.0000000000
55937  6.467  -29.425  72.937 0.0000000000
48320  15.581  -37.195  78.556 0.0000000000
40079  19.960  -41.261  76.186 0.0000000000
42368  24.811  -40.076  78.446 0.0000000000
42356  24.332  -39.972  79.021 0.0000000000
42383  23.646  -40.517  77.816 0.0000000000
41268  22.467  -40.720  77.839 0.0000000000
41269  21.386  -41.049  77.703 0.0000000000
40057  19.749  -41.100  77.375 0.0000000000
42362  18.709  -39.757  78.463 0.0000000000
43548  18.276  -39.368  78.540 0.0000000000
46009  18.477  -38.689  78.473 0.0000000000
44788  16.992  -38.961  78.808 0.0000000000
47122  16.974  -38.181  78.652 0.0000000000
48306  16.498  -37.903  78.766 0.0000000000
41291  5.742  -43.353  75.301 0.0000000000
43599  7.142  -42.023  75.864 0.0000000000
42392  6.364  -42.947  77.340 0.0000000000
43585  7.292  -41.986  76.611 0.0000000000
43597  8.463  -40.924  76.574 0.0000000000
44811  9.083  -40.011  77.854 0.0000000000
47151  8.649  -37.500  78.342 0.0000000000
48324  7.134  -36.390  78.442 0.0000000000
43521  8.550  -40.502  81.353 0.0000000000
44763  8.541  -39.449  81.006 0.0000000000
45997  8.488  -38.126  80.563 0.0000000000
49369  8.079  -35.767  81.586 0.0000000000
47098  8.001  -36.823  80.792 0.0000000000
46012  8.374  -37.639  80.089 0.0000000000
47125  7.923  -36.893  79.546 0.0000000000
47127  6.517  -35.555  79.293 0.0000000000
48326  6.108  -35.074  78.547 0.0000000000
50467  5.510  -34.059  78.610 0.0000000000
52566  5.456  -32.594  78.891 0.0000000000
53674  5.704  -31.227  78.641 0.0000000000
53663  6.480  -31.091  78.790 0.0000000000
54764  6.475  -30.073  78.652 0.0000000000
55868  6.181  -29.350  78.644 0.0000000000
34018  8.160  -46.991  76.723 0.0000000000
33992  7.642  -46.688  78.302 0.0000000000
43658  7.646  -41.575  73.056 0.0000000000
42480  7.368  -41.809  72.017 0.0000000000
42548  8.768  -41.753  67.722 0.0000000000
47166  6.786  -36.084  75.833 0.0000000000
47182  7.280  -36.586  74.232 0.0000000000
47204  7.862  -36.907  72.514 0.0000000000
48385  6.161  -35.338  72.907 0.0000000000
47205  7.236  -36.563  72.342 0.0000000000
47225  9.274  -37.412  70.946 0.0000000000
46078  9.527  -37.962  69.794 0.0000000000
44946  9.150  -39.480  67.489 0.0000000000
43784  8.613  -40.593  66.803 0.0000000000
44971  8.269  -39.486  66.529 0.0000000000
47270  6.647  -36.702  67.124 0.0000000000
47304  6.151  -37.054  66.286 0.0000000000
60191  5.738  -25.749  76.822 0.0000000000
61279  6.268  -24.927  76.743 0.0000000000
59143  5.483  -26.452  76.051 0.0000000000
59154  5.559  -26.554  74.810 0.0000000000
58077  6.056  -27.560  73.448 0.0000000000
57058  6.508  -28.705  72.599 0.0000000000
59176  5.847  -26.396  72.248 0.0000000000
58108  6.438  -27.837  71.530 0.0000000000
54871  6.609  -30.501  70.921 0.0000000000
54890  6.572  -30.273  70.027 0.0000000000
53818  6.319  -31.440  68.604 0.0000000000
52708  6.371  -32.317  67.922 0.0000000000
53832  6.372  -31.214  66.894 0.0000000000
48296  13.398  -37.418  80.415 0.0000000000
48295  14.530  -37.790  79.810 0.0000000000
47094  13.872  -38.377  80.631 0.0000000000
47109  13.930  -37.976  80.396 0.0000000000
47095  13.185  -38.100  80.985 0.0000000000
40251  7.909  -43.119  66.906 0.0000000000
41459  8.087  -42.410  66.422 0.0000000000
42581  8.340  -41.270  66.490 0.0000000000
41245  7.483  -42.752  80.150 0.0000000000
40092  18.838  -40.951  75.316 0.0000000000
40080  18.817  -40.838  76.025 0.0000000000
40044  7.580  -43.370  80.254 0.0000000000
38850  7.767  -43.928  80.234 0.0000000000
48354  7.238  -36.374  77.631 0.0000000000
47159  7.530  -36.510  77.121 0.0000000000
48355  6.764  -35.953  77.152 0.0000000000
54854  6.285  -31.406  72.137 0.0000000000
52686  6.110  -32.452  71.040 0.0000000000
54872  6.396  -31.372  71.167 0.0000000000
43512  10.394  -39.978  82.788 0.0000000000
44747  10.124  -39.185  83.050 0.0000000000
42363  17.266  -39.762  78.582 0.0000000000
40035  12.646  -41.916  80.974 0.0000000000
40042  13.052  -41.822  80.536 0.0000000000
38847  11.983  -42.658  80.796 0.0000000000
38853  12.305  -42.900  79.927 0.0000000000
38848  11.378  -43.287  80.607 0.0000000000
43511  10.792  -39.956  82.628 0.0000000000
42333  10.906  -40.788  82.375 0.0000000000
42335  10.178  -40.836  82.619 0.0000000000
54774  5.596  -30.693  78.291 0.0000000000
38872  5.153  -44.904  76.386 0.0000000000
40087  5.365  -44.253  76.181 0.0000000000
40074  5.568  -43.993  76.982 0.0000000000
44790  8.223  -40.367  79.606 0.0000000000
44799  8.193  -40.406  79.293 0.0000000000
46011  8.535  -38.101  79.865 0.0000000000
48269  9.168  -36.964  82.642 0.0000000000
49368  8.937  -36.126  82.322 0.0000000000
50447  6.505  -34.157  80.054 0.0000000000
49389  6.462  -34.557  79.931 0.0000000000
51456  6.278  -33.794  79.763 0.0000000000
51457  6.130  -33.802  79.592 0.0000000000
51469  6.317  -33.427  79.744 0.0000000000
35192  9.146  -45.236  79.986 0.0000000000
35213  9.050  -45.870  79.198 0.0000000000
35201  8.827  -45.657  79.556 0.0000000000
33995  6.511  -46.655  78.203 0.0000000000
38864  5.466  -44.806  77.286 0.0000000000
37731  4.836  -45.598  76.063 0.0000000000
43625  7.236  -41.964  74.798 0.0000000000
43624  7.664  -41.599  74.570 0.0000000000
44854  8.984  -39.746  72.140 0.0000000000
44867  9.477  -39.093  71.752 0.0000000000
44883  9.513  -39.225  70.997 0.0000000000
46066  9.686  -38.338  71.122 0.0000000000
49467  5.544  -34.821  74.767 0.0000000000
50537  5.526  -34.457  74.406 0.0000000000
47230  6.708  -35.759  70.171 0.0000000000
47240  7.304  -36.321  69.263 0.0000000000
47251  7.579  -36.743  68.102 0.0000000000
50596  6.462  -33.878  67.434 0.0000000000
49518  6.343  -34.892  66.912 0.0000000000
50595  6.328  -34.342  66.596 0.0000000000
62359  6.688  -24.206  74.680 0.0000000000
61310  5.599  -24.943  73.608 0.0000000000
60267  5.521  -25.735  69.634 0.0000000000
58141  5.845  -27.291  69.366 0.0000000000
45972  11.365  -38.742  82.457 0.0000000000
47083  11.349  -37.706  82.352 0.0000000000
48310  12.874  -36.047  79.871 0.0000000000
44773  15.462  -39.195  79.776 0.0000000000
44762  13.104  -39.614  81.095 0.0000000000
42346  12.936  -40.824  81.191 0.0000000000
42338  12.318  -40.760  81.607 0.0000000000
45971  11.926  -38.598  81.875 0.0000000000
44751  11.747  -39.522  82.115 0.0000000000
56976  5.958  -28.630  78.525 0.0000000000
59112  6.005  -26.874  78.645 0.0000000000
59124  5.681  -26.914  78.018 0.0000000000
60169  5.946  -26.498  78.203 0.0000000000
41265  6.375  -43.605  78.203 0.0000000000
41252  6.699  -43.249  79.126 0.0000000000
42365  7.193  -42.404  79.352 0.0000000000
43550  7.733  -41.134  79.487 0.0000000000
51453  9.306  -34.436  81.004 0.0000000000
51477  8.604  -33.399  79.496 0.0000000000
37692  8.374  -44.686  80.201 0.0000000000
37693  8.090  -44.422  80.213 0.0000000000
36449  6.639  -45.642  78.835 0.0000000000
36450  6.287  -45.872  78.580 0.0000000000
37702  6.541  -45.445  78.880 0.0000000000
38863  5.889  -44.797  77.855 0.0000000000
44818  8.829  -40.560  75.771 0.0000000000
46038  9.555  -38.669  76.377 0.0000000000
47172  9.287  -37.492  75.795 0.0000000000
47180  8.947  -37.087  74.734 0.0000000000
47190  9.333  -37.640  73.979 0.0000000000
47181  8.100  -36.681  74.479 0.0000000000
53741  5.645  -32.585  73.841 0.0000000000
53760  5.580  -32.727  72.731 0.0000000000
51588  5.508  -33.726  71.664 0.0000000000
50572  5.749  -34.208  70.853 0.0000000000
53812  6.281  -32.294  69.865 0.0000000000
52696  6.251  -32.811  69.713 0.0000000000
52702  6.338  -32.799  68.925 0.0000000000
60276  5.443  -25.279  68.395 0.0000000000
58169  5.626  -26.590  67.755 0.0000000000
59247  5.687  -26.136  67.706 0.0000000000
41235  8.820  -42.145  81.735 0.0000000000
42344  8.654  -41.373  81.615 0.0000000000
45966  9.867  -38.382  82.989 0.0000000000
47076  9.986  -37.637  82.986 0.0000000000
48268  9.710  -37.038  82.862 0.0000000000
48274  11.055  -36.838  82.392 0.0000000000
48275  10.545  -36.861  82.667 0.0000000000
49364  10.858  -36.132  82.327 0.0000000000
50428  10.902  -35.395  81.970 0.0000000000
50429  10.584  -35.216  82.024 0.0000000000
51442  10.388  -34.913  81.837 0.0000000000
51452  10.133  -34.599  81.288 0.0000000000
41274  15.938  -40.522  78.001 0.0000000000
40060  15.734  -40.690  77.783 0.0000000000
41242  14.682  -40.424  79.729 0.0000000000
41250  15.422  -40.378  79.117 0.0000000000
40047  13.125  -42.237  79.686 0.0000000000
37699  11.465  -44.035  78.396 0.0000000000
37690  10.549  -43.955  80.431 0.0000000000
36431  10.201  -44.272  80.335 0.0000000000
36432  10.016  -44.316  80.482 0.0000000000
36427  10.027  -44.153  80.746 0.0000000000
41229  11.618  -41.410  81.815 0.0000000000
40028  11.070  -42.103  81.833 0.0000000000
41230  11.368  -41.780  81.804 0.0000000000
40030  10.464  -42.538  81.746 0.0000000000
38836  10.107  -43.245  81.631 0.0000000000
37681  9.928  -43.741  81.568 0.0000000000
37682  10.080  -43.518  81.617 0.0000000000
38844  9.240  -43.619  81.142 0.0000000000
38837  9.706  -43.273  81.504 0.0000000000
42342  9.462  -41.555  82.254 0.0000000000
41234  9.364  -42.104  82.015 0.0000000000
40034  8.621  -42.751  81.269 0.0000000000
50477  5.339  -34.121  77.928 0.0000000000
51497  5.234  -33.511  77.277 0.0000000000
52597  5.236  -32.838  76.605 0.0000000000
56990  5.547  -29.272  77.949 0.0000000000
55888  5.460  -30.057  77.909 0.0000000000
57004  5.434  -29.498  77.500 0.0000000000
55915  5.404  -30.320  76.463 0.0000000000
53714  5.352  -32.156  75.902 0.0000000000
54824  5.538  -31.488  75.176 0.0000000000
55938  6.289  -30.080  73.657 0.0000000000
40088  22.278  -41.037  76.114 0.0000000000
40089  21.654  -41.072  75.617 0.0000000000
40078  21.028  -41.360  76.374 0.0000000000
43543  23.544  -39.606  78.879 0.0000000000
43542  24.158  -39.666  79.213 0.0000000000
42357  23.768  -39.938  78.848 0.0000000000
41254  24.040  -40.229  78.592 0.0000000000
41255  23.622  -40.206  78.521 0.0000000000
41267  23.427  -40.494  78.065 0.0000000000
41256  22.796  -40.365  78.313 0.0000000000
41258  20.742  -40.630  78.212 0.0000000000
40056  20.734  -41.218  77.458 0.0000000000
41270  20.263  -40.928  77.800 0.0000000000
42361  19.509  -39.942  78.592 0.0000000000
44786  19.023  -39.046  78.667 0.0000000000
47120  18.746  -38.414  78.367 0.0000000000
46010  17.488  -38.636  78.571 0.0000000000
48319  17.062  -37.738  78.349 0.0000000000
48307  15.661  -37.728  79.144 0.0000000000
38903  4.949  -45.109  74.744 0.0000000000
41284  5.716  -43.451  76.119 0.0000000000
41292  5.462  -43.953  74.974 0.0000000000
42412  6.190  -42.820  75.708 0.0000000000
42400  6.723  -42.378  76.164 0.0000000000
42385  6.501  -43.046  78.048 0.0000000000
42384  6.900  -42.459  77.871 0.0000000000
43572  7.359  -41.892  77.552 0.0000000000
43584  7.885  -41.449  77.118 0.0000000000
43596  8.825  -40.444  77.329 0.0000000000
44812  8.926  -40.320  77.763 0.0000000000
47138  8.849  -38.065  78.787 0.0000000000
47152  7.870  -36.724  78.103 0.0000000000
47140  7.582  -36.646  78.764 0.0000000000
43520  8.882  -40.383  81.928 0.0000000000
44755  8.753  -39.429  81.667 0.0000000000
45986  8.581  -38.263  81.324 0.0000000000
50432  8.625  -34.924  81.591 0.0000000000
50433  7.825  -34.927  81.213 0.0000000000
48279  7.206  -35.790  80.883 0.0000000000
48287  7.412  -36.152  80.809 0.0000000000
47110  7.905  -36.865  80.098 0.0000000000
47111  7.011  -36.126  80.064 0.0000000000
48300  6.439  -35.198  79.502 0.0000000000
47142  6.499  -35.675  78.722 0.0000000000
48311  6.175  -34.977  78.967 0.0000000000
49405  5.753  -34.582  78.498 0.0000000000
52555  5.814  -32.621  79.319 0.0000000000
53665  5.629  -31.898  78.962 0.0000000000
52564  6.498  -31.887  79.153 0.0000000000
40094  17.040  -40.468  75.585 0.0000000000
35246  8.717  -46.490  77.352 0.0000000000
35203  7.658  -45.778  79.188 0.0000000000
35215  7.689  -46.224  78.845 0.0000000000
37750  4.615  -45.778  75.208 0.0000000000
36511  4.356  -46.674  74.741 0.0000000000
42459  6.361  -42.750  72.830 0.0000000000
41353  5.886  -43.423  72.373 0.0000000000
42482  6.330  -42.970  72.220 0.0000000000
41352  6.266  -43.170  71.862 0.0000000000
44833  8.539  -40.667  74.311 0.0000000000
43623  8.147  -41.110  74.331 0.0000000000
43636  8.459  -40.542  73.335 0.0000000000
43679  7.955  -40.844  71.962 0.0000000000
43680  7.650  -41.371  72.322 0.0000000000
43705  7.668  -41.347  71.652 0.0000000000
42499  7.647  -41.932  70.980 0.0000000000
42498  8.009  -41.357  70.518 0.0000000000
43728  9.045  -40.656  69.690 0.0000000000
42509  8.907  -41.352  69.207 0.0000000000
42525  8.634  -41.933  68.733 0.0000000000
43748  9.331  -40.755  68.438 0.0000000000
49446  5.665  -35.168  76.386 0.0000000000
48365  6.226  -35.601  76.184 0.0000000000
49462  5.744  -35.270  75.808 0.0000000000
48371  6.020  -35.454  74.453 0.0000000000
47176  6.371  -35.809  74.641 0.0000000000
47183  6.744  -36.215  74.000 0.0000000000
47192  7.932  -36.869  73.503 0.0000000000
47193  7.189  -36.669  73.281 0.0000000000
50559  5.602  -34.397  72.977 0.0000000000
49476  5.739  -34.709  73.282 0.0000000000
48393  5.966  -35.036  72.912 0.0000000000
47228  7.488  -36.395  70.472 0.0000000000
47217  7.358  -36.422  71.427 0.0000000000
47216  7.943  -36.723  71.576 0.0000000000
47226  8.674  -36.926  70.842 0.0000000000
47236  9.143  -37.252  70.339 0.0000000000
47237  8.858  -37.000  69.910 0.0000000000
46096  8.456  -37.623  67.962 0.0000000000
46095  9.143  -38.017  68.501 0.0000000000
46120  8.703  -38.414  67.563 0.0000000000
44970  8.647  -39.819  66.773 0.0000000000
43785  8.316  -40.317  66.400 0.0000000000
44950  7.354  -38.215  66.628 0.0000000000
44973  6.902  -38.216  66.325 0.0000000000
48418  6.485  -35.197  68.469 0.0000000000
48411  6.685  -35.983  68.104 0.0000000000
48419  6.549  -35.775  67.785 0.0000000000
49526  5.772  -36.072  66.155 0.0000000000
48431  6.282  -36.329  66.787 0.0000000000
47327  5.942  -37.204  65.839 0.0000000000
47326  5.884  -37.250  65.389 0.0000000000
61289  5.696  -25.164  75.741 0.0000000000
60201  5.534  -25.642  76.045 0.0000000000
59162  5.715  -26.634  73.515 0.0000000000
57059  6.293  -27.964  72.928 0.0000000000
61341  5.588  -24.636  71.105 0.0000000000
61326  5.660  -24.645  72.397 0.0000000000
58124  6.464  -27.845  70.978 0.0000000000
57076  6.594  -28.554  71.402 0.0000000000
55973  6.675  -29.541  70.646 0.0000000000
55989  6.575  -29.596  69.767 0.0000000000
54905  6.384  -30.593  69.283 0.0000000000
53825  6.292  -31.327  67.728 0.0000000000
47096  12.326  -37.938  81.496 0.0000000000
47097  11.818  -37.510  81.787 0.0000000000
48285  12.390  -37.281  81.267 0.0000000000
48322  13.496  -36.023  79.036 0.0000000000
45995  15.054  -38.493  79.993 0.0000000000
45982  15.011  -38.739  80.163 0.0000000000
45983  14.382  -38.728  80.489 0.0000000000
44750  12.406  -39.458  81.589 0.0000000000
45985  12.581  -38.490  81.390 0.0000000000
42582  8.109  -40.782  66.113 0.0000000000
40049  6.844  -43.841  79.351 0.0000000000
41246  7.085  -42.998  79.670 0.0000000000
38846  8.319  -43.744  80.676 0.0000000000
37698  6.645  -44.822  79.168 0.0000000000
38855  6.891  -44.359  79.386 0.0000000000
47163  9.179  -37.658  77.005 0.0000000000
47165  7.469  -36.502  76.141 0.0000000000
53782  5.810  -32.564  71.961 0.0000000000
52676  5.950  -32.646  71.391 0.0000000000
52687  6.063  -32.842  70.668 0.0000000000
42336  9.643  -41.015  82.472 0.0000000000
43514  9.513  -40.121  82.614 0.0000000000
47075  10.312  -37.626  82.932 0.0000000000
49388  11.218  -35.537  81.741 0.0000000000
50455  11.321  -34.838  80.865 0.0000000000
51474  11.080  -34.467  80.353 0.0000000000
41261  17.010  -40.209  78.329 0.0000000000
41262  15.536  -40.637  78.429 0.0000000000
38852  12.737  -42.626  79.575 0.0000000000
38849  10.885  -43.431  80.861 0.0000000000
42341  11.210  -40.962  82.190 0.0000000000
41225  10.744  -41.154  82.310 0.0000000000
41232  10.038  -41.822  82.000 0.0000000000
41227  10.000  -41.563  82.275 0.0000000000
41228  9.665  -41.716  82.209 0.0000000000
52574  5.236  -32.604  78.262 0.0000000000
53685  5.259  -31.828  77.680 0.0000000000
57003  5.465  -28.603  77.309 0.0000000000
55914  5.529  -29.475  75.801 0.0000000000
57027  5.730  -28.528  75.062 0.0000000000
41283  22.337  -41.110  76.996 0.0000000000
42358  22.983  -39.870  78.630 0.0000000000
42374  20.080  -40.230  78.539 0.0000000000
43546  20.822  -39.565  78.791 0.0000000000
44785  20.160  -39.106  78.839 0.0000000000
47137  17.602  -38.048  78.334 0.0000000000
43560  8.032  -40.515  79.238 0.0000000000
43570  8.269  -40.609  78.612 0.0000000000
44806  8.686  -40.222  78.369 0.0000000000
44797  8.764  -39.217  78.911 0.0000000000
47124  8.347  -37.405  79.399 0.0000000000
50434  7.098  -34.693  80.700 0.0000000000
48299  6.674  -35.593  79.935 0.0000000000
49380  6.645  -35.220  80.154 0.0000000000
49390  6.392  -34.779  79.699 0.0000000000
50458  5.843  -34.082  79.159 0.0000000000
53654  5.949  -31.903  79.217 0.0000000000
35212  9.456  -45.467  79.410 0.0000000000
35231  8.101  -46.654  78.186 0.0000000000
36494  4.542  -46.551  75.656 0.0000000000
41304  5.721  -43.430  74.538 0.0000000000
41342  5.506  -44.050  73.420 0.0000000000
42435  6.112  -42.883  73.892 0.0000000000
42434  6.827  -42.275  73.598 0.0000000000
43659  7.328  -41.875  73.504 0.0000000000
44839  9.412  -39.178  73.681 0.0000000000
44840  8.961  -39.856  73.082 0.0000000000
43678  8.512  -40.316  71.579 0.0000000000
43703  8.780  -40.326  70.657 0.0000000000
44903  9.280  -39.952  70.172 0.0000000000
43727  9.457  -39.785  69.692 0.0000000000
49463  5.503  -34.924  75.671 0.0000000000
48369  5.674  -35.197  75.451 0.0000000000
48377  6.114  -35.396  73.674 0.0000000000
49482  5.825  -34.767  71.822 0.0000000000
48392  6.080  -35.223  72.098 0.0000000000
47219  6.555  -35.658  71.191 0.0000000000
47229  7.072  -36.104  70.319 0.0000000000
47238  8.188  -36.681  69.702 0.0000000000
46097  8.176  -37.535  67.685 0.0000000000
44948  8.160  -38.686  66.832 0.0000000000
46123  7.589  -37.483  67.244 0.0000000000
46099  7.226  -36.961  67.433 0.0000000000
49510  6.396  -35.520  67.197 0.0000000000
49525  5.861  -35.669  66.140 0.0000000000
61288  6.146  -24.665  75.322 0.0000000000
61299  5.588  -25.048  74.716 0.0000000000
60256  5.591  -25.452  70.439 0.0000000000
59191  5.898  -26.346  71.046 0.0000000000
57107  6.345  -29.224  69.346 0.0000000000
56017  5.926  -29.464  68.183 0.0000000000
44745  10.894  -39.152  82.783 0.0000000000
45963  10.808  -38.260  82.874 0.0000000000
47072  11.060  -37.828  82.681 0.0000000000
47084  11.014  -37.403  82.565 0.0000000000
49363  11.155  -36.385  82.185 0.0000000000
48298  11.718  -36.174  81.461 0.0000000000
43549  16.962  -39.301  78.816 0.0000000000
43532  15.837  -39.470  79.425 0.0000000000
42351  14.362  -40.344  80.145 0.0000000000
43522  14.288  -39.571  80.563 0.0000000000
43534  14.111  -40.207  80.504 0.0000000000
42345  13.686  -40.620  80.673 0.0000000000
41237  13.297  -41.060  80.849 0.0000000000
41238  12.785  -41.541  81.038 0.0000000000
41239  11.841  -41.724  81.594 0.0000000000
42339  11.860  -40.998  81.835 0.0000000000
43517  11.650  -40.286  82.126 0.0000000000
43518  11.335  -40.259  82.304 0.0000000000
44753  11.115  -39.590  82.549 0.0000000000
55875  5.894  -29.631  78.535 0.0000000000
55876  5.651  -29.872  78.304 0.0000000000
59133  5.547  -26.721  77.178 0.0000000000
40063  5.865  -44.207  77.629 0.0000000000
42378  6.547  -43.124  78.446 0.0000000000
42377  6.858  -42.608  78.674 0.0000000000
43551  7.390  -41.726  79.110 0.0000000000
51466  8.634  -33.713  79.984 0.0000000000
51454  8.372  -34.128  80.535 0.0000000000
51455  7.663  -33.875  80.384 0.0000000000
51468  6.965  -33.277  80.071 0.0000000000
52553  7.082  -32.607  79.603 0.0000000000
36430  9.032  -44.596  80.557 0.0000000000
35193  8.829  -45.330  79.906 0.0000000000
36435  8.569  -45.012  80.087 0.0000000000
36441  8.028  -45.370  79.610 0.0000000000
36442  7.602  -45.359  79.411 0.0000000000
36437  7.638  -44.949  79.658 0.0000000000
35204  7.246  -45.750  79.005 0.0000000000
35217  6.737  -46.136  78.650 0.0000000000
35232  6.328  -46.519  78.225 0.0000000000
36460  5.867  -46.025  78.097 0.0000000000
37707  5.886  -45.394  78.022 0.0000000000
43610  8.147  -41.220  75.301 0.0000000000
44831  9.528  -39.162  74.602 0.0000000000
46037  9.654  -38.533  75.559 0.0000000000
44822  9.632  -38.979  75.158 0.0000000000
46046  9.595  -38.394  74.233 0.0000000000
46053  9.555  -38.329  73.316 0.0000000000
47202  9.274  -37.597  72.998 0.0000000000
51543  5.464  -33.682  74.208 0.0000000000
50536  5.491  -34.106  73.926 0.0000000000
51561  5.423  -33.783  73.197 0.0000000000
50558  5.460  -34.064  72.652 0.0000000000
52658  5.416  -33.400  72.509 0.0000000000
49489  5.963  -34.746  70.937 0.0000000000
48403  6.392  -35.323  70.026 0.0000000000
49502  6.321  -34.749  69.083 0.0000000000
50581  6.271  -34.115  69.047 0.0000000000
51599  6.126  -33.483  69.882 0.0000000000
51614  6.429  -33.314  68.218 0.0000000000
51613  6.481  -32.995  67.862 0.0000000000
59221  5.419  -25.796  68.660 0.0000000000
59231  5.497  -26.701  68.399 0.0000000000
58153  5.585  -27.370  68.458 0.0000000000
58154  5.500  -26.858  68.055 0.0000000000
59246  5.917  -26.322  67.309 0.0000000000
41435  8.131  -42.764  67.636 0.0000000000
44749  9.358  -39.356  82.536 0.0000000000
45974  9.171  -38.669  82.393 0.0000000000
47077  9.564  -37.653  82.823 0.0000000000
49367  9.614  -36.088  82.534 0.0000000000
47074  10.542  -37.663  82.864 0.0000000000
48266  10.248  -36.914  82.816 0.0000000000
49355  10.471  -36.718  82.645 0.0000000000
50417  10.896  -35.726  82.156 0.0000000000
49365  10.421  -36.332  82.565 0.0000000000
49356  10.188  -36.614  82.726 0.0000000000
49366  10.036  -36.191  82.642 0.0000000000
50420  9.793  -35.561  82.316 0.0000000000
51443  9.888  -34.768  81.665 0.0000000000
51475  10.395  -34.089  79.832 0.0000000000
40068  19.270  -41.109  76.784 0.0000000000
40069  18.095  -40.684  76.744 0.0000000000
40070  16.754  -40.563  76.865 0.0000000000
40071  15.443  -40.904  76.993 0.0000000000
40072  14.211  -41.385  77.087 0.0000000000
41263  14.929  -40.971  78.784 0.0000000000
40052  14.577  -41.266  78.724 0.0000000000
40061  14.547  -41.435  77.865 0.0000000000
40073  13.238  -42.152  77.104 0.0000000000
38862  11.741  -43.670  78.160 0.0000000000
36447  10.249  -44.860  79.375 0.0000000000
36439  9.675  -45.044  79.795 0.0000000000
36440  9.414  -45.122  79.959 0.0000000000
36429  9.464  -44.399  80.649 0.0000000000
40037  11.400  -42.280  81.582 0.0000000000
40038  11.228  -42.841  81.699 0.0000000000
38841  11.025  -42.964  81.402 0.0000000000
38835  10.595  -42.894  81.630 0.0000000000
38842  10.256  -43.430  81.486 0.0000000000
37685  9.946  -43.930  81.196 0.0000000000
38845  8.832  -43.546  80.998 0.0000000000
40032  9.533  -42.706  81.693 0.0000000000
40039  8.606  -43.229  81.055 0.0000000000
48343  6.082  -35.254  77.940 0.0000000000
49429  5.528  -34.880  77.027 0.0000000000
50487  5.388  -34.558  76.742 0.0000000000
50500  5.377  -34.457  76.194 0.0000000000
51512  5.318  -34.026  75.969 0.0000000000
51529  5.364  -34.172  75.514 0.0000000000
51528  5.390  -33.687  75.297 0.0000000000
54798  5.335  -31.085  77.074 0.0000000000
52623  5.550  -33.105  74.560 0.0000000000
54823  5.855  -30.819  74.421 0.0000000000
55956  6.426  -30.473  72.609 0.0000000000
48338  15.208  -36.581  78.077 0.0000000000
42369  24.316  -40.177  78.635 0.0000000000
41277  23.199  -40.672  77.529 0.0000000000
41278  22.141  -41.083  77.295 0.0000000000
40066  21.389  -41.253  77.198 0.0000000000
40055  21.178  -41.207  77.480 0.0000000000
40067  20.366  -41.342  76.938 0.0000000000
42375  19.161  -40.113  78.334 0.0000000000
41260  18.572  -40.268  78.033 0.0000000000
46007  20.643  -38.860  78.626 0.0000000000
46008  19.553  -38.697  78.563 0.0000000000
44787  17.891  -39.007  78.582 0.0000000000
45993  16.600  -38.616  78.987 0.0000000000
47106  16.233  -38.284  79.180 0.0000000000
47123  16.156  -37.884  78.919 0.0000000000
48294  15.117  -37.955  79.663 0.0000000000
40115  5.267  -44.493  74.710 0.0000000000
42423  6.196  -42.814  74.852 0.0000000000
42411  6.782  -42.293  75.292 0.0000000000
43612  7.294  -41.927  75.384 0.0000000000
41280  5.902  -43.434  76.859 0.0000000000
42391  6.812  -42.420  77.023 0.0000000000
43598  7.680  -41.624  75.985 0.0000000000
46031  9.136  -38.863  78.209 0.0000000000
47157  9.123  -37.909  77.909 0.0000000000
48341  7.068  -36.317  78.079 0.0000000000
43525  8.281  -40.685  80.690 0.0000000000
45996  8.508  -38.465  80.211 0.0000000000
48278  7.875  -36.297  81.312 0.0000000000
49370  7.428  -35.638  81.117 0.0000000000
47112  6.628  -35.618  79.691 0.0000000000
47126  7.045  -36.267  79.468 0.0000000000
47141  7.000  -36.299  78.924 0.0000000000
47153  6.628  -35.886  78.476 0.0000000000
47154  6.422  -35.589  78.284 0.0000000000
51478  5.411  -33.383  78.764 0.0000000000
52565  6.145  -31.874  79.207 0.0000000000
53664  5.982  -31.395  78.967 0.0000000000
54765  6.100  -30.322  78.744 0.0000000000
48321  14.429  -36.660  78.830 0.0000000000
40110  17.484  -40.512  75.022 0.0000000000
34005  7.614  -47.078  77.655 0.0000000000
40144  5.513  -44.097  72.859 0.0000000000
43638  7.652  -41.532  73.868 0.0000000000
43657  8.042  -41.021  72.775 0.0000000000
42457  7.469  -41.716  72.542 0.0000000000
42481  6.812  -42.581  71.843 0.0000000000
42500  7.040  -42.831  70.813 0.0000000000
42510  8.202  -41.656  69.801 0.0000000000
48364  6.675  -35.891  76.440 0.0000000000
47174  7.379  -36.482  75.185 0.0000000000
47167  6.405  -35.806  75.367 0.0000000000
47175  6.755  -36.195  74.882 0.0000000000
47203  8.615  -37.145  72.734 0.0000000000
50551  5.586  -34.422  73.652 0.0000000000
48386  5.878  -35.047  73.513 0.0000000000
47195  6.457  -35.751  73.001 0.0000000000
47207  6.483  -35.682  72.136 0.0000000000
47206  6.841  -36.106  72.231 0.0000000000
47194  6.771  -36.184  73.119 0.0000000000
47215  8.620  -37.053  71.749 0.0000000000
47214  9.275  -37.556  71.961 0.0000000000
44924  9.678  -39.130  69.366 0.0000000000
46079  9.107  -37.474  69.279 0.0000000000
46094  9.582  -38.575  68.994 0.0000000000
44925  9.587  -39.315  68.561 0.0000000000
43762  8.978  -40.703  67.344 0.0000000000
42580  8.621  -41.273  67.042 0.0000000000
43786  7.992  -39.948  66.101 0.0000000000
47252  6.990  -36.389  68.056 0.0000000000
47269  6.939  -36.751  67.426 0.0000000000
47287  6.418  -36.993  66.636 0.0000000000
46145  6.770  -37.700  66.505 0.0000000000
44992  6.578  -38.038  66.130 0.0000000000
60190  6.001  -25.406  76.992 0.0000000000
58065  5.822  -27.532  74.357 0.0000000000
57039  6.442  -28.916  73.098 0.0000000000
55955  6.698  -29.723  71.849 0.0000000000
58109  6.211  -27.221  71.572 0.0000000000
58093  6.397  -27.873  72.133 0.0000000000
54891  6.393  -31.109  70.223 0.0000000000
53811  6.345  -31.732  69.521 0.0000000000
54904  6.507  -30.101  69.550 0.0000000000
52701  6.357  -32.221  68.796 0.0000000000
34008  6.206  -47.199  77.655 0.0000000000
35191  9.348  -45.115  80.007 0.0000000000
35199  9.455  -45.298  79.675 0.0000000000
36433  9.429  -44.884  80.204 0.0000000000
37684  10.162  -43.999  80.809 0.0000000000
37691  10.279  -43.941  80.744 0.0000000000
38834  11.011  -42.868  81.676 0.0000000000
38839  11.981  -42.416  81.109 0.0000000000
38868  5.269  -44.772  76.870 0.0000000000
40041  13.522  -41.501  80.233 0.0000000000
40048  12.809  -42.575  79.846 0.0000000000
40065  21.869  -41.228  77.101 0.0000000000
40075  5.323  -44.471  76.725 0.0000000000
41247  23.416  -40.031  78.653 0.0000000000
41253  6.513  -43.689  78.672 0.0000000000
41266  23.940  -40.307  78.383 0.0000000000
41279  21.648  -41.159  77.421 0.0000000000
41285  5.484  -43.891  75.591 0.0000000000
41321  5.630  -43.684  73.863 0.0000000000
42334  10.620  -40.699  82.522 0.0000000000
42337  9.370  -40.673  82.427 0.0000000000
42364  16.189  -40.052  79.043 0.0000000000
42370  24.060  -40.125  78.779 0.0000000000
43559  19.883  -39.961  78.745 0.0000000000
43582  8.808  -40.413  77.669 0.0000000000
43622  8.414  -40.729  73.943 0.0000000000
43637  8.064  -41.137  73.563 0.0000000000
44760  14.816  -39.140  80.298 0.0000000000
44774  8.509  -38.858  80.080 0.0000000000
44805  8.853  -39.509  78.565 0.0000000000
44884  9.294  -39.702  70.655 0.0000000000
44969  8.906  -40.144  67.025 0.0000000000
44974  6.687  -37.901  66.323 0.0000000000
45014  6.478  -38.145  65.814 0.0000000000
45962  11.022  -38.127  82.753 0.0000000000
45964  10.600  -38.319  82.957 0.0000000000
46027  8.898  -38.751  78.704 0.0000000000
46041  9.685  -38.456  74.965 0.0000000000
46121  8.293  -38.185  67.344 0.0000000000
46125  6.681  -37.288  66.686 0.0000000000
46146  6.499  -37.538  66.355 0.0000000000
47099  7.292  -36.187  80.536 0.0000000000
47107  15.543  -38.156  79.555 0.0000000000
47136  18.223  -38.128  78.216 0.0000000000
47150  8.996  -38.178  78.452 0.0000000000
47171  9.657  -37.996  75.329 0.0000000000
47248  8.744  -37.161  69.168 0.0000000000
47253  6.753  -36.306  67.695 0.0000000000
47267  7.999  -37.237  67.759 0.0000000000
47268  7.867  -37.319  67.559 0.0000000000
48265  10.532  -37.262  82.769 0.0000000000
48325  6.922  -36.221  78.448 0.0000000000
48368  5.963  -35.477  75.279 0.0000000000
48446  5.699  -36.263  65.820 0.0000000000
48447  5.870  -36.516  66.150 0.0000000000
48465  5.684  -36.576  65.357 0.0000000000
49358  9.500  -36.564  82.667 0.0000000000
49377  11.118  -35.639  81.986 0.0000000000
49430  5.401  -34.699  76.591 0.0000000000
49469  5.664  -34.747  73.990 0.0000000000
49483  5.781  -34.739  72.589 0.0000000000
50418  10.675  -35.731  82.241 0.0000000000
50443  10.705  -35.025  81.860 0.0000000000
50457  6.635  -33.813  80.116 0.0000000000
50499  5.327  -34.105  76.399 0.0000000000
51441  10.617  -34.960  82.069 0.0000000000
51450  10.904  -34.861  81.545 0.0000000000
51451  10.694  -34.827  81.600 0.0000000000
51622  6.485  -33.368  67.656 0.0000000000
56004  6.434  -29.848  69.303 0.0000000000
60168  6.313  -26.001  78.321 0.0000000000
61280  5.765  -25.342  76.336 0.0000000000
