#!ascii label  , from subject sub-01 vox2ras=TkReg
1442
32926  12.091  -50.296  74.205 0.0000000000
64843  43.870  -21.708  54.344 0.0000000000
42563  31.477  -41.586  66.162 0.0000000000
46068  41.821  -38.523  69.366 0.0000000000
42542  22.968  -41.834  67.071 0.0000000000
36502  20.460  -46.801  75.442 0.0000000000
72407  53.645  -14.892  48.370 0.0000000000
70207  51.138  -16.543  56.937 0.0000000000
56047  37.859  -29.434  63.454 0.0000000000
76498  57.103  -10.401  40.299 0.0000000000
38947  30.969  -44.920  71.513 0.0000000000
35281  15.349  -47.857  74.920 0.0000000000
71338  52.876  -15.955  52.555 0.0000000000
68167  48.955  -18.566  51.751 0.0000000000
63699  43.974  -22.594  58.818 0.0000000000
65885  47.927  -20.544  60.508 0.0000000000
61533  40.773  -25.111  58.576 0.0000000000
47337  37.700  -37.382  63.669 0.0000000000
42533  37.787  -41.808  67.257 0.0000000000
38951  26.679  -44.301  71.828 0.0000000000
37725  25.459  -46.779  76.064 0.0000000000
38979  21.651  -44.870  70.679 0.0000000000
37816  16.686  -45.706  70.374 0.0000000000
42567  26.769  -42.178  66.730 0.0000000000
73399  59.281  -13.555  49.579 0.0000000000
73325  56.715  -12.580  54.518 0.0000000000
67056  47.682  -18.854  55.763 0.0000000000
59267  40.583  -26.867  65.053 0.0000000000
50599  41.935  -34.450  65.451 0.0000000000
74436  55.362  -12.365  45.299 0.0000000000
76457  60.026  -11.111  44.708 0.0000000000
78541  62.096  -8.946  42.393 0.0000000000
38894  30.499  -45.322  74.132 0.0000000000
34042  13.589  -49.232  75.162 0.0000000000
34002  15.037  -48.766  78.175 0.0000000000
32857  13.089  -50.171  78.555 0.0000000000
70320  49.544  -17.049  49.102 0.0000000000
63664  43.203  -22.421  62.045 0.0000000000
65849  44.604  -20.522  62.660 0.0000000000
26958  7.449  -54.635  76.895 0.0000000000
62617  40.140  -24.133  56.301 0.0000000000
43828  32.605  -40.469  64.400 0.0000000000
43825  34.620  -40.212  64.946 0.0000000000
42537  34.365  -41.597  66.689 0.0000000000
41370  24.285  -42.917  69.222 0.0000000000
40157  24.377  -44.585  71.374 0.0000000000
40203  22.093  -43.852  69.436 0.0000000000
42540  24.829  -41.837  67.358 0.0000000000
40198  26.744  -43.430  69.325 0.0000000000
37745  22.677  -46.763  75.585 0.0000000000
72404  56.556  -14.849  48.989 0.0000000000
73351  58.432  -12.835  52.461 0.0000000000
72387  55.715  -14.682  51.122 0.0000000000
71303  51.323  -15.690  54.084 0.0000000000
72312  53.560  -13.790  55.886 0.0000000000
66003  44.235  -20.350  52.539 0.0000000000
67111  46.144  -19.230  53.025 0.0000000000
65959  45.973  -20.161  55.271 0.0000000000
58223  37.136  -27.892  61.946 0.0000000000
58237  39.280  -27.566  61.358 0.0000000000
58188  39.274  -28.363  64.602 0.0000000000
47275  40.032  -38.134  66.322 0.0000000000
49531  40.171  -35.737  64.142 0.0000000000
48422  42.139  -36.502  67.010 0.0000000000
73421  52.157  -13.290  47.475 0.0000000000
74439  52.682  -12.241  44.997 0.0000000000
74403  54.934  -12.745  47.049 0.0000000000
74401  57.132  -12.767  47.417 0.0000000000
79579  60.768  -7.490  40.638 0.0000000000
76495  59.913  -9.899  41.249 0.0000000000
77504  61.110  -10.090  43.779 0.0000000000
75423  58.625  -11.409  42.678 0.0000000000
40220  31.238  -43.709  68.864 0.0000000000
40191  34.057  -44.094  69.375 0.0000000000
38944  33.589  -44.883  71.440 0.0000000000
36505  17.451  -47.289  75.471 0.0000000000
36455  19.265  -47.556  78.058 0.0000000000
35241  17.221  -48.035  77.958 0.0000000000
71390  51.817  -15.579  48.584 0.0000000000
70301  54.317  -16.013  50.573 0.0000000000
69234  51.751  -17.116  49.629 0.0000000000
69193  51.243  -17.607  51.888 0.0000000000
70262  49.964  -17.020  53.667 0.0000000000
63718  44.616  -22.532  56.797 0.0000000000
64803  46.457  -21.531  57.149 0.0000000000
65904  45.581  -21.298  59.707 0.0000000000
53861  37.924  -31.042  62.107 0.0000000000
48395  43.056  -37.190  70.771 0.0000000000
30588  10.557  -51.842  74.239 0.0000000000
30565  11.323  -52.020  77.552 0.0000000000
29404  10.036  -53.380  77.350 0.0000000000
63759  41.840  -22.193  53.469 0.0000000000
62615  41.759  -23.061  56.194 0.0000000000
62576  42.298  -23.585  58.875 0.0000000000
61493  42.401  -24.334  61.939 0.0000000000
46224  35.468  -38.384  62.653 0.0000000000
44982  37.471  -39.495  65.574 0.0000000000
43751  39.378  -40.756  67.622 0.0000000000
40188  36.612  -43.768  69.267 0.0000000000
42486  39.237  -42.225  69.711 0.0000000000
38896  28.553  -45.557  74.066 0.0000000000
37723  27.148  -46.497  76.245 0.0000000000
38916  25.931  -45.527  73.688 0.0000000000
37772  23.281  -46.265  73.600 0.0000000000
37788  20.655  -45.775  72.773 0.0000000000
40229  19.357  -43.805  68.635 0.0000000000
38982  18.992  -44.795  70.562 0.0000000000
37791  18.088  -45.842  72.342 0.0000000000
36542  15.617  -47.066  72.684 0.0000000000
35306  14.169  -47.868  72.308 0.0000000000
34109  12.125  -49.027  71.823 0.0000000000
43831  29.825  -40.559  64.317 0.0000000000
43833  27.935  -40.837  64.348 0.0000000000
42565  29.333  -41.989  66.145 0.0000000000
40196  28.867  -44.328  69.099 0.0000000000
38949  28.879  -44.924  71.479 0.0000000000
74303  59.027  -12.921  55.092 0.0000000000
72343  54.499  -14.010  53.589 0.0000000000
68170  46.266  -18.801  50.694 0.0000000000
68148  48.256  -18.427  53.117 0.0000000000
69141  50.123  -17.632  56.319 0.0000000000
67012  48.681  -20.527  58.113 0.0000000000
67010  50.297  -19.347  57.974 0.0000000000
58301  38.997  -27.162  57.684 0.0000000000
59318  41.423  -26.339  61.950 0.0000000000
60322  42.675  -25.233  64.486 0.0000000000
51651  39.533  -33.640  62.680 0.0000000000
52721  40.671  -31.503  64.827 0.0000000000
49498  43.656  -34.802  68.762 0.0000000000
52704  42.171  -31.942  67.039 0.0000000000
56029  40.253  -29.543  66.213 0.0000000000
58157  41.027  -27.489  67.845 0.0000000000
60271  42.746  -25.978  68.573 0.0000000000
74470  55.955  -12.248  42.554 0.0000000000
74447  58.038  -11.929  44.772 0.0000000000
75376  59.593  -12.033  47.202 0.0000000000
37718  31.274  -45.953  75.209 0.0000000000
32925  12.719  -49.798  74.370 0.0000000000
32890  13.680  -49.488  76.127 0.0000000000
31719  12.673  -50.512  75.933 0.0000000000
63648  43.289  -22.461  62.808 0.0000000000
64723  43.526  -21.762  63.172 0.0000000000
26973  6.518  -54.236  75.605 0.0000000000
42593  31.958  -41.032  65.367 0.0000000000
42592  32.969  -41.039  65.587 0.0000000000
41445  33.138  -41.837  66.740 0.0000000000
41395  23.238  -42.653  68.459 0.0000000000
40202  23.142  -43.497  69.556 0.0000000000
41396  21.762  -42.809  68.098 0.0000000000
43778  23.397  -40.994  65.679 0.0000000000
42541  23.918  -41.828  67.181 0.0000000000
41394  24.545  -42.491  68.586 0.0000000000
36501  21.497  -46.751  75.399 0.0000000000
36486  21.149  -46.896  76.392 0.0000000000
72405  55.608  -14.852  48.612 0.0000000000
72396  56.661  -14.870  49.908 0.0000000000
71375  55.503  -15.320  50.154 0.0000000000
71288  51.239  -15.548  55.105 0.0000000000
71276  52.299  -14.839  56.456 0.0000000000
65993  43.722  -20.981  53.037 0.0000000000
65991  45.077  -20.186  53.613 0.0000000000
65977  44.672  -20.939  54.044 0.0000000000
56056  36.590  -29.317  62.517 0.0000000000
57162  37.596  -28.734  63.207 0.0000000000
58201  38.059  -28.238  63.514 0.0000000000
57151  38.859  -28.810  64.275 0.0000000000
46103  40.746  -38.741  67.323 0.0000000000
47273  41.456  -37.378  66.976 0.0000000000
46082  41.756  -38.066  68.529 0.0000000000
73405  53.401  -14.038  48.028 0.0000000000
73419  54.166  -13.324  47.608 0.0000000000
73404  54.414  -14.089  48.028 0.0000000000
73402  56.392  -14.112  48.280 0.0000000000
77559  58.813  -8.562  40.005 0.0000000000
76497  58.200  -10.437  40.588 0.0000000000
76487  58.747  -10.808  41.191 0.0000000000
75455  57.916  -10.990  40.877 0.0000000000
40194  30.861  -44.203  69.424 0.0000000000
40170  32.495  -44.548  70.288 0.0000000000
38946  31.908  -44.905  71.478 0.0000000000
36506  16.443  -47.604  75.659 0.0000000000
36490  17.295  -47.578  76.426 0.0000000000
35254  16.340  -48.105  76.949 0.0000000000
33991  13.961  -49.105  79.855 0.0000000000
33983  15.800  -48.517  80.150 0.0000000000
71391  50.840  -15.478  48.489 0.0000000000
70334  51.930  -16.285  48.934 0.0000000000
70336  50.162  -16.254  48.752 0.0000000000
69215  49.437  -18.308  50.774 0.0000000000
69214  50.680  -17.825  50.459 0.0000000000
69204  50.502  -17.992  51.410 0.0000000000
70261  50.587  -16.822  53.327 0.0000000000
69195  49.576  -17.920  52.816 0.0000000000
63710  43.808  -22.912  57.546 0.0000000000
63697  45.222  -22.396  58.341 0.0000000000
64778  44.533  -21.824  59.548 0.0000000000
73408  50.673  -13.830  47.845 0.0000000000
29407  10.394  -52.781  75.865 0.0000000000
29415  9.450  -53.193  75.313 0.0000000000
63760  40.695  -22.357  53.213 0.0000000000
63731  42.126  -22.529  55.149 0.0000000000
63733  40.500  -22.969  55.216 0.0000000000
61566  40.085  -24.659  56.850 0.0000000000
62604  40.994  -23.937  57.317 0.0000000000
61532  41.297  -24.594  58.988 0.0000000000
62563  41.978  -24.242  60.264 0.0000000000
61519  41.577  -24.723  59.793 0.0000000000
46225  34.248  -38.815  62.306 0.0000000000
43774  36.252  -40.742  66.101 0.0000000000
44983  36.210  -39.821  65.257 0.0000000000
43773  37.253  -40.629  66.299 0.0000000000
44957  38.782  -39.816  66.483 0.0000000000
43752  38.620  -41.104  67.211 0.0000000000
38968  34.934  -44.524  70.570 0.0000000000
40216  35.651  -43.642  68.730 0.0000000000
40165  36.663  -44.056  70.188 0.0000000000
41345  38.796  -43.104  71.023 0.0000000000
43683  40.376  -41.095  70.731 0.0000000000
38914  27.650  -45.179  73.426 0.0000000000
38915  26.785  -45.265  73.552 0.0000000000
38933  25.838  -44.967  72.819 0.0000000000
38978  22.606  -44.781  70.756 0.0000000000
38954  23.722  -45.134  71.636 0.0000000000
37800  21.958  -45.590  72.032 0.0000000000
37787  21.615  -45.883  72.790 0.0000000000
37801  21.017  -45.506  72.013 0.0000000000
41427  19.658  -42.841  67.044 0.0000000000
39012  16.908  -44.865  68.647 0.0000000000
40207  18.162  -44.316  69.031 0.0000000000
38983  18.010  -45.015  70.611 0.0000000000
37804  18.504  -45.468  71.777 0.0000000000
37792  17.428  -45.921  71.951 0.0000000000
36541  16.789  -46.312  72.231 0.0000000000
36550  16.461  -46.158  71.418 0.0000000000
35307  13.165  -48.555  72.298 0.0000000000
45056  29.996  -39.632  62.803 0.0000000000
45029  29.115  -39.882  63.280 0.0000000000
43803  26.330  -41.292  65.420 0.0000000000
42598  27.078  -41.607  65.557 0.0000000000
42596  28.842  -41.599  65.452 0.0000000000
42566  28.092  -42.008  66.146 0.0000000000
41419  29.566  -43.188  67.631 0.0000000000
41421  27.612  -42.960  67.440 0.0000000000
40172  26.562  -43.651  70.241 0.0000000000
40171  27.399  -44.105  70.204 0.0000000000
38950  27.621  -44.441  71.347 0.0000000000
38913  28.577  -45.275  73.337 0.0000000000
37724  26.279  -46.570  76.060 0.0000000000
30555  10.478  -52.895  79.405 0.0000000000
31692  11.450  -51.710  79.247 0.0000000000
74352  59.552  -12.834  51.840 0.0000000000
73342  57.561  -12.659  53.447 0.0000000000
74335  59.018  -12.488  53.929 0.0000000000
74319  58.175  -12.470  54.885 0.0000000000
74305  57.384  -12.678  55.763 0.0000000000
71354  53.858  -15.736  51.792 0.0000000000
72370  54.615  -14.877  51.968 0.0000000000
72354  53.640  -14.976  52.909 0.0000000000
73313  54.249  -13.264  56.018 0.0000000000
67098  46.698  -18.925  54.364 0.0000000000
68138  46.787  -18.916  53.180 0.0000000000
68116  47.793  -18.328  54.874 0.0000000000
69165  48.901  -17.706  54.775 0.0000000000
68102  48.760  -18.224  55.755 0.0000000000
64775  46.907  -21.523  58.892 0.0000000000
65928  47.565  -20.862  57.462 0.0000000000
65914  48.539  -20.878  58.805 0.0000000000
58279  37.938  -27.717  58.869 0.0000000000
59295  40.316  -27.213  63.218 0.0000000000
59320  40.248  -27.121  61.166 0.0000000000
59294  41.179  -26.654  63.176 0.0000000000
60338  41.987  -25.556  63.217 0.0000000000
60306  41.982  -25.827  65.148 0.0000000000
47366  36.399  -37.651  62.600 0.0000000000
48473  38.098  -36.487  63.080 0.0000000000
49529  41.509  -35.191  65.059 0.0000000000
49559  39.508  -34.968  63.051 0.0000000000
51641  40.396  -33.848  63.606 0.0000000000
52737  39.971  -32.393  63.373 0.0000000000
51626  41.185  -32.943  64.938 0.0000000000
49493  43.436  -35.930  69.736 0.0000000000
53805  42.687  -31.080  68.553 0.0000000000
53822  41.802  -30.778  66.582 0.0000000000
54909  41.451  -29.842  67.513 0.0000000000
57112  40.799  -28.764  67.349 0.0000000000
57096  41.833  -28.623  68.844 0.0000000000
74437  54.330  -12.359  45.239 0.0000000000
74461  55.467  -12.378  43.429 0.0000000000
74460  56.515  -12.196  43.383 0.0000000000
74449  56.020  -12.324  44.356 0.0000000000
74389  58.533  -13.174  48.224 0.0000000000
74400  58.440  -12.571  47.441 0.0000000000
74388  59.665  -12.945  48.718 0.0000000000
74387  60.393  -12.533  49.309 0.0000000000
79566  61.325  -7.918  41.158 0.0000000000
76466  60.463  -10.537  44.170 0.0000000000
76448  61.197  -11.146  46.268 0.0000000000
76441  60.792  -11.313  46.676 0.0000000000
38928  30.809  -45.024  72.391 0.0000000000
38927  31.811  -45.056  72.327 0.0000000000
38893  31.564  -45.297  74.059 0.0000000000
35269  14.296  -48.508  74.865 0.0000000000
35256  15.073  -48.480  76.332 0.0000000000
34030  14.221  -49.176  76.631 0.0000000000
32856  13.628  -49.607  78.144 0.0000000000
32842  13.286  -49.686  80.131 0.0000000000
70322  47.396  -17.067  48.903 0.0000000000
69216  48.116  -18.368  50.342 0.0000000000
64766  43.412  -21.999  60.375 0.0000000000
64765  44.132  -21.504  60.101 0.0000000000
65868  43.698  -21.335  61.659 0.0000000000
65835  44.617  -20.501  63.793 0.0000000000
28225  8.481  -53.791  75.613 0.0000000000
28226  7.333  -53.989  75.379 0.0000000000
26959  6.618  -55.054  76.995 0.0000000000
62646  39.609  -23.427  54.865 0.0000000000
60437  39.999  -25.378  57.422 0.0000000000
45024  34.190  -39.743  63.922 0.0000000000
43827  33.306  -40.452  64.561 0.0000000000
42590  34.501  -40.866  65.879 0.0000000000
42535  35.984  -41.820  66.981 0.0000000000
40174  24.896  -43.681  70.595 0.0000000000
40156  24.899  -44.156  71.367 0.0000000000
40201  24.139  -43.417  69.865 0.0000000000
40176  22.797  -44.216  70.205 0.0000000000
40177  21.865  -44.420  70.061 0.0000000000
37818  15.441  -46.257  69.926 0.0000000000
37839  14.489  -45.901  68.544 0.0000000000
43776  24.935  -41.303  66.204 0.0000000000
42568  25.491  -41.640  66.581 0.0000000000
41423  26.378  -42.548  67.812 0.0000000000
42519  25.588  -42.262  68.172 0.0000000000
41369  25.176  -42.750  69.213 0.0000000000
37744  23.757  -46.947  75.391 0.0000000000
72402  58.017  -14.311  49.819 0.0000000000
73380  59.125  -13.238  51.256 0.0000000000
72384  57.821  -14.042  50.793 0.0000000000
72367  57.081  -13.988  51.326 0.0000000000
73353  56.489  -13.394  52.695 0.0000000000
71322  52.548  -15.466  53.352 0.0000000000
72344  53.402  -14.710  53.586 0.0000000000
72328  52.732  -14.616  54.593 0.0000000000
72302  53.068  -14.296  56.656 0.0000000000
67124  45.520  -19.468  52.001 0.0000000000
67113  44.799  -19.944  52.497 0.0000000000
67077  45.815  -19.689  54.271 0.0000000000
67057  46.794  -19.682  55.741 0.0000000000
65884  48.729  -20.484  60.377 0.0000000000
58258  36.518  -27.558  59.781 0.0000000000
58257  37.460  -27.647  59.919 0.0000000000
58222  38.312  -27.832  62.209 0.0000000000
58209  39.422  -27.720  63.685 0.0000000000
59268  40.000  -27.490  65.222 0.0000000000
47292  38.957  -37.961  65.490 0.0000000000
48453  39.055  -36.865  64.311 0.0000000000
48436  40.031  -36.999  65.335 0.0000000000
48435  40.903  -36.690  65.786 0.0000000000
49514  42.393  -35.496  66.444 0.0000000000
74425  51.529  -12.358  46.081 0.0000000000
74440  51.975  -12.193  45.213 0.0000000000
74424  52.576  -12.340  45.910 0.0000000000
74423  53.631  -12.375  46.079 0.0000000000
74422  54.652  -12.421  46.176 0.0000000000
74420  56.831  -12.410  46.412 0.0000000000
74402  55.984  -12.761  47.180 0.0000000000
73416  56.962  -13.390  48.044 0.0000000000
79581  59.197  -7.708  39.895 0.0000000000
78560  59.956  -8.339  40.427 0.0000000000
77533  61.437  -9.024  42.148 0.0000000000
77515  61.503  -9.625  43.105 0.0000000000
76485  60.605  -9.944  42.201 0.0000000000
76480  59.926  -10.739  42.827 0.0000000000
75414  59.214  -11.285  43.861 0.0000000000
41417  31.814  -42.548  67.522 0.0000000000
41416  32.917  -42.463  67.384 0.0000000000
40219  32.291  -43.637  68.847 0.0000000000
40168  33.799  -44.459  70.031 0.0000000000
40151  35.139  -44.878  71.945 0.0000000000
36504  18.410  -46.995  75.409 0.0000000000
36470  19.694  -47.184  77.320 0.0000000000
36471  18.772  -47.453  77.244 0.0000000000
36456  18.397  -47.794  78.051 0.0000000000
35227  16.107  -48.335  78.303 0.0000000000
35198  16.667  -48.137  79.930 0.0000000000
72408  52.612  -14.831  48.361 0.0000000000
71377  54.130  -15.991  49.423 0.0000000000
71378  53.454  -16.188  49.176 0.0000000000
70303  52.931  -16.943  50.288 0.0000000000
70290  52.891  -16.832  51.375 0.0000000000
69235  51.004  -17.361  49.695 0.0000000000
69203  51.409  -17.717  51.035 0.0000000000
70277  51.932  -16.968  52.230 0.0000000000
70260  51.364  -16.584  52.988 0.0000000000
71304  50.628  -16.142  54.302 0.0000000000
70225  50.685  -16.000  55.180 0.0000000000
64829  44.200  -21.809  54.901 0.0000000000
64827  45.446  -21.475  55.654 0.0000000000
63717  45.226  -22.399  57.325 0.0000000000
64788  46.342  -21.861  58.212 0.0000000000
65903  46.368  -21.074  59.763 0.0000000000
65887  45.402  -20.684  60.482 0.0000000000
65865  46.260  -19.826  61.304 0.0000000000
66984  47.042  -19.803  61.228 0.0000000000
54956  37.840  -30.231  62.972 0.0000000000
47223  42.362  -38.082  70.160 0.0000000000
74426  50.632  -12.345  46.159 0.0000000000
73422  51.203  -13.317  47.418 0.0000000000
73407  51.426  -13.914  47.938 0.0000000000
78562  56.434  -7.683  39.861 0.0000000000
77547  55.750  -9.315  39.952 0.0000000000
30587  11.248  -51.498  74.859 0.0000000000
31720  12.200  -51.201  76.346 0.0000000000
30572  11.106  -52.223  76.355 0.0000000000
29399  10.610  -52.869  77.900 0.0000000000
29396  9.874  -53.578  79.004 0.0000000000
28211  8.932  -54.254  77.369 0.0000000000
64878  42.730  -21.437  52.611 0.0000000000
64860  42.263  -21.943  52.951 0.0000000000
63742  43.317  -21.937  54.419 0.0000000000
63730  43.482  -22.223  55.220 0.0000000000
63720  42.482  -22.839  56.102 0.0000000000
63700  43.004  -23.190  58.271 0.0000000000
62616  41.035  -23.315  56.070 0.0000000000
62591  42.099  -23.589  57.803 0.0000000000
63688  42.957  -22.963  59.363 0.0000000000
63679  42.937  -22.673  60.436 0.0000000000
63649  43.097  -23.046  62.401 0.0000000000
62523  42.981  -23.737  62.935 0.0000000000
46201  36.907  -38.029  63.715 0.0000000000
45023  35.464  -39.141  63.656 0.0000000000
45001  36.441  -39.074  64.515 0.0000000000
46155  37.589  -38.600  65.090 0.0000000000
46130  38.792  -38.895  66.023 0.0000000000
44956  39.591  -39.390  66.791 0.0000000000
44906  40.775  -39.696  68.683 0.0000000000
41383  34.886  -42.934  68.045 0.0000000000
41382  35.978  -42.970  68.010 0.0000000000
41381  36.911  -42.886  68.014 0.0000000000
40148  37.476  -43.856  70.759 0.0000000000
41366  38.037  -43.145  69.441 0.0000000000
41379  38.573  -42.363  68.570 0.0000000000
42503  39.562  -41.546  69.214 0.0000000000
43708  40.200  -40.786  69.624 0.0000000000
44871  41.402  -39.703  70.566 0.0000000000
37738  29.267  -46.123  75.135 0.0000000000
38881  27.687  -46.025  74.839 0.0000000000
37741  26.643  -46.181  75.212 0.0000000000
37742  25.675  -46.447  75.261 0.0000000000
38934  24.929  -45.396  72.833 0.0000000000
37784  24.391  -45.734  73.059 0.0000000000
37757  24.017  -46.579  74.456 0.0000000000
37758  22.977  -46.535  74.556 0.0000000000
37759  21.869  -46.535  74.624 0.0000000000
37761  20.434  -46.420  74.231 0.0000000000
41397  20.591  -43.101  67.899 0.0000000000
40228  20.331  -43.729  68.655 0.0000000000
40205  20.032  -44.281  69.558 0.0000000000
40230  18.421  -43.865  68.318 0.0000000000
38999  19.267  -44.513  69.922 0.0000000000
38981  19.927  -44.721  70.487 0.0000000000
37802  20.112  -45.361  71.999 0.0000000000
37776  19.347  -46.001  73.180 0.0000000000
36530  18.996  -46.300  73.647 0.0000000000
36531  17.883  -46.326  73.267 0.0000000000
36532  16.778  -46.821  73.516 0.0000000000
36533  16.061  -47.235  73.867 0.0000000000
36551  15.771  -46.494  71.200 0.0000000000
36543  14.825  -47.432  72.352 0.0000000000
35294  14.479  -48.010  73.474 0.0000000000
35295  13.763  -48.444  73.204 0.0000000000
34070  12.908  -49.330  73.698 0.0000000000
32939  12.324  -49.790  73.558 0.0000000000
31744  11.136  -50.521  72.932 0.0000000000
31745  10.374  -51.119  73.003 0.0000000000
45027  31.597  -39.736  62.933 0.0000000000
43830  30.796  -40.477  64.270 0.0000000000
42594  30.865  -41.279  65.491 0.0000000000
43832  28.906  -40.730  64.316 0.0000000000
42595  29.841  -41.432  65.517 0.0000000000
42564  30.415  -41.787  66.185 0.0000000000
41418  30.736  -42.789  67.549 0.0000000000
40221  30.288  -43.837  68.709 0.0000000000
38996  29.535  -44.690  69.873 0.0000000000
40224  27.230  -43.505  68.615 0.0000000000
38997  28.584  -44.569  69.886 0.0000000000
38948  29.966  -44.994  71.513 0.0000000000
38912  29.604  -45.296  73.322 0.0000000000
38895  29.519  -45.506  74.079 0.0000000000
31708  11.969  -51.325  77.476 0.0000000000
32850  12.352  -50.653  79.590 0.0000000000
74353  58.816  -12.839  52.297 0.0000000000
71366  54.871  -15.550  50.676 0.0000000000
72369  55.418  -14.514  51.725 0.0000000000
73344  55.463  -13.393  53.666 0.0000000000
72326  54.400  -13.712  54.315 0.0000000000
73327  54.710  -13.325  54.884 0.0000000000
74321  56.321  -12.583  55.428 0.0000000000
69217  47.009  -18.320  50.127 0.0000000000
68168  48.260  -18.695  51.303 0.0000000000
68160  46.407  -19.079  51.647 0.0000000000
68159  47.410  -18.887  51.881 0.0000000000
68157  48.971  -18.380  52.533 0.0000000000
69182  49.303  -17.543  53.729 0.0000000000
70227  49.599  -17.073  54.865 0.0000000000
70216  50.448  -16.852  56.084 0.0000000000
65943  46.380  -20.874  56.252 0.0000000000
67041  46.965  -20.185  56.344 0.0000000000
67040  47.596  -19.780  56.515 0.0000000000
66998  49.627  -20.208  59.576 0.0000000000
67011  49.365  -20.138  58.389 0.0000000000
67025  49.526  -19.255  57.179 0.0000000000
68083  50.128  -18.761  57.072 0.0000000000
69134  50.758  -17.653  57.146 0.0000000000
59371  38.979  -26.522  56.969 0.0000000000
59356  40.244  -26.492  58.839 0.0000000000
59334  39.912  -27.175  60.341 0.0000000000
59345  40.489  -26.606  59.707 0.0000000000
60384  41.114  -25.915  60.177 0.0000000000
61494  41.956  -24.829  61.482 0.0000000000
61460  42.422  -24.932  63.144 0.0000000000
61438  43.387  -24.408  64.697 0.0000000000
48496  38.596  -35.916  62.990 0.0000000000
51653  38.776  -32.482  62.150 0.0000000000
53852  38.879  -31.062  63.139 0.0000000000
54944  39.586  -30.374  64.234 0.0000000000
48407  42.571  -37.165  69.150 0.0000000000
48414  42.929  -36.131  68.049 0.0000000000
50585  43.133  -34.582  67.497 0.0000000000
51602  43.087  -32.812  68.406 0.0000000000
51618  42.330  -33.409  66.365 0.0000000000
52713  41.663  -31.608  66.202 0.0000000000
53829  40.700  -30.607  65.574 0.0000000000
56037  39.590  -29.398  65.065 0.0000000000
57137  39.763  -28.744  65.828 0.0000000000
58173  39.964  -27.939  66.117 0.0000000000
59251  40.435  -27.250  66.082 0.0000000000
58129  42.052  -27.807  69.195 0.0000000000
59224  41.528  -27.084  68.289 0.0000000000
60292  41.948  -25.958  66.217 0.0000000000
60291  42.697  -25.635  66.601 0.0000000000
76499  56.064  -10.360  40.271 0.0000000000
75457  56.464  -11.093  40.707 0.0000000000
75425  57.304  -11.795  41.804 0.0000000000
75407  57.896  -11.714  43.642 0.0000000000
75396  58.678  -11.812  45.061 0.0000000000
74419  57.962  -12.305  46.587 0.0000000000
75387  58.772  -11.955  45.929 0.0000000000
75386  59.578  -11.673  46.321 0.0000000000
75375  60.515  -11.700  47.376 0.0000000000
37720  29.990  -46.285  75.487 0.0000000000
37719  30.782  -46.100  75.275 0.0000000000
32909  12.504  -50.204  74.887 0.0000000000
31729  12.575  -50.327  75.335 0.0000000000
63629  43.396  -22.679  63.817 0.0000000000
64709  43.620  -21.677  64.233 0.0000000000
42562  32.498  -41.449  66.156 0.0000000000
41446  32.140  -41.975  66.823 0.0000000000
41424  22.961  -42.173  67.712 0.0000000000
41425  22.285  -42.249  67.510 0.0000000000
42522  23.436  -42.116  67.678 0.0000000000
72406  54.656  -14.871  48.422 0.0000000000
71386  55.595  -15.289  49.367 0.0000000000
71387  54.826  -15.482  49.011 0.0000000000
71277  51.538  -15.541  56.194 0.0000000000
71269  52.016  -15.501  57.442 0.0000000000
64857  44.282  -21.222  53.944 0.0000000000
64842  44.643  -21.366  54.579 0.0000000000
56055  37.144  -29.514  62.913 0.0000000000
57161  38.214  -28.780  63.779 0.0000000000
56046  38.497  -29.414  63.915 0.0000000000
46083  41.284  -38.877  68.410 0.0000000000
46102  41.406  -38.260  67.817 0.0000000000
77545  57.790  -9.553  40.057 0.0000000000
38973  31.156  -44.782  70.703 0.0000000000
38994  31.319  -44.553  70.054 0.0000000000
36507  15.812  -47.695  75.279 0.0000000000
35267  15.611  -47.985  75.804 0.0000000000
71392  49.827  -15.459  48.443 0.0000000000
69205  49.680  -18.252  51.946 0.0000000000
64790  44.730  -22.163  58.987 0.0000000000
64791  44.281  -22.134  59.241 0.0000000000
63745  40.194  -22.862  54.575 0.0000000000
61547  40.414  -24.841  57.562 0.0000000000
61546  40.997  -24.486  58.188 0.0000000000
61520  41.126  -25.212  59.476 0.0000000000
42557  36.548  -41.303  66.585 0.0000000000
42556  37.268  -41.373  66.783 0.0000000000
43753  37.829  -41.143  66.772 0.0000000000
42532  38.318  -41.778  67.533 0.0000000000
40150  35.959  -44.558  71.641 0.0000000000
40166  35.644  -44.389  70.476 0.0000000000
38932  26.725  -44.797  72.700 0.0000000000
38952  25.786  -44.379  72.040 0.0000000000
38955  22.356  -45.248  71.373 0.0000000000
38956  21.363  -45.232  71.310 0.0000000000
39002  16.580  -45.374  69.382 0.0000000000
38984  17.211  -45.232  70.125 0.0000000000
37815  17.328  -45.462  70.769 0.0000000000
37806  16.977  -45.878  71.296 0.0000000000
37807  16.360  -46.036  70.925 0.0000000000
42599  26.203  -41.565  65.959 0.0000000000
41450  27.810  -42.647  66.893 0.0000000000
41451  27.249  -42.664  67.114 0.0000000000
40154  26.573  -43.897  70.990 0.0000000000
38931  27.633  -44.821  72.522 0.0000000000
30550  10.456  -52.595  80.205 0.0000000000
74379  59.957  -13.085  49.774 0.0000000000
74365  59.916  -12.982  50.691 0.0000000000
73392  59.242  -13.499  50.403 0.0000000000
73343  56.835  -12.788  53.775 0.0000000000
74336  57.797  -12.512  53.989 0.0000000000
74337  57.083  -12.543  54.346 0.0000000000
74320  56.976  -12.452  55.027 0.0000000000
70275  53.329  -16.117  51.958 0.0000000000
71337  53.635  -15.398  52.435 0.0000000000
67075  47.004  -18.831  54.947 0.0000000000
68103  48.177  -18.375  55.475 0.0000000000
67055  48.276  -18.583  55.882 0.0000000000
65902  47.576  -21.075  59.657 0.0000000000
65915  47.725  -21.228  58.442 0.0000000000
65901  48.525  -20.779  59.806 0.0000000000
59281  40.849  -26.779  64.052 0.0000000000
59280  41.541  -26.232  63.725 0.0000000000
59266  41.345  -26.303  64.665 0.0000000000
47365  37.355  -36.755  62.566 0.0000000000
50604  41.411  -34.517  64.763 0.0000000000
50605  40.938  -34.495  64.256 0.0000000000
51632  41.250  -33.955  64.538 0.0000000000
51633  40.849  -33.371  64.254 0.0000000000
51625  41.542  -33.481  65.139 0.0000000000
53804  43.111  -31.089  69.123 0.0000000000
54908  41.867  -30.211  67.687 0.0000000000
55991  42.462  -29.905  68.824 0.0000000000
56008  41.482  -29.625  67.903 0.0000000000
55992  41.959  -29.536  68.574 0.0000000000
74450  54.938  -12.389  44.357 0.0000000000
74451  53.967  -12.397  44.342 0.0000000000
73400  58.556  -13.943  49.067 0.0000000000
78548  61.591  -8.578  41.794 0.0000000000
78547  62.180  -8.440  41.497 0.0000000000
78540  62.418  -9.043  42.019 0.0000000000
77524  62.366  -9.373  42.537 0.0000000000
76456  60.526  -10.861  45.204 0.0000000000
76455  61.236  -10.738  45.378 0.0000000000
76449  60.745  -11.056  46.050 0.0000000000
75394  60.198  -11.270  45.940 0.0000000000
38911  30.657  -45.195  73.293 0.0000000000
34055  13.810  -48.868  74.701 0.0000000000
34040  14.662  -48.639  75.907 0.0000000000
34041  14.175  -48.956  75.614 0.0000000000
32872  13.176  -50.168  77.562 0.0000000000
32871  13.659  -49.565  77.112 0.0000000000
32848  13.527  -49.653  79.173 0.0000000000
69238  47.767  -17.821  49.481 0.0000000000
64752  43.226  -21.972  61.305 0.0000000000
64738  43.447  -21.829  62.242 0.0000000000
28234  7.091  -53.472  74.489 0.0000000000
26965  6.148  -54.697  76.083 0.0000000000
43855  32.404  -40.178  63.757 0.0000000000
43854  33.230  -40.166  64.029 0.0000000000
42560  34.090  -41.277  66.248 0.0000000000
42591  33.772  -40.959  65.727 0.0000000000
42559  34.779  -41.251  66.364 0.0000000000
42558  35.615  -41.229  66.388 0.0000000000
42536  35.042  -41.689  66.903 0.0000000000
40200  25.013  -43.196  69.868 0.0000000000
40226  22.303  -43.251  68.857 0.0000000000
42569  24.519  -41.510  66.640 0.0000000000
43777  24.342  -41.149  65.958 0.0000000000
42539  25.854  -42.084  67.607 0.0000000000
37728  22.842  -46.902  76.264 0.0000000000
72403  57.489  -14.512  49.365 0.0000000000
72386  56.259  -14.595  50.780 0.0000000000
72368  56.586  -14.120  51.378 0.0000000000
73366  56.157  -13.903  51.963 0.0000000000
71302  52.021  -15.120  54.383 0.0000000000
72345  52.638  -14.937  53.953 0.0000000000
67114  44.214  -20.146  52.063 0.0000000000
65976  45.296  -20.486  54.387 0.0000000000
67100  45.579  -19.728  53.587 0.0000000000
65975  45.804  -19.902  54.702 0.0000000000
67076  46.293  -19.415  54.770 0.0000000000
58239  36.664  -27.711  60.810 0.0000000000
58238  37.937  -27.701  61.059 0.0000000000
58200  38.789  -28.214  63.982 0.0000000000
58210  38.555  -27.906  63.199 0.0000000000
58199  39.515  -27.869  64.560 0.0000000000
47309  39.609  -37.165  65.132 0.0000000000
47291  39.796  -37.659  65.745 0.0000000000
48423  41.296  -37.080  66.551 0.0000000000
48434  41.851  -36.084  66.186 0.0000000000
74406  51.877  -12.729  46.818 0.0000000000
74405  52.885  -12.695  46.867 0.0000000000
74404  53.908  -12.733  46.947 0.0000000000
73417  56.170  -13.362  47.833 0.0000000000
73401  57.495  -13.935  48.459 0.0000000000
77544  58.989  -9.186  40.293 0.0000000000
78561  59.249  -8.219  40.060 0.0000000000
77543  60.109  -9.261  40.977 0.0000000000
77542  60.676  -8.864  41.250 0.0000000000
77534  60.836  -9.329  41.799 0.0000000000
77535  60.207  -9.737  41.436 0.0000000000
75437  58.769  -11.211  41.904 0.0000000000
75436  59.315  -11.029  42.447 0.0000000000
76474  59.879  -10.881  43.599 0.0000000000
75422  59.271  -11.183  43.132 0.0000000000
41386  31.516  -43.130  68.219 0.0000000000
38971  32.922  -44.697  70.771 0.0000000000
40169  32.989  -44.486  70.138 0.0000000000
38970  33.667  -44.678  70.716 0.0000000000
38943  34.360  -44.795  71.339 0.0000000000
40152  34.338  -45.102  72.097 0.0000000000
36488  19.102  -47.148  76.357 0.0000000000
36489  18.153  -47.328  76.356 0.0000000000
36457  17.698  -47.908  77.798 0.0000000000
35225  17.663  -48.000  78.571 0.0000000000
35224  18.351  -47.981  78.779 0.0000000000
35209  17.908  -48.062  79.356 0.0000000000
35244  15.356  -48.503  77.265 0.0000000000
35228  15.608  -48.478  77.905 0.0000000000
34001  15.592  -48.510  78.336 0.0000000000
71389  52.823  -15.862  48.745 0.0000000000
70317  52.063  -16.723  49.285 0.0000000000
70316  52.730  -16.673  49.420 0.0000000000
69212  52.255  -17.162  49.945 0.0000000000
69202  52.207  -17.334  50.726 0.0000000000
69236  50.040  -17.664  49.718 0.0000000000
70291  51.967  -17.351  51.466 0.0000000000
70240  50.261  -16.555  54.028 0.0000000000
71289  50.753  -15.936  54.743 0.0000000000
70226  50.128  -16.541  55.071 0.0000000000
63729  44.283  -22.360  55.999 0.0000000000
64815  44.838  -22.186  56.166 0.0000000000
64789  45.475  -22.205  58.543 0.0000000000
64776  46.046  -21.775  59.167 0.0000000000
65867  44.409  -20.705  61.446 0.0000000000
65888  44.461  -20.956  60.489 0.0000000000
65866  45.606  -19.902  61.719 0.0000000000
66963  46.115  -19.481  62.037 0.0000000000
66962  46.572  -19.609  61.600 0.0000000000
66945  47.088  -19.074  61.996 0.0000000000
53862  37.226  -30.767  61.781 0.0000000000
54964  37.195  -30.344  62.435 0.0000000000
74408  49.977  -12.762  46.818 0.0000000000
74407  50.902  -12.802  46.818 0.0000000000
73423  50.175  -13.406  47.463 0.0000000000
72409  51.601  -14.708  48.302 0.0000000000
78578  56.246  -8.389  39.793 0.0000000000
30580  10.786  -52.142  75.262 0.0000000000
29408  9.901  -53.338  76.403 0.0000000000
29403  10.590  -52.789  76.902 0.0000000000
30560  10.462  -53.082  78.663 0.0000000000
29400  10.022  -53.452  78.203 0.0000000000
28217  7.844  -54.235  76.307 0.0000000000
28216  8.697  -54.105  76.570 0.0000000000
28212  8.163  -54.430  77.131 0.0000000000
64861  41.536  -22.053  52.803 0.0000000000
63758  42.428  -22.019  53.466 0.0000000000
63743  42.610  -22.098  54.163 0.0000000000
63721  41.686  -22.865  55.777 0.0000000000
63711  42.819  -23.135  57.147 0.0000000000
62629  40.173  -23.368  55.383 0.0000000000
62592  41.583  -24.061  58.432 0.0000000000
62562  42.378  -23.535  59.902 0.0000000000
62548  42.429  -23.817  61.044 0.0000000000
62536  42.806  -23.715  62.052 0.0000000000
46223  36.054  -38.113  62.831 0.0000000000
46202  36.284  -38.253  63.244 0.0000000000
45003  34.519  -40.010  64.560 0.0000000000
45002  35.258  -39.790  64.717 0.0000000000
45000  37.149  -38.829  64.933 0.0000000000
46154  38.346  -38.493  65.459 0.0000000000
44981  38.334  -39.169  65.899 0.0000000000
44929  39.209  -40.412  67.188 0.0000000000
44928  39.966  -39.881  67.562 0.0000000000
44927  40.745  -39.341  67.952 0.0000000000
44907  40.265  -40.305  68.702 0.0000000000
40218  33.354  -43.581  68.748 0.0000000000
41384  33.717  -42.933  68.069 0.0000000000
40215  36.623  -43.371  68.514 0.0000000000
40214  37.202  -43.131  68.415 0.0000000000
42464  39.405  -42.422  70.776 0.0000000000
41356  38.745  -42.867  70.087 0.0000000000
41365  38.623  -42.614  69.143 0.0000000000
42504  38.965  -42.028  68.872 0.0000000000
43707  40.674  -40.232  69.856 0.0000000000
38880  28.499  -45.957  74.650 0.0000000000
37739  28.350  -46.238  75.343 0.0000000000
38898  26.849  -45.760  74.421 0.0000000000
38899  26.290  -45.834  74.220 0.0000000000
37755  25.835  -46.024  74.321 0.0000000000
38953  24.909  -44.732  72.021 0.0000000000
37785  23.609  -45.813  72.717 0.0000000000
38935  24.164  -45.535  72.536 0.0000000000
37771  24.214  -46.083  73.644 0.0000000000
37773  22.260  -46.238  73.643 0.0000000000
37774  21.259  -46.144  73.610 0.0000000000
37760  20.963  -46.429  74.238 0.0000000000
37775  20.222  -46.114  73.606 0.0000000000
41398  19.545  -43.377  67.928 0.0000000000
40245  17.726  -43.827  67.595 0.0000000000
40231  17.502  -44.360  68.292 0.0000000000
39000  18.481  -44.598  69.794 0.0000000000
38958  19.573  -44.981  71.282 0.0000000000
37790  18.927  -45.746  72.464 0.0000000000
37777  18.641  -46.034  72.980 0.0000000000
36519  18.699  -46.644  74.420 0.0000000000
36561  15.508  -46.390  70.392 0.0000000000
35318  14.088  -47.671  71.547 0.0000000000
36552  14.671  -47.282  71.493 0.0000000000
35305  14.874  -47.588  72.931 0.0000000000
35308  12.602  -48.893  72.053 0.0000000000
34088  13.145  -48.887  73.160 0.0000000000
34089  12.425  -49.311  72.687 0.0000000000
32953  11.568  -49.909  72.583 0.0000000000
31750  11.067  -50.221  72.513 0.0000000000
31751  10.600  -50.454  72.396 0.0000000000
43857  30.271  -40.124  63.589 0.0000000000
42616  31.238  -40.821  64.877 0.0000000000
42617  30.307  -40.902  64.920 0.0000000000
43860  27.484  -40.398  63.695 0.0000000000
43859  28.506  -40.372  63.732 0.0000000000
41448  29.998  -42.463  66.822 0.0000000000
40243  28.754  -43.515  67.876 0.0000000000
41388  29.931  -43.592  68.199 0.0000000000
40222  29.350  -43.861  68.379 0.0000000000
40195  29.891  -44.303  69.214 0.0000000000
40225  26.764  -43.225  68.726 0.0000000000
38976  28.259  -44.573  70.583 0.0000000000
38998  27.983  -44.384  69.978 0.0000000000
38975  29.222  -44.852  70.647 0.0000000000
38929  29.751  -45.119  72.413 0.0000000000
38930  28.650  -45.011  72.418 0.0000000000
38879  29.438  -45.797  74.598 0.0000000000
37722  28.113  -46.411  76.032 0.0000000000
36454  20.190  -47.481  78.141 0.0000000000
30571  11.645  -51.683  76.806 0.0000000000
31709  11.643  -51.510  78.042 0.0000000000
31684  11.724  -51.205  80.448 0.0000000000
31691  11.852  -51.190  79.753 0.0000000000
32844  12.153  -50.762  80.329 0.0000000000
32843  12.618  -50.186  80.286 0.0000000000
32836  12.375  -50.537  81.004 0.0000000000
73364  58.527  -13.115  51.847 0.0000000000
73363  59.086  -13.038  51.652 0.0000000000
74318  59.212  -12.815  54.657 0.0000000000
70314  54.129  -16.219  50.033 0.0000000000
71376  54.808  -15.766  49.877 0.0000000000
72353  54.298  -14.716  52.619 0.0000000000
72352  54.973  -14.192  52.699 0.0000000000
73354  55.607  -13.900  52.541 0.0000000000
72342  55.119  -13.865  53.107 0.0000000000
72327  53.730  -13.961  54.718 0.0000000000
73312  55.344  -12.859  56.032 0.0000000000
73311  55.995  -12.668  55.626 0.0000000000
74306  56.317  -12.700  56.032 0.0000000000
69218  45.977  -18.259  49.975 0.0000000000
68169  47.261  -18.781  50.969 0.0000000000
67123  46.057  -19.246  52.373 0.0000000000
68149  47.468  -18.765  52.768 0.0000000000
68158  48.250  -18.701  52.221 0.0000000000
68147  48.912  -18.009  53.301 0.0000000000
68135  48.895  -17.839  53.681 0.0000000000
69152  49.437  -17.533  55.467 0.0000000000
69164  49.257  -17.349  54.574 0.0000000000
69151  50.010  -17.126  55.746 0.0000000000
64814  45.609  -21.850  56.454 0.0000000000
65944  45.804  -21.302  55.933 0.0000000000
64813  46.173  -21.439  56.600 0.0000000000
65927  48.248  -20.797  57.999 0.0000000000
65942  47.183  -20.495  56.772 0.0000000000
67027  47.696  -20.312  57.024 0.0000000000
67026  48.409  -20.086  57.383 0.0000000000
66997  50.396  -19.677  59.053 0.0000000000
67024  50.203  -19.039  57.407 0.0000000000
58329  38.960  -26.879  57.255 0.0000000000
60416  39.723  -26.284  57.654 0.0000000000
59357  39.676  -26.775  58.194 0.0000000000
58256  38.786  -27.623  59.928 0.0000000000
59319  40.953  -26.679  61.444 0.0000000000
59333  40.698  -26.684  60.605 0.0000000000
60368  41.123  -26.297  60.835 0.0000000000
60383  41.475  -25.484  60.496 0.0000000000
60367  41.556  -25.823  61.128 0.0000000000
60337  42.425  -25.226  63.721 0.0000000000
61459  42.920  -24.546  63.629 0.0000000000
61439  43.116  -24.673  64.371 0.0000000000
48452  39.898  -36.535  64.647 0.0000000000
48472  38.977  -36.386  63.705 0.0000000000
48471  39.733  -36.032  63.998 0.0000000000
50620  39.568  -34.252  62.811 0.0000000000
50621  39.125  -34.080  62.374 0.0000000000
51662  38.730  -33.452  61.956 0.0000000000
51652  39.237  -33.004  62.427 0.0000000000
52729  40.279  -31.961  64.114 0.0000000000
52738  39.586  -31.885  63.232 0.0000000000
52730  39.859  -31.402  63.827 0.0000000000
53844  39.489  -30.939  63.739 0.0000000000
53843  39.901  -30.961  64.324 0.0000000000
48396  42.708  -37.650  70.420 0.0000000000
48401  42.619  -37.441  69.963 0.0000000000
48400  43.007  -36.756  69.889 0.0000000000
49492  43.799  -35.049  69.563 0.0000000000
49499  43.425  -35.627  68.822 0.0000000000
49506  43.281  -35.197  67.987 0.0000000000
50584  43.400  -34.390  68.044 0.0000000000
52698  42.845  -32.290  68.540 0.0000000000
51596  43.367  -32.594  68.964 0.0000000000
51610  42.632  -32.695  67.638 0.0000000000
52712  41.667  -32.558  65.859 0.0000000000
54919  41.349  -30.094  66.910 0.0000000000
53828  41.180  -30.901  65.949 0.0000000000
54926  40.322  -30.128  65.602 0.0000000000
54934  39.898  -30.155  64.924 0.0000000000
56030  39.923  -29.531  65.683 0.0000000000
57136  39.949  -29.159  66.146 0.0000000000
58144  40.957  -28.152  67.837 0.0000000000
58159  40.151  -28.068  66.587 0.0000000000
58158  40.546  -27.820  67.148 0.0000000000
58172  40.325  -27.658  66.563 0.0000000000
59237  40.573  -27.334  66.754 0.0000000000
57080  42.344  -28.566  69.385 0.0000000000
58113  42.579  -27.995  69.723 0.0000000000
59208  42.279  -26.844  69.089 0.0000000000
59223  42.003  -26.444  68.042 0.0000000000
59236  41.225  -26.745  67.112 0.0000000000
59235  41.956  -26.300  67.443 0.0000000000
60279  42.578  -25.850  67.553 0.0000000000
77548  54.687  -9.293  40.590 0.0000000000
74453  52.329  -12.137  44.394 0.0000000000
74487  55.532  -12.059  41.865 0.0000000000
75440  55.888  -11.636  41.275 0.0000000000
74486  56.345  -12.012  41.840 0.0000000000
75439  56.874  -11.616  41.325 0.0000000000
74469  56.972  -12.020  42.439 0.0000000000
74448  57.303  -12.019  44.311 0.0000000000
74459  57.353  -11.918  43.243 0.0000000000
75406  58.419  -11.647  44.240 0.0000000000
74399  59.256  -12.558  47.902 0.0000000000
75377  58.879  -12.092  46.713 0.0000000000
75367  59.953  -12.209  47.943 0.0000000000
75366  60.586  -12.108  48.472 0.0000000000
80621  59.913  -6.668  40.035 0.0000000000
80632  60.391  -5.919  40.000 0.0000000000
80620  60.464  -6.433  40.159 0.0000000000
77503  61.601  -9.937  43.851 0.0000000000
37736  30.971  -45.712  75.038 0.0000000000
34056  13.268  -49.304  74.536 0.0000000000
32907  13.636  -49.354  75.568 0.0000000000
32908  13.105  -49.810  75.374 0.0000000000
32891  13.209  -50.075  76.507 0.0000000000
43802  32.167  -40.697  64.787 0.0000000000
43801  32.750  -40.738  64.966 0.0000000000
42561  33.370  -41.361  66.185 0.0000000000
41444  33.812  -41.640  66.630 0.0000000000
41371  23.684  -43.105  69.285 0.0000000000
42570  23.632  -41.413  66.479 0.0000000000
42521  24.163  -42.169  67.896 0.0000000000
37746  22.046  -46.689  75.319 0.0000000000
36485  22.265  -46.859  76.330 0.0000000000
36468  21.786  -46.993  77.289 0.0000000000
71385  56.077  -15.088  49.740 0.0000000000
71364  55.900  -14.817  50.658 0.0000000000
71287  52.010  -14.892  55.385 0.0000000000
65992  44.437  -20.624  53.300 0.0000000000
57172  36.813  -28.604  62.526 0.0000000000
58211  37.627  -28.004  62.901 0.0000000000
46128  40.204  -38.484  66.658 0.0000000000
47274  40.685  -37.728  66.492 0.0000000000
47256  41.230  -37.937  67.249 0.0000000000
47255  41.829  -37.535  67.738 0.0000000000
73420  53.153  -13.277  47.569 0.0000000000
73418  55.178  -13.350  47.682 0.0000000000
73403  55.414  -14.115  48.102 0.0000000000
76496  59.364  -10.080  40.916 0.0000000000
75438  57.894  -11.338  41.341 0.0000000000
40193  32.034  -44.265  69.689 0.0000000000
38972  32.077  -44.671  70.624 0.0000000000
38945  32.778  -44.886  71.465 0.0000000000
36491  16.690  -47.845  76.610 0.0000000000
35242  16.642  -48.134  77.644 0.0000000000
33990  14.874  -48.828  79.438 0.0000000000
33989  15.642  -48.539  78.957 0.0000000000
70335  51.112  -16.254  48.796 0.0000000000
70318  51.402  -16.815  49.208 0.0000000000
69237  48.913  -17.837  49.633 0.0000000000
70278  50.949  -17.214  52.644 0.0000000000
69194  50.381  -17.794  52.321 0.0000000000
69181  50.119  -17.378  53.066 0.0000000000
63709  44.670  -22.686  57.832 0.0000000000
64777  45.226  -21.807  59.352 0.0000000000
65848  45.261  -19.954  63.115 0.0000000000
72410  50.550  -14.576  48.203 0.0000000000
29423  9.754  -52.460  74.329 0.0000000000
29422  10.316  -52.259  74.728 0.0000000000
29414  10.162  -52.592  75.086 0.0000000000
28215  9.427  -53.839  76.926 0.0000000000
63744  41.429  -22.492  54.304 0.0000000000
63732  41.073  -22.802  55.259 0.0000000000
62605  40.400  -24.377  57.011 0.0000000000
62577  41.871  -24.136  59.374 0.0000000000
62549  42.014  -24.444  60.851 0.0000000000
45051  34.661  -39.142  63.054 0.0000000000
43775  35.589  -40.714  65.936 0.0000000000
44984  35.604  -40.068  65.291 0.0000000000
43797  35.894  -40.334  65.637 0.0000000000
43796  36.614  -40.204  65.778 0.0000000000
44958  37.926  -40.170  66.178 0.0000000000
43772  38.116  -40.619  66.524 0.0000000000
40217  34.448  -43.605  68.691 0.0000000000
40190  35.065  -44.132  69.439 0.0000000000
40189  35.935  -44.074  69.591 0.0000000000
42441  39.654  -42.479  71.621 0.0000000000
42485  39.842  -41.640  70.220 0.0000000000
38897  27.675  -45.560  74.189 0.0000000000
38977  23.257  -44.604  70.780 0.0000000000
37799  22.848  -45.603  72.062 0.0000000000
37786  22.590  -45.933  72.780 0.0000000000
41399  18.931  -43.553  68.049 0.0000000000
39001  17.557  -44.826  69.408 0.0000000000
38959  18.747  -45.095  71.256 0.0000000000
38960  18.255  -45.270  71.268 0.0000000000
37805  17.793  -45.546  71.428 0.0000000000
36540  17.538  -46.086  72.451 0.0000000000
35319  13.434  -47.943  71.228 0.0000000000
35320  12.600  -48.581  71.481 0.0000000000
45028  29.695  -39.968  63.374 0.0000000000
43858  29.387  -40.282  63.763 0.0000000000
43834  26.663  -40.913  64.634 0.0000000000
42620  27.621  -41.232  64.950 0.0000000000
42619  28.440  -41.184  64.881 0.0000000000
42597  28.006  -41.586  65.357 0.0000000000
41449  28.861  -42.630  66.789 0.0000000000
41420  28.404  -43.103  67.453 0.0000000000
40244  28.320  -43.415  67.850 0.0000000000
40153  27.047  -43.953  70.712 0.0000000000
30559  11.055  -52.406  78.724 0.0000000000
31699  11.486  -51.736  78.448 0.0000000000
30554  10.956  -52.209  79.724 0.0000000000
30549  10.890  -52.020  80.440 0.0000000000
73352  57.700  -12.896  52.737 0.0000000000
74344  58.666  -12.624  52.957 0.0000000000
74345  57.933  -12.600  53.285 0.0000000000
74304  58.428  -12.855  55.515 0.0000000000
74283  57.580  -13.032  56.144 0.0000000000
70289  53.904  -16.096  51.276 0.0000000000
70288  54.446  -15.785  51.022 0.0000000000
71336  54.260  -15.058  52.114 0.0000000000
73328  54.032  -13.552  55.381 0.0000000000
67099  46.333  -19.145  53.864 0.0000000000
68137  47.328  -18.597  53.876 0.0000000000
68136  48.477  -17.918  54.046 0.0000000000
68115  48.445  -17.981  55.049 0.0000000000
69153  48.875  -17.850  55.262 0.0000000000
68101  49.311  -18.105  56.057 0.0000000000
64787  47.052  -21.441  57.907 0.0000000000
64802  46.998  -21.202  57.388 0.0000000000
68075  51.012  -18.735  58.626 0.0000000000
58302  38.220  -27.609  57.816 0.0000000000
58278  38.950  -27.440  58.620 0.0000000000
58221  39.360  -27.644  62.647 0.0000000000
59306  40.240  -27.273  62.051 0.0000000000
59305  40.978  -26.822  62.408 0.0000000000
59304  41.453  -26.377  62.560 0.0000000000
60351  41.785  -25.729  62.254 0.0000000000
59293  41.654  -26.152  62.992 0.0000000000
60323  41.989  -25.727  64.166 0.0000000000
49530  40.835  -35.487  64.579 0.0000000000
49541  40.480  -35.133  64.029 0.0000000000
50611  40.473  -34.447  63.778 0.0000000000
51642  40.082  -33.209  63.283 0.0000000000
51634  40.486  -32.766  63.979 0.0000000000
52720  41.051  -32.129  65.092 0.0000000000
49487  43.445  -36.277  70.620 0.0000000000
49486  43.853  -35.349  70.460 0.0000000000
50569  44.161  -34.379  70.197 0.0000000000
53815  42.275  -31.104  67.898 0.0000000000
52705  42.080  -31.294  66.696 0.0000000000
56020  40.706  -29.483  66.823 0.0000000000
56009  41.147  -29.486  67.477 0.0000000000
57111  41.306  -28.885  68.115 0.0000000000
74438  53.389  -12.317  45.150 0.0000000000
74452  53.099  -12.304  44.316 0.0000000000
74390  57.692  -13.094  47.970 0.0000000000
79578  61.555  -7.319  40.746 0.0000000000
79565  61.791  -7.903  41.215 0.0000000000
77505  60.773  -10.246  43.669 0.0000000000
76465  61.180  -10.355  44.511 0.0000000000
76447  61.465  -11.401  46.269 0.0000000000
38910  31.740  -45.193  73.198 0.0000000000
38877  31.281  -45.416  74.731 0.0000000000
35268  14.825  -48.346  75.414 0.0000000000
34029  14.591  -48.814  76.291 0.0000000000
34016  14.752  -48.813  77.056 0.0000000000
34017  14.250  -49.186  77.654 0.0000000000
34003  14.187  -49.145  78.758 0.0000000000
33985  13.724  -49.307  80.832 0.0000000000
70321  48.477  -17.085  49.020 0.0000000000
63687  43.384  -22.412  59.813 0.0000000000
64779  43.937  -22.046  59.643 0.0000000000
64751  43.801  -21.306  60.866 0.0000000000
65850  43.838  -21.105  62.439 0.0000000000
29416  8.673  -53.398  74.982 0.0000000000
28233  8.013  -53.529  74.747 0.0000000000
26964  6.966  -54.442  76.234 0.0000000000
26955  6.883  -55.351  77.599 0.0000000000
61567  39.547  -24.948  56.300 0.0000000000
61548  39.904  -25.099  57.040 0.0000000000
43853  33.689  -40.176  64.286 0.0000000000
43826  34.022  -40.307  64.647 0.0000000000
43800  33.510  -40.693  65.123 0.0000000000
43799  34.250  -40.585  65.295 0.0000000000
43798  35.095  -40.418  65.477 0.0000000000
42589  35.105  -40.860  66.043 0.0000000000
42534  36.890  -41.893  67.076 0.0000000000
40155  25.758  -43.907  71.243 0.0000000000
40175  23.903  -44.178  70.648 0.0000000000
37828  16.278  -45.778  69.876 0.0000000000
37829  15.808  -45.879  69.480 0.0000000000
37830  15.042  -46.158  69.340 0.0000000000
43804  25.403  -41.091  65.523 0.0000000000
41422  26.903  -42.750  67.498 0.0000000000
42538  26.460  -42.384  67.410 0.0000000000
41392  26.056  -42.532  68.335 0.0000000000
42520  25.061  -42.111  68.087 0.0000000000
41393  25.398  -42.435  68.597 0.0000000000
41368  25.979  -42.765  69.044 0.0000000000
40199  25.887  -43.132  69.734 0.0000000000
40173  25.775  -43.527  70.462 0.0000000000
73393  58.620  -14.020  50.056 0.0000000000
73381  58.202  -13.821  50.983 0.0000000000
73382  57.623  -13.894  51.196 0.0000000000
72395  57.314  -14.512  50.226 0.0000000000
72385  57.352  -14.121  50.976 0.0000000000
73365  57.300  -13.694  51.662 0.0000000000
71321  53.291  -15.127  53.058 0.0000000000
72313  52.836  -14.329  55.617 0.0000000000
67125  44.715  -19.658  51.557 0.0000000000
67112  45.524  -19.587  52.769 0.0000000000
67101  45.055  -19.977  53.162 0.0000000000
66960  48.045  -19.734  61.598 0.0000000000
66982  48.427  -20.222  61.001 0.0000000000
58280  36.871  -27.652  58.938 0.0000000000
59282  40.064  -27.283  64.331 0.0000000000
47311  37.886  -37.790  64.450 0.0000000000
47336  38.605  -37.021  64.127 0.0000000000
47310  38.756  -37.479  64.804 0.0000000000
47290  40.443  -37.348  66.014 0.0000000000
48451  40.704  -36.144  65.037 0.0000000000
49522  41.171  -35.824  65.200 0.0000000000
49521  41.826  -35.522  65.676 0.0000000000
50592  42.434  -34.604  66.157 0.0000000000
74421  55.711  -12.453  46.271 0.0000000000
79592  59.615  -6.825  39.933 0.0000000000
79580  59.780  -7.350  40.088 0.0000000000
78575  58.768  -8.071  39.832 0.0000000000
79567  60.946  -8.026  41.055 0.0000000000
78542  61.730  -9.047  42.397 0.0000000000
78533  61.888  -9.250  42.798 0.0000000000
77525  61.413  -9.313  42.482 0.0000000000
77526  61.014  -9.742  42.592 0.0000000000
77516  60.954  -10.077  43.222 0.0000000000
76486  59.916  -10.419  41.791 0.0000000000
76479  60.516  -10.243  42.668 0.0000000000
76467  59.814  -11.061  44.185 0.0000000000
41447  31.077  -42.154  66.866 0.0000000000
41385  32.590  -42.984  68.179 0.0000000000
40192  33.078  -44.107  69.452 0.0000000000
40167  34.649  -44.439  70.059 0.0000000000
38942  35.063  -44.609  71.118 0.0000000000
38926  32.707  -45.108  72.246 0.0000000000
38925  33.524  -45.139  72.177 0.0000000000
40124  34.075  -45.389  73.297 0.0000000000
40139  34.254  -45.287  72.794 0.0000000000
42543  21.936  -41.804  66.632 0.0000000000
36503  19.434  -46.854  75.397 0.0000000000
36487  20.094  -46.944  76.399 0.0000000000
36472  17.912  -47.634  77.196 0.0000000000
36446  18.890  -47.855  78.579 0.0000000000
35208  18.725  -48.014  79.040 0.0000000000
35255  15.753  -48.227  76.676 0.0000000000
35243  15.964  -48.292  77.456 0.0000000000
35226  16.853  -48.088  78.530 0.0000000000
35211  16.374  -48.239  79.235 0.0000000000
35210  17.129  -47.980  79.328 0.0000000000
71388  53.937  -15.591  48.798 0.0000000000
70315  53.546  -16.507  49.784 0.0000000000
70333  52.385  -16.415  49.063 0.0000000000
70302  53.662  -16.509  50.560 0.0000000000
70276  52.671  -16.474  52.211 0.0000000000
70319  50.545  -16.953  49.140 0.0000000000
69213  51.565  -17.475  50.234 0.0000000000
70259  52.176  -16.256  52.786 0.0000000000
71323  51.658  -16.040  53.366 0.0000000000
70239  50.934  -16.259  53.653 0.0000000000
70215  50.812  -16.134  55.777 0.0000000000
64828  44.742  -21.857  55.487 0.0000000000
64804  45.784  -22.133  57.604 0.0000000000
64764  44.866  -21.269  59.885 0.0000000000
65886  46.696  -20.224  60.775 0.0000000000
66983  47.577  -19.997  61.100 0.0000000000
66961  47.332  -19.584  61.587 0.0000000000
56064  36.657  -29.889  62.509 0.0000000000
54946  38.272  -29.936  63.528 0.0000000000
46061  41.948  -39.077  70.385 0.0000000000
47222  42.732  -37.848  70.733 0.0000000000
73406  52.390  -13.967  48.020 0.0000000000
77562  56.628  -8.827  39.720 0.0000000000
31738  11.300  -51.040  73.880 0.0000000000
31730  12.049  -50.852  75.141 0.0000000000
30579  11.556  -51.642  75.781 0.0000000000
28224  9.224  -53.710  76.148 0.0000000000
28210  9.501  -53.835  77.756 0.0000000000
28202  9.544  -53.845  78.851 0.0000000000
29394  9.568  -53.897  79.568 0.0000000000
66004  43.466  -20.670  52.310 0.0000000000
64877  43.317  -21.259  52.965 0.0000000000
64858  43.705  -21.352  53.542 0.0000000000
64859  42.945  -21.769  53.343 0.0000000000
63719  43.602  -22.727  56.448 0.0000000000
62645  39.971  -23.190  54.969 0.0000000000
62628  40.673  -23.068  55.510 0.0000000000
62603  41.873  -23.348  56.760 0.0000000000
64753  42.996  -22.383  60.993 0.0000000000
63665  42.935  -22.840  61.467 0.0000000000
63630  43.226  -23.114  63.130 0.0000000000
62522  43.289  -23.664  63.706 0.0000000000
45052  33.803  -39.362  62.880 0.0000000000
45022  36.116  -38.711  63.730 0.0000000000
46178  36.572  -38.446  63.935 0.0000000000
46177  37.254  -38.270  64.404 0.0000000000
46176  37.911  -38.068  64.894 0.0000000000
46153  39.070  -38.337  65.822 0.0000000000
46129  39.542  -38.734  66.321 0.0000000000
46104  40.002  -39.044  66.926 0.0000000000
46069  41.343  -39.254  69.425 0.0000000000
41415  34.152  -42.168  67.250 0.0000000000
41414  35.405  -42.342  67.444 0.0000000000
41413  36.413  -42.436  67.472 0.0000000000
41412  37.298  -42.397  67.590 0.0000000000
40164  37.400  -43.674  69.818 0.0000000000
41357  38.102  -43.379  70.425 0.0000000000
40187  37.326  -43.380  68.926 0.0000000000
41380  37.896  -42.708  68.311 0.0000000000
42518  38.113  -42.143  67.740 0.0000000000
42517  38.641  -41.908  68.057 0.0000000000
43733  39.158  -41.286  67.927 0.0000000000
43732  39.708  -40.896  68.431 0.0000000000
44888  40.561  -40.158  69.293 0.0000000000
44887  40.943  -39.800  69.600 0.0000000000
37740  27.533  -46.200  75.519 0.0000000000
38882  27.193  -46.040  75.020 0.0000000000
38917  25.351  -45.576  73.494 0.0000000000
37770  25.018  -45.783  73.666 0.0000000000
37756  24.933  -46.265  74.444 0.0000000000
37743  24.774  -46.719  75.308 0.0000000000
36516  21.268  -46.618  74.729 0.0000000000
36517  20.740  -46.626  74.721 0.0000000000
36518  19.821  -46.499  74.390 0.0000000000
40227  21.365  -43.506  68.693 0.0000000000
40204  21.104  -44.084  69.386 0.0000000000
40178  20.973  -44.578  70.043 0.0000000000
40206  18.932  -44.155  69.244 0.0000000000
40179  20.423  -44.626  70.167 0.0000000000
38980  20.791  -44.879  70.640 0.0000000000
38957  20.460  -45.075  71.295 0.0000000000
37803  19.258  -45.366  71.913 0.0000000000
37789  19.746  -45.700  72.661 0.0000000000
36529  19.593  -46.233  73.698 0.0000000000
36520  17.659  -46.893  74.437 0.0000000000
36521  16.725  -47.243  74.595 0.0000000000
36522  15.926  -47.497  74.703 0.0000000000
37817  15.982  -46.079  70.307 0.0000000000
35293  15.285  -47.616  73.858 0.0000000000
35282  14.712  -48.124  74.443 0.0000000000
35283  14.089  -48.461  74.102 0.0000000000
34069  13.490  -48.866  73.905 0.0000000000
32952  12.018  -49.802  73.046 0.0000000000
32940  11.750  -50.229  73.360 0.0000000000
31739  10.640  -51.439  73.651 0.0000000000
30596  10.237  -51.644  73.565 0.0000000000
30589  9.963  -51.991  73.797 0.0000000000
29430  9.594  -52.134  73.740 0.0000000000
45026  32.245  -39.799  63.064 0.0000000000
43875  30.806  -39.817  63.117 0.0000000000
43856  31.394  -40.078  63.500 0.0000000000
43829  31.767  -40.496  64.349 0.0000000000
42615  31.776  -40.758  64.847 0.0000000000
42618  29.350  -41.059  64.905 0.0000000000
41387  30.540  -43.386  68.177 0.0000000000
38995  30.495  -44.653  69.949 0.0000000000
38974  30.218  -44.887  70.677 0.0000000000
41390  27.423  -43.210  67.975 0.0000000000
40223  28.186  -43.730  68.313 0.0000000000
40197  27.792  -44.129  69.295 0.0000000000
36469  20.705  -47.032  77.347 0.0000000000
31707  12.617  -50.638  76.981 0.0000000000
32873  12.510  -50.611  78.025 0.0000000000
31698  12.002  -51.171  78.690 0.0000000000
32858  12.540  -50.521  78.873 0.0000000000
32849  12.882  -50.128  79.456 0.0000000000
32835  13.021  -49.827  80.965 0.0000000000
71365  55.477  -14.950  50.909 0.0000000000
71353  54.568  -15.300  51.524 0.0000000000
71352  55.147  -14.918  51.370 0.0000000000
73367  55.712  -14.089  52.051 0.0000000000
73345  54.747  -13.598  54.104 0.0000000000
73326  56.006  -12.712  54.871 0.0000000000
69239  46.672  -17.735  49.390 0.0000000000
68161  45.531  -19.218  51.180 0.0000000000
68150  46.708  -18.993  52.459 0.0000000000
69183  48.969  -17.618  54.275 0.0000000000
70241  49.695  -16.956  54.311 0.0000000000
64841  45.182  -21.239  55.103 0.0000000000
65960  45.688  -20.929  55.434 0.0000000000
65929  46.921  -20.996  57.003 0.0000000000
67039  48.554  -18.980  56.452 0.0000000000
65913  49.070  -20.575  59.307 0.0000000000
67038  49.237  -18.816  56.593 0.0000000000
68090  49.701  -18.435  56.536 0.0000000000
68089  50.314  -18.251  56.893 0.0000000000
68082  50.615  -18.587  57.552 0.0000000000
70208  50.616  -17.180  56.617 0.0000000000
60438  39.501  -25.810  57.011 0.0000000000
60415  40.173  -25.832  58.036 0.0000000000
59346  39.736  -27.097  59.265 0.0000000000
60399  40.735  -25.883  59.112 0.0000000000
61507  41.418  -25.250  60.101 0.0000000000
61506  41.713  -24.959  60.591 0.0000000000
61478  42.136  -24.923  62.475 0.0000000000
61477  42.641  -24.382  62.682 0.0000000000
49543  39.163  -35.581  63.158 0.0000000000
49560  38.866  -35.121  62.542 0.0000000000
52747  38.429  -31.980  62.044 0.0000000000
51643  39.746  -32.609  63.039 0.0000000000
52746  38.915  -31.951  62.567 0.0000000000
53860  38.529  -31.338  62.498 0.0000000000
53853  38.346  -30.780  62.772 0.0000000000
54955  38.458  -30.402  63.241 0.0000000000
54945  38.954  -30.155  63.839 0.0000000000
47233  42.163  -37.766  69.297 0.0000000000
47244  42.131  -37.482  68.582 0.0000000000
48415  42.493  -36.933  68.215 0.0000000000
48406  43.031  -36.469  68.964 0.0000000000
49513  42.824  -35.401  67.172 0.0000000000
50591  42.797  -34.651  66.845 0.0000000000
51617  42.694  -34.082  66.646 0.0000000000
50574  43.964  -34.134  69.352 0.0000000000
52690  43.527  -32.480  69.241 0.0000000000
51595  43.700  -33.146  69.057 0.0000000000
50579  43.669  -34.123  68.602 0.0000000000
51609  42.975  -33.728  67.383 0.0000000000
53835  40.821  -31.178  65.265 0.0000000000
53836  40.359  -30.923  64.963 0.0000000000
54935  39.452  -29.866  64.484 0.0000000000
56038  39.110  -29.394  64.423 0.0000000000
57150  39.387  -28.785  64.928 0.0000000000
57123  40.203  -28.743  66.596 0.0000000000
57124  39.974  -28.355  66.326 0.0000000000
58187  39.668  -28.108  65.321 0.0000000000
59252  40.005  -27.690  65.713 0.0000000000
55976  42.162  -29.040  69.085 0.0000000000
58143  41.439  -27.896  68.460 0.0000000000
58128  42.603  -27.420  69.703 0.0000000000
59209  41.784  -27.387  68.781 0.0000000000
59250  41.188  -26.433  65.744 0.0000000000
60305  42.831  -25.402  65.558 0.0000000000
60304  43.300  -25.102  66.222 0.0000000000
61415  43.162  -24.891  64.898 0.0000000000
75456  57.403  -11.046  40.791 0.0000000000
75424  57.876  -11.682  42.247 0.0000000000
74468  57.528  -11.831  42.721 0.0000000000
75415  58.554  -11.486  43.421 0.0000000000
75405  59.322  -11.423  44.575 0.0000000000
75395  59.624  -11.450  45.402 0.0000000000
74435  56.499  -12.319  45.358 0.0000000000
74434  57.736  -12.151  45.489 0.0000000000
75385  60.285  -11.473  46.616 0.0000000000
28206  9.531  -53.838  78.503 0.0000000000
29397  9.662  -53.773  79.382 0.0000000000
30564  11.635  -51.657  77.278 0.0000000000
31676  12.256  -50.965  81.277 0.0000000000
31685  11.327  -51.613  80.067 0.0000000000
32837  12.014  -50.933  80.728 0.0000000000
35266  16.161  -47.933  76.335 0.0000000000
36473  17.175  -47.877  77.240 0.0000000000
36474  16.733  -48.018  77.092 0.0000000000
36484  22.912  -46.930  76.593 0.0000000000
36500  22.127  -46.749  75.668 0.0000000000
37754  26.447  -45.996  74.531 0.0000000000
37769  25.539  -45.712  73.786 0.0000000000
38969  34.405  -44.605  70.633 0.0000000000
41367  26.442  -42.970  68.738 0.0000000000
41389  27.978  -43.287  67.799 0.0000000000
41391  26.718  -42.977  68.234 0.0000000000
41411  37.790  -42.301  67.698 0.0000000000
42442  39.203  -42.813  71.397 0.0000000000
42516  39.232  -41.558  68.486 0.0000000000
43874  31.234  -39.785  63.042 0.0000000000
44872  41.020  -39.969  70.248 0.0000000000
46062  41.330  -39.561  70.055 0.0000000000
46203  35.845  -38.644  63.307 0.0000000000
47338  36.816  -37.836  63.305 0.0000000000
48421  42.829  -35.830  67.523 0.0000000000
49505  43.512  -34.632  68.338 0.0000000000
49542  39.858  -35.379  63.584 0.0000000000
50612  40.006  -34.364  63.314 0.0000000000
50633  38.816  -33.814  62.074 0.0000000000
51601  43.380  -33.700  68.197 0.0000000000
51603  42.733  -32.432  68.256 0.0000000000
51608  43.257  -34.094  67.756 0.0000000000
52699  42.520  -31.935  68.316 0.0000000000
52719  41.348  -32.780  65.261 0.0000000000
52728  40.670  -32.554  64.353 0.0000000000
53821  42.192  -30.898  67.171 0.0000000000
54918  41.850  -30.399  67.081 0.0000000000
54925  40.748  -30.106  66.180 0.0000000000
59370  39.350  -26.609  57.444 0.0000000000
59386  38.591  -26.498  56.469 0.0000000000
60280  42.068  -26.097  67.001 0.0000000000
60439  38.985  -26.154  56.678 0.0000000000
61458  43.313  -24.207  64.189 0.0000000000
63678  43.227  -22.328  60.203 0.0000000000
63698  44.901  -22.466  58.443 0.0000000000
63708  45.257  -22.466  58.024 0.0000000000
64767  43.122  -22.225  60.779 0.0000000000
64844  43.296  -21.773  53.952 0.0000000000
68035  47.695  -19.265  61.943 0.0000000000
68091  49.114  -18.516  56.280 0.0000000000
69142  49.627  -17.912  56.118 0.0000000000
69233  52.197  -16.935  49.558 0.0000000000
71374  55.980  -14.939  50.343 0.0000000000
72394  57.900  -14.164  50.467 0.0000000000
74485  56.869  -11.923  41.827 0.0000000000
75416  57.956  -11.667  42.987 0.0000000000
76473  60.447  -10.440  43.380 0.0000000000
76488  58.191  -10.943  40.957 0.0000000000
77513  62.530  -9.786  42.880 0.0000000000
78534  61.659  -9.295  42.706 0.0000000000
78549  61.001  -8.463  41.383 0.0000000000
78559  60.605  -8.400  40.935 0.0000000000
81670  60.634  -5.857  40.043 0.0000000000
