#!ascii label  , from subject sub-01 vox2ras=TkReg
604
36480  29.785  -46.741  75.857 0.0000000000
63610  43.573  -22.520  64.975 0.0000000000
69030  49.971  -17.326  65.768 0.0000000000
53742  46.545  -30.738  71.473 0.0000000000
40150  35.959  -44.558  71.641 0.0000000000
35289  34.271  -47.165  73.754 0.0000000000
66906  46.126  -19.168  65.385 0.0000000000
65710  46.123  -21.162  70.736 0.0000000000
49473  44.391  -35.629  71.914 0.0000000000
41326  40.487  -42.605  72.350 0.0000000000
72267  54.477  -14.415  58.203 0.0000000000
69106  51.847  -17.599  61.029 0.0000000000
55991  42.462  -29.905  68.824 0.0000000000
60234  43.925  -25.659  71.317 0.0000000000
38892  32.859  -45.389  73.875 0.0000000000
36498  32.008  -46.539  75.390 0.0000000000
65808  44.115  -20.671  65.272 0.0000000000
66859  45.892  -19.841  68.812 0.0000000000
64653  44.129  -21.235  67.751 0.0000000000
46067  45.442  -38.429  69.504 0.0000000000
37767  38.310  -45.364  73.290 0.0000000000
41310  38.405  -43.760  72.363 0.0000000000
37796  40.076  -44.764  72.144 0.0000000000
71268  52.677  -14.808  57.341 0.0000000000
71232  53.769  -15.377  59.522 0.0000000000
70185  52.487  -15.894  59.379 0.0000000000
68006  48.906  -18.125  63.326 0.0000000000
66958  50.021  -19.668  61.292 0.0000000000
69061  50.917  -17.308  63.939 0.0000000000
70109  52.394  -17.263  63.540 0.0000000000
70079  52.005  -17.623  65.266 0.0000000000
51562  45.787  -33.148  71.737 0.0000000000
52661  44.366  -32.726  70.726 0.0000000000
55959  44.232  -30.056  71.089 0.0000000000
58112  43.018  -27.665  70.313 0.0000000000
57043  45.515  -28.529  71.826 0.0000000000
60233  45.663  -25.585  71.833 0.0000000000
57077  47.405  -28.644  70.489 0.0000000000
38889  35.444  -45.512  74.117 0.0000000000
66946  46.496  -19.226  62.322 0.0000000000
67963  47.484  -18.185  65.824 0.0000000000
67931  47.664  -18.267  68.272 0.0000000000
66830  47.582  -19.622  70.669 0.0000000000
46051  42.628  -39.275  71.962 0.0000000000
46043  44.559  -37.733  72.561 0.0000000000
48379  45.850  -36.016  71.582 0.0000000000
51589  47.386  -33.225  70.064 0.0000000000
53813  47.604  -31.245  69.134 0.0000000000
43662  40.984  -40.813  71.422 0.0000000000
42437  43.134  -41.380  72.055 0.0000000000
71266  55.471  -15.025  57.475 0.0000000000
69126  51.427  -17.574  58.843 0.0000000000
70145  52.730  -16.681  61.728 0.0000000000
69058  53.664  -17.877  63.261 0.0000000000
62450  43.777  -23.569  68.013 0.0000000000
63497  44.890  -22.783  70.962 0.0000000000
62389  46.876  -23.494  71.084 0.0000000000
35264  30.306  -47.551  75.108 0.0000000000
36479  30.799  -46.647  75.575 0.0000000000
35279  31.180  -47.623  74.267 0.0000000000
64693  43.718  -21.414  65.462 0.0000000000
64673  43.973  -20.878  66.581 0.0000000000
64674  43.633  -21.897  66.517 0.0000000000
37766  39.120  -45.090  73.127 0.0000000000
71269  52.016  -15.501  57.442 0.0000000000
71253  52.760  -15.197  58.377 0.0000000000
71254  52.203  -15.640  58.230 0.0000000000
69046  48.936  -17.649  64.523 0.0000000000
68005  49.558  -17.929  63.519 0.0000000000
69044  50.705  -17.206  64.913 0.0000000000
70081  51.244  -17.183  64.880 0.0000000000
52660  46.440  -32.214  71.418 0.0000000000
53745  44.885  -31.746  71.560 0.0000000000
54838  45.615  -30.234  71.728 0.0000000000
55941  45.194  -29.388  71.814 0.0000000000
55940  45.860  -29.320  71.722 0.0000000000
57062  46.309  -28.156  71.461 0.0000000000
54855  47.315  -30.269  70.694 0.0000000000
38890  34.738  -45.454  74.043 0.0000000000
36514  35.110  -46.319  74.639 0.0000000000
36528  36.413  -46.434  73.684 0.0000000000
65834  45.157  -19.984  64.212 0.0000000000
65866  45.606  -19.902  61.719 0.0000000000
66922  46.493  -19.046  64.265 0.0000000000
67992  47.182  -18.521  64.323 0.0000000000
67979  46.912  -18.669  65.168 0.0000000000
67947  47.462  -18.189  67.009 0.0000000000
67964  46.486  -18.802  66.358 0.0000000000
66845  46.139  -19.970  69.703 0.0000000000
66844  46.690  -19.537  70.010 0.0000000000
66831  46.968  -19.797  70.509 0.0000000000
65707  47.721  -20.289  70.799 0.0000000000
65708  47.263  -20.802  70.887 0.0000000000
43641  43.706  -40.265  72.161 0.0000000000
46049  44.131  -38.246  72.492 0.0000000000
44855  44.995  -38.833  71.830 0.0000000000
47220  45.950  -36.791  70.871 0.0000000000
50568  46.762  -34.547  70.591 0.0000000000
41308  39.790  -43.290  72.530 0.0000000000
42441  39.654  -42.479  71.621 0.0000000000
42440  40.487  -41.859  71.856 0.0000000000
43643  41.832  -40.717  72.064 0.0000000000
41324  42.349  -42.522  72.101 0.0000000000
72301  53.798  -13.767  56.857 0.0000000000
73261  55.071  -14.050  57.670 0.0000000000
71210  53.764  -15.915  60.251 0.0000000000
68052  50.915  -19.164  60.824 0.0000000000
66980  50.303  -19.777  60.185 0.0000000000
68065  51.030  -19.113  59.748 0.0000000000
68075  51.012  -18.735  58.626 0.0000000000
69118  51.674  -17.643  59.935 0.0000000000
70165  52.430  -16.611  60.619 0.0000000000
69105  52.275  -17.064  61.589 0.0000000000
70091  52.996  -17.650  64.104 0.0000000000
70108  53.129  -17.279  63.461 0.0000000000
48388  44.064  -36.308  71.876 0.0000000000
50562  44.282  -34.614  70.970 0.0000000000
53786  43.510  -31.229  69.649 0.0000000000
52691  43.177  -32.008  69.094 0.0000000000
59180  43.504  -26.532  70.985 0.0000000000
59208  42.279  -26.844  69.089 0.0000000000
60245  43.349  -25.997  70.220 0.0000000000
60278  43.284  -25.264  68.058 0.0000000000
61344  43.804  -24.625  70.343 0.0000000000
63518  44.020  -23.303  70.115 0.0000000000
61330  44.545  -24.328  71.239 0.0000000000
60231  46.863  -25.559  70.968 0.0000000000
61328  46.184  -24.701  71.642 0.0000000000
60243  47.153  -25.594  70.534 0.0000000000
61342  47.497  -23.802  69.938 0.0000000000
37734  33.162  -45.948  74.839 0.0000000000
35277  33.529  -47.131  74.468 0.0000000000
35290  33.244  -47.416  73.625 0.0000000000
35278  32.418  -47.383  74.433 0.0000000000
65806  44.962  -19.923  65.568 0.0000000000
66889  45.616  -19.447  66.707 0.0000000000
65785  44.472  -20.297  66.615 0.0000000000
65745  44.668  -20.765  68.429 0.0000000000
64627  45.261  -21.188  70.148 0.0000000000
40121  36.673  -44.924  73.162 0.0000000000
41330  37.429  -44.202  71.799 0.0000000000
40120  38.071  -44.313  72.750 0.0000000000
38905  39.570  -44.463  72.871 0.0000000000
40134  40.939  -43.902  72.477 0.0000000000
40133  41.629  -43.441  72.262 0.0000000000
38967  40.670  -44.486  71.132 0.0000000000
72287  54.175  -14.037  57.678 0.0000000000
72249  54.451  -14.776  58.668 0.0000000000
72268  53.718  -14.652  58.598 0.0000000000
71233  53.321  -15.340  59.429 0.0000000000
71211  53.431  -15.794  60.231 0.0000000000
66960  48.045  -19.734  61.598 0.0000000000
68033  49.428  -19.168  62.145 0.0000000000
68032  50.628  -18.805  61.941 0.0000000000
68017  51.571  -17.775  62.546 0.0000000000
69074  52.129  -17.295  62.788 0.0000000000
70110  51.679  -17.279  63.695 0.0000000000
70092  52.392  -17.407  64.362 0.0000000000
50553  45.286  -34.417  71.889 0.0000000000
51565  44.634  -33.684  71.152 0.0000000000
52640  44.979  -32.800  71.602 0.0000000000
54841  44.368  -31.187  70.877 0.0000000000
54859  43.712  -29.810  70.436 0.0000000000
57079  42.934  -28.516  69.944 0.0000000000
55960  43.886  -29.238  70.949 0.0000000000
57045  44.316  -28.151  71.637 0.0000000000
59164  44.377  -26.403  71.931 0.0000000000
60218  44.722  -25.556  71.948 0.0000000000
59179  45.556  -26.616  71.881 0.0000000000
58095  46.790  -27.633  70.967 0.0000000000
58127  47.466  -27.724  69.819 0.0000000000
40140  33.479  -45.294  72.857 0.0000000000
40123  34.843  -45.365  73.261 0.0000000000
40122  35.650  -45.227  73.175 0.0000000000
37751  36.867  -45.514  73.769 0.0000000000
36538  37.376  -46.241  72.634 0.0000000000
68021  47.718  -18.851  62.551 0.0000000000
69047  48.161  -17.879  64.462 0.0000000000
69031  49.079  -17.466  65.553 0.0000000000
68994  49.360  -17.611  67.766 0.0000000000
68979  48.690  -17.958  68.687 0.0000000000
68966  48.630  -18.244  69.288 0.0000000000
67932  46.947  -18.786  68.918 0.0000000000
67917  47.904  -18.505  69.515 0.0000000000
46061  41.948  -39.077  70.385 0.0000000000
46055  43.000  -38.296  71.787 0.0000000000
48383  43.751  -37.335  72.133 0.0000000000
48374  44.703  -37.051  72.629 0.0000000000
46054  45.374  -38.260  71.328 0.0000000000
47197  45.351  -37.160  72.250 0.0000000000
49471  45.376  -35.374  72.028 0.0000000000
50552  45.924  -34.304  71.679 0.0000000000
51581  46.489  -33.261  71.296 0.0000000000
52659  47.008  -32.324  70.882 0.0000000000
53783  47.592  -31.326  70.031 0.0000000000
52689  47.599  -32.346  69.548 0.0000000000
44845  42.158  -39.789  71.814 0.0000000000
43642  42.840  -40.534  72.268 0.0000000000
42436  43.931  -40.828  71.778 0.0000000000
41344  42.622  -42.740  71.472 0.0000000000
41343  43.127  -42.199  71.033 0.0000000000
72284  56.436  -13.922  57.012 0.0000000000
70200  51.813  -16.311  58.382 0.0000000000
71212  52.965  -15.903  60.316 0.0000000000
70144  53.298  -16.533  61.691 0.0000000000
70126  52.951  -16.895  62.664 0.0000000000
70125  53.562  -17.102  62.474 0.0000000000
51590  44.163  -33.368  69.987 0.0000000000
61393  43.666  -24.388  66.501 0.0000000000
62465  43.764  -23.500  66.967 0.0000000000
63551  43.835  -22.818  68.585 0.0000000000
63535  44.066  -22.201  69.205 0.0000000000
64600  45.445  -22.195  70.937 0.0000000000
62375  45.116  -24.170  71.580 0.0000000000
63479  45.906  -23.349  71.685 0.0000000000
63495  46.288  -22.619  71.434 0.0000000000
63516  47.293  -22.412  70.688 0.0000000000
54892  47.610  -30.585  69.647 0.0000000000
57109  47.551  -29.294  69.507 0.0000000000
35250  29.443  -47.313  75.866 0.0000000000
35249  30.501  -47.088  75.708 0.0000000000
63591  43.625  -22.382  65.860 0.0000000000
69045  49.899  -17.381  64.785 0.0000000000
69029  50.829  -17.319  65.789 0.0000000000
53763  46.398  -31.398  71.552 0.0000000000
53743  46.050  -30.921  71.760 0.0000000000
54837  46.303  -29.989  71.548 0.0000000000
55958  46.760  -29.420  71.320 0.0000000000
54856  46.888  -30.158  71.197 0.0000000000
35276  34.458  -46.657  74.535 0.0000000000
36495  34.771  -46.082  74.934 0.0000000000
35288  35.120  -46.731  73.786 0.0000000000
66923  45.707  -19.624  64.744 0.0000000000
66936  45.863  -19.578  63.688 0.0000000000
65722  45.973  -20.612  70.345 0.0000000000
66832  46.480  -20.007  70.232 0.0000000000
65721  46.556  -20.273  70.494 0.0000000000
65709  46.641  -20.751  70.800 0.0000000000
43640  44.273  -40.104  71.880 0.0000000000
44842  44.369  -39.178  72.210 0.0000000000
44856  44.716  -39.594  71.545 0.0000000000
41307  40.519  -43.208  72.574 0.0000000000
41327  39.687  -42.790  72.200 0.0000000000
42439  41.213  -41.799  72.215 0.0000000000
41325  41.297  -42.746  72.434 0.0000000000
73296  54.628  -13.378  56.928 0.0000000000
73277  54.902  -13.771  57.537 0.0000000000
73262  54.913  -14.104  57.772 0.0000000000
68051  51.360  -18.496  61.249 0.0000000000
68064  51.407  -18.424  60.373 0.0000000000
67988  53.112  -18.460  64.288 0.0000000000
69059  53.451  -17.903  63.719 0.0000000000
49478  43.973  -35.829  71.354 0.0000000000
50555  44.535  -34.695  71.500 0.0000000000
54875  43.445  -30.293  69.789 0.0000000000
54893  42.815  -30.348  68.993 0.0000000000
59193  43.421  -26.212  70.558 0.0000000000
60244  43.616  -25.569  70.706 0.0000000000
60259  43.455  -25.352  69.940 0.0000000000
61331  44.140  -24.728  71.100 0.0000000000
59192  47.368  -26.683  70.193 0.0000000000
60258  47.443  -25.646  69.829 0.0000000000
37735  31.932  -45.892  75.141 0.0000000000
36497  32.952  -46.404  75.108 0.0000000000
35262  32.722  -46.954  75.062 0.0000000000
65826  43.995  -20.866  64.499 0.0000000000
65836  43.927  -20.987  63.464 0.0000000000
65825  44.594  -20.399  64.802 0.0000000000
65807  44.560  -20.155  65.832 0.0000000000
65764  44.663  -20.339  67.397 0.0000000000
65733  44.639  -21.024  69.071 0.0000000000
38907  37.480  -45.072  73.433 0.0000000000
37782  39.646  -44.950  72.610 0.0000000000
38924  40.011  -44.544  72.610 0.0000000000
38904  40.293  -44.141  72.657 0.0000000000
38923  40.472  -44.396  72.322 0.0000000000
38922  41.204  -44.112  72.058 0.0000000000
71276  52.299  -14.839  56.456 0.0000000000
72302  53.068  -14.296  56.656 0.0000000000
72288  53.354  -14.395  57.640 0.0000000000
68020  48.697  -18.677  62.716 0.0000000000
68034  48.403  -19.249  62.087 0.0000000000
68004  50.339  -17.810  63.468 0.0000000000
68019  49.795  -18.422  62.914 0.0000000000
68018  51.015  -18.119  62.878 0.0000000000
69076  51.015  -17.649  63.397 0.0000000000
69075  51.698  -17.425  63.091 0.0000000000
69060  51.427  -17.341  63.614 0.0000000000
70080  51.613  -17.321  65.095 0.0000000000
70093  51.763  -17.242  64.309 0.0000000000
69043  52.575  -18.070  64.837 0.0000000000
51563  45.154  -33.504  71.726 0.0000000000
54839  44.990  -30.465  71.674 0.0000000000
54840  44.511  -30.704  71.180 0.0000000000
54858  44.065  -30.551  70.620 0.0000000000
57044  44.856  -28.380  71.919 0.0000000000
58081  44.068  -27.239  71.728 0.0000000000
58080  44.598  -27.333  72.010 0.0000000000
59163  45.018  -26.343  72.129 0.0000000000
58079  45.304  -27.482  71.993 0.0000000000
57061  46.784  -28.510  71.198 0.0000000000
58096  46.369  -27.512  71.352 0.0000000000
58111  47.187  -27.870  70.524 0.0000000000
58126  47.457  -28.252  70.166 0.0000000000
38909  32.762  -45.282  73.073 0.0000000000
40104  33.218  -45.388  73.510 0.0000000000
40102  34.462  -45.429  73.651 0.0000000000
40101  35.202  -45.393  73.620 0.0000000000
40100  35.870  -45.298  73.524 0.0000000000
38888  36.403  -45.313  73.707 0.0000000000
66947  45.949  -19.514  62.660 0.0000000000
66962  46.572  -19.609  61.600 0.0000000000
68022  46.976  -18.940  62.665 0.0000000000
67978  47.614  -18.184  64.823 0.0000000000
67991  47.728  -18.147  63.988 0.0000000000
69032  48.261  -17.833  65.245 0.0000000000
69013  49.206  -17.467  66.661 0.0000000000
69014  48.319  -17.767  66.314 0.0000000000
68995  48.465  -17.814  67.499 0.0000000000
68965  49.100  -18.120  69.142 0.0000000000
66875  45.701  -19.525  67.774 0.0000000000
67949  45.998  -19.201  67.293 0.0000000000
66874  46.293  -19.222  68.527 0.0000000000
67901  47.462  -19.214  70.226 0.0000000000
67918  47.083  -19.095  69.773 0.0000000000
67900  48.088  -19.038  70.260 0.0000000000
46056  42.549  -38.909  71.468 0.0000000000
46050  43.188  -38.656  72.132 0.0000000000
47198  43.852  -37.723  72.364 0.0000000000
47187  44.170  -37.446  72.709 0.0000000000
48382  44.303  -36.794  72.326 0.0000000000
44869  45.218  -39.065  71.046 0.0000000000
46060  45.498  -38.392  70.442 0.0000000000
47208  45.753  -36.684  71.578 0.0000000000
47196  45.597  -36.560  71.945 0.0000000000
48380  45.427  -36.257  72.119 0.0000000000
49470  45.985  -35.268  71.694 0.0000000000
50567  47.071  -34.139  69.935 0.0000000000
50561  46.543  -34.261  71.105 0.0000000000
50560  46.978  -33.886  70.479 0.0000000000
51580  47.020  -33.220  70.683 0.0000000000
52679  47.496  -32.297  70.242 0.0000000000
51594  47.336  -33.283  69.344 0.0000000000
41329  37.979  -43.893  71.998 0.0000000000
41347  37.609  -43.993  71.464 0.0000000000
41346  38.132  -43.556  71.323 0.0000000000
43683  40.376  -41.095  70.731 0.0000000000
43682  40.710  -40.486  70.480 0.0000000000
44858  41.126  -40.128  70.828 0.0000000000
44857  41.654  -39.799  71.231 0.0000000000
43661  41.636  -40.257  71.713 0.0000000000
42438  42.112  -41.630  72.232 0.0000000000
40132  42.230  -43.254  71.838 0.0000000000
42484  43.629  -41.659  70.561 0.0000000000
72285  55.791  -14.298  57.350 0.0000000000
72250  54.088  -14.869  58.968 0.0000000000
66981  49.323  -20.251  60.571 0.0000000000
65900  49.072  -20.486  59.991 0.0000000000
66998  49.627  -20.208  59.576 0.0000000000
69127  51.058  -17.985  57.984 0.0000000000
69133  51.179  -17.198  57.877 0.0000000000
70186  51.915  -16.787  59.602 0.0000000000
71196  52.875  -16.284  60.909 0.0000000000
71195  52.921  -16.140  61.144 0.0000000000
70127  52.314  -17.216  62.912 0.0000000000
69087  52.252  -17.184  62.388 0.0000000000
70107  53.561  -17.559  63.163 0.0000000000
69073  53.810  -17.919  62.770 0.0000000000
51582  44.419  -33.736  70.653 0.0000000000
60271  42.746  -25.978  68.573 0.0000000000
61369  43.607  -24.478  68.538 0.0000000000
60290  43.296  -25.184  67.071 0.0000000000
61379  43.662  -24.425  67.522 0.0000000000
63564  43.746  -22.486  67.460 0.0000000000
62409  44.511  -23.376  70.876 0.0000000000
63517  44.344  -22.712  70.237 0.0000000000
64615  45.030  -21.969  70.458 0.0000000000
60217  45.131  -25.543  72.040 0.0000000000
61312  45.269  -24.794  71.858 0.0000000000
62390  46.390  -23.628  71.523 0.0000000000
62373  45.944  -23.751  71.724 0.0000000000
63494  46.907  -22.519  71.032 0.0000000000
62408  47.270  -23.349  70.608 0.0000000000
53802  47.619  -31.418  69.489 0.0000000000
54873  47.559  -30.409  70.143 0.0000000000
54906  47.583  -30.704  69.179 0.0000000000
36478  31.381  -46.284  75.385 0.0000000000
36499  31.437  -46.623  75.557 0.0000000000
35263  31.415  -47.104  75.323 0.0000000000
64709  43.620  -21.677  64.233 0.0000000000
64692  43.986  -20.712  65.779 0.0000000000
64654  43.765  -21.630  67.203 0.0000000000
36526  37.917  -45.848  72.994 0.0000000000
37783  38.823  -45.469  72.604 0.0000000000
37798  38.825  -45.523  71.689 0.0000000000
70199  52.299  -15.710  58.614 0.0000000000
69063  49.095  -17.813  63.839 0.0000000000
69062  49.766  -17.550  63.994 0.0000000000
52639  45.317  -32.397  71.796 0.0000000000
52638  45.920  -31.899  71.810 0.0000000000
53744  45.434  -31.282  71.802 0.0000000000
55942  44.495  -29.370  71.485 0.0000000000
55939  46.414  -29.113  71.520 0.0000000000
55957  47.222  -29.320  70.924 0.0000000000
38891  33.959  -45.463  74.037 0.0000000000
37733  34.155  -45.852  74.776 0.0000000000
37732  34.866  -45.695  74.646 0.0000000000
37753  35.428  -45.915  74.631 0.0000000000
37752  36.164  -45.743  74.176 0.0000000000
36513  35.878  -46.298  74.271 0.0000000000
65848  45.261  -19.954  63.115 0.0000000000
66935  46.480  -19.130  63.155 0.0000000000
66858  46.492  -19.365  69.338 0.0000000000
66819  47.889  -20.027  70.864 0.0000000000
66820  47.636  -20.081  70.835 0.0000000000
65720  47.590  -20.746  70.745 0.0000000000
64613  47.427  -21.521  70.720 0.0000000000
44843  43.498  -39.433  72.283 0.0000000000
46048  44.636  -38.226  72.398 0.0000000000
47221  45.710  -37.588  70.700 0.0000000000
48387  46.187  -36.006  70.966 0.0000000000
49477  46.428  -35.243  71.100 0.0000000000
49485  46.669  -35.158  70.281 0.0000000000
49484  46.861  -34.674  69.572 0.0000000000
41309  38.958  -43.495  72.490 0.0000000000
41328  38.841  -43.206  71.905 0.0000000000
42464  39.405  -42.422  70.776 0.0000000000
42463  40.132  -41.727  71.174 0.0000000000
42462  40.542  -41.402  71.466 0.0000000000
43644  41.138  -41.301  71.947 0.0000000000
73276  55.540  -13.678  57.296 0.0000000000
72286  55.283  -14.116  57.590 0.0000000000
72265  55.283  -14.512  57.785 0.0000000000
68074  51.356  -18.332  59.495 0.0000000000
70166  51.952  -17.110  60.306 0.0000000000
49479  43.501  -36.580  71.170 0.0000000000
53785  43.847  -31.385  70.101 0.0000000000
52680  43.865  -32.284  69.822 0.0000000000
52681  43.612  -31.724  69.679 0.0000000000
52692  42.859  -31.549  68.771 0.0000000000
59181  43.252  -27.116  70.662 0.0000000000
58128  42.603  -27.420  69.703 0.0000000000
59194  43.098  -26.754  70.150 0.0000000000
60260  43.071  -26.073  69.521 0.0000000000
60270  43.311  -25.298  69.048 0.0000000000
61359  43.631  -24.542  69.501 0.0000000000
62435  43.752  -23.700  69.029 0.0000000000
62423  43.866  -23.814  69.891 0.0000000000
62410  44.184  -23.780  70.561 0.0000000000
62393  44.480  -23.998  71.015 0.0000000000
60232  46.446  -25.564  71.351 0.0000000000
61327  46.852  -24.541  71.031 0.0000000000
61343  47.298  -24.597  70.248 0.0000000000
38876  32.377  -45.532  74.606 0.0000000000
35261  33.677  -46.694  74.850 0.0000000000
65835  44.617  -20.501  63.793 0.0000000000
66907  45.351  -19.658  65.712 0.0000000000
66888  45.862  -19.233  66.040 0.0000000000
66908  45.059  -19.776  66.229 0.0000000000
66876  45.164  -19.812  67.244 0.0000000000
65763  45.130  -19.913  67.669 0.0000000000
65744  45.141  -20.091  68.257 0.0000000000
65732  45.233  -20.570  69.347 0.0000000000
44870  44.843  -39.788  70.714 0.0000000000
40136  37.137  -44.443  72.245 0.0000000000
38906  38.643  -44.698  73.152 0.0000000000
40119  39.170  -43.964  72.840 0.0000000000
40118  39.991  -43.775  72.696 0.0000000000
40117  40.632  -43.619  72.597 0.0000000000
40116  41.097  -43.408  72.513 0.0000000000
38940  41.261  -44.158  71.444 0.0000000000
38966  41.260  -44.083  70.750 0.0000000000
72251  53.751  -15.020  59.169 0.0000000000
71194  53.446  -16.232  60.847 0.0000000000
66982  48.427  -20.222  61.001 0.0000000000
66959  48.960  -19.843  61.552 0.0000000000
68031  51.499  -18.116  61.999 0.0000000000
69088  51.921  -17.505  62.123 0.0000000000
70128  51.953  -17.272  63.281 0.0000000000
70111  51.307  -17.206  64.002 0.0000000000
69042  53.099  -17.951  64.212 0.0000000000
50554  44.828  -34.591  71.801 0.0000000000
51564  44.865  -33.667  71.507 0.0000000000
52641  44.717  -32.722  71.320 0.0000000000
53746  44.494  -31.796  71.099 0.0000000000
53764  44.190  -31.653  70.582 0.0000000000
54874  43.727  -30.869  70.071 0.0000000000
55975  42.697  -29.412  69.349 0.0000000000
55961  43.370  -29.241  70.220 0.0000000000
57064  43.378  -28.352  70.684 0.0000000000
55943  44.120  -28.669  71.360 0.0000000000
57063  43.828  -28.026  71.276 0.0000000000
58099  43.412  -27.475  70.954 0.0000000000
58098  43.702  -27.136  71.385 0.0000000000
59165  43.926  -26.416  71.587 0.0000000000
60219  44.272  -25.646  71.674 0.0000000000
58078  45.892  -27.930  71.667 0.0000000000
58097  45.820  -27.210  71.700 0.0000000000
59178  46.115  -26.507  71.531 0.0000000000
59177  46.817  -26.609  70.919 0.0000000000
40151  35.139  -44.878  71.945 0.0000000000
40103  33.703  -45.423  73.636 0.0000000000
40138  35.084  -45.192  72.703 0.0000000000
40137  35.956  -44.871  72.540 0.0000000000
38908  36.863  -45.119  73.511 0.0000000000
37768  37.480  -45.692  73.594 0.0000000000
36512  36.780  -46.048  74.013 0.0000000000
36527  37.166  -46.177  73.381 0.0000000000
68007  48.079  -18.309  63.260 0.0000000000
68008  47.229  -18.688  63.437 0.0000000000
67990  48.439  -17.908  63.863 0.0000000000
69012  50.057  -17.443  66.845 0.0000000000
67965  46.147  -19.054  67.014 0.0000000000
67948  46.539  -18.810  67.667 0.0000000000
47211  42.524  -38.350  70.849 0.0000000000
47210  42.977  -37.922  71.370 0.0000000000
47199  43.347  -37.807  71.974 0.0000000000
48389  43.583  -36.962  71.689 0.0000000000
46047  45.123  -38.070  72.106 0.0000000000
47209  45.570  -37.451  71.539 0.0000000000
47185  44.843  -37.363  72.594 0.0000000000
48373  45.063  -36.862  72.551 0.0000000000
48381  44.962  -36.309  72.500 0.0000000000
49472  44.812  -35.511  72.196 0.0000000000
53762  46.997  -31.224  71.080 0.0000000000
53761  47.379  -30.980  70.463 0.0000000000
53784  47.348  -31.644  70.526 0.0000000000
52678  47.664  -31.866  69.800 0.0000000000
53814  47.616  -31.748  69.065 0.0000000000
52697  47.469  -32.531  68.797 0.0000000000
40149  36.858  -44.271  71.246 0.0000000000
44844  42.682  -39.733  72.150 0.0000000000
42460  44.065  -41.000  71.371 0.0000000000
41323  42.975  -42.080  71.645 0.0000000000
42461  43.606  -41.489  71.376 0.0000000000
37721  29.045  -46.418  75.730 0.0000000000
71273  56.511  -14.595  56.548 0.0000000000
69085  53.880  -17.601  61.895 0.0000000000
62504  43.530  -23.633  64.652 0.0000000000
50569  44.161  -34.379  70.197 0.0000000000
61414  43.511  -24.516  65.455 0.0000000000
62482  43.695  -23.384  65.836 0.0000000000
63576  43.682  -22.728  66.523 0.0000000000
63550  43.933  -21.972  68.239 0.0000000000
63536  43.924  -23.060  69.545 0.0000000000
64640  44.289  -21.417  68.741 0.0000000000
64628  44.646  -21.541  69.643 0.0000000000
64614  45.648  -21.470  70.651 0.0000000000
61313  44.604  -24.764  71.559 0.0000000000
62392  44.860  -23.744  71.286 0.0000000000
61311  45.850  -24.235  71.759 0.0000000000
62374  45.595  -23.903  71.656 0.0000000000
63496  45.533  -22.913  71.434 0.0000000000
64599  46.082  -21.819  71.052 0.0000000000
64598  46.723  -21.671  71.037 0.0000000000
64597  47.078  -21.596  70.969 0.0000000000
63515  47.587  -22.309  70.250 0.0000000000
62407  47.505  -23.146  70.164 0.0000000000
55974  47.543  -29.524  70.321 0.0000000000
56006  47.554  -29.856  69.323 0.0000000000
57094  47.571  -28.769  69.825 0.0000000000
57095  47.444  -28.224  69.478 0.0000000000
35248  30.973  -46.940  75.726 0.0000000000
35260  34.093  -46.606  74.812 0.0000000000
35274  35.685  -46.484  74.181 0.0000000000
36515  34.642  -46.368  74.823 0.0000000000
37718  31.274  -45.953  75.209 0.0000000000
37781  40.041  -44.681  72.418 0.0000000000
38873  34.868  -45.542  74.359 0.0000000000
38874  34.372  -45.577  74.438 0.0000000000
38887  36.910  -45.254  73.625 0.0000000000
40125  33.472  -45.380  73.313 0.0000000000
40135  38.009  -44.134  72.329 0.0000000000
41306  40.899  -43.247  72.592 0.0000000000
43663  40.502  -41.247  71.242 0.0000000000
44841  44.776  -38.579  72.203 0.0000000000
46042  45.028  -37.787  72.353 0.0000000000
46044  44.298  -37.678  72.604 0.0000000000
47186  44.511  -37.429  72.631 0.0000000000
48375  44.285  -37.120  72.717 0.0000000000
52688  47.654  -31.928  69.640 0.0000000000
53803  47.636  -31.846  69.411 0.0000000000
54857  44.280  -30.428  70.998 0.0000000000
54894  42.378  -30.357  68.390 0.0000000000
55990  47.629  -29.742  69.781 0.0000000000
57041  46.470  -28.763  71.456 0.0000000000
57042  46.181  -28.628  71.590 0.0000000000
57060  47.214  -28.728  70.876 0.0000000000
57078  47.182  -28.444  70.773 0.0000000000
58110  47.379  -28.258  70.401 0.0000000000
61314  44.229  -25.196  71.453 0.0000000000
61329  45.733  -24.801  71.840 0.0000000000
62391  45.352  -23.632  71.507 0.0000000000
63480  45.625  -23.438  71.586 0.0000000000
63563  43.830  -21.812  67.666 0.0000000000
65719  47.993  -20.632  70.210 0.0000000000
65824  45.050  -19.975  65.149 0.0000000000
65883  49.048  -20.413  60.303 0.0000000000
66821  47.132  -20.103  70.762 0.0000000000
66829  48.222  -19.948  70.763 0.0000000000
66890  44.870  -19.937  66.668 0.0000000000
67902  46.781  -19.235  70.030 0.0000000000
70094  51.279  -17.197  64.301 0.0000000000
72300  56.293  -14.474  56.828 0.0000000000
