#!ascii label  , from subject sub-01 vox2ras=TkReg
924
46092  21.715  -37.337  69.023 0.0000000000
43665  34.597  -38.345  71.613 0.0000000000
69186  39.730  -16.889  54.060 0.0000000000
59321  31.108  -26.357  62.254 0.0000000000
53831  35.081  -31.918  67.561 0.0000000000
78510  51.199  -8.323  45.942 0.0000000000
65945  40.009  -18.296  57.467 0.0000000000
64793  35.461  -21.196  58.273 0.0000000000
44921  16.603  -38.737  68.451 0.0000000000
43740  28.692  -37.525  69.476 0.0000000000
46137  30.573  -38.749  66.188 0.0000000000
48440  24.606  -35.558  65.509 0.0000000000
74372  45.104  -11.915  50.266 0.0000000000
43633  25.661  -37.780  73.399 0.0000000000
42473  20.680  -39.454  72.291 0.0000000000
71340  45.358  -14.199  53.936 0.0000000000
41337  15.857  -39.940  72.639 0.0000000000
38962  10.728  -44.238  71.574 0.0000000000
60369  36.052  -23.559  61.905 0.0000000000
57163  33.768  -29.591  64.921 0.0000000000
51655  33.748  -34.017  62.637 0.0000000000
47340  33.744  -37.407  63.201 0.0000000000
65906  39.450  -18.561  60.045 0.0000000000
65934  37.440  -19.147  57.870 0.0000000000
64780  37.026  -20.756  60.233 0.0000000000
68068  42.640  -17.298  59.622 0.0000000000
47265  20.158  -36.954  67.235 0.0000000000
46144  17.414  -38.218  66.573 0.0000000000
44919  19.243  -38.335  69.368 0.0000000000
46075  25.038  -36.698  69.599 0.0000000000
46110  27.109  -36.929  67.998 0.0000000000
47262  22.956  -36.430  67.939 0.0000000000
48443  21.221  -35.983  65.506 0.0000000000
70280  40.326  -15.620  52.801 0.0000000000
69156  42.989  -16.626  55.722 0.0000000000
70265  43.554  -15.598  54.597 0.0000000000
72361  42.574  -14.158  52.321 0.0000000000
40126  19.933  -40.449  74.311 0.0000000000
42454  18.483  -39.622  72.585 0.0000000000
41300  17.889  -40.394  74.443 0.0000000000
38871  11.273  -43.780  76.876 0.0000000000
38900  11.859  -42.749  74.246 0.0000000000
37778  10.478  -44.381  73.985 0.0000000000
35296  8.611  -46.719  73.446 0.0000000000
35271  8.491  -46.765  75.456 0.0000000000
58162  33.925  -28.030  67.660 0.0000000000
56032  34.639  -30.121  66.286 0.0000000000
53855  33.336  -32.036  63.930 0.0000000000
52732  34.058  -32.758  65.090 0.0000000000
47319  28.578  -36.984  64.633 0.0000000000
46180  32.334  -38.560  64.777 0.0000000000
48477  29.825  -37.237  62.892 0.0000000000
48526  30.952  -36.453  61.510 0.0000000000
60355  32.990  -24.371  62.199 0.0000000000
60402  32.913  -24.625  59.216 0.0000000000
60404  30.769  -25.818  59.637 0.0000000000
78536  54.555  -8.827  43.486 0.0000000000
77508  52.348  -8.868  43.954 0.0000000000
67079  40.048  -17.779  55.637 0.0000000000
67063  37.792  -18.624  55.487 0.0000000000
68086  42.935  -16.983  57.244 0.0000000000
43689  31.704  -38.593  70.919 0.0000000000
43735  32.666  -38.559  69.255 0.0000000000
43758  29.796  -37.662  68.122 0.0000000000
46163  28.072  -36.725  66.004 0.0000000000
49535  25.383  -35.487  63.727 0.0000000000
74357  48.456  -12.312  51.845 0.0000000000
75350  48.390  -11.344  50.601 0.0000000000
76433  48.923  -9.698  48.820 0.0000000000
77494  48.979  -9.205  46.048 0.0000000000
43694  23.462  -37.540  71.218 0.0000000000
43719  21.145  -38.352  70.721 0.0000000000
43655  22.599  -38.866  72.703 0.0000000000
44863  27.393  -37.302  72.032 0.0000000000
73359  45.620  -13.378  52.530 0.0000000000
43699  18.795  -39.053  71.087 0.0000000000
43702  16.047  -39.623  70.768 0.0000000000
42497  13.749  -40.855  70.228 0.0000000000
40112  14.526  -40.957  74.384 0.0000000000
40142  12.595  -41.949  72.439 0.0000000000
32860  6.585  -47.851  77.125 0.0000000000
62550  37.371  -22.391  62.076 0.0000000000
60342  32.510  -24.696  63.522 0.0000000000
59269  32.565  -26.707  65.771 0.0000000000
58212  31.611  -27.662  64.164 0.0000000000
54967  31.826  -30.785  63.124 0.0000000000
52756  32.796  -33.350  61.795 0.0000000000
50664  32.977  -34.229  59.683 0.0000000000
46108  34.096  -38.330  67.115 0.0000000000
48426  35.662  -36.885  66.403 0.0000000000
49533  35.529  -35.160  64.859 0.0000000000
49564  34.259  -36.004  61.924 0.0000000000
49612  32.492  -35.389  60.280 0.0000000000
62580  35.784  -22.813  59.423 0.0000000000
61550  33.845  -23.488  57.453 0.0000000000
65890  39.611  -18.563  61.140 0.0000000000
65907  38.594  -19.050  59.934 0.0000000000
64768  38.047  -20.086  61.190 0.0000000000
66986  40.483  -18.109  60.617 0.0000000000
46115  21.414  -37.053  68.392 0.0000000000
46117  19.549  -37.367  67.609 0.0000000000
44918  20.301  -37.808  68.901 0.0000000000
46090  23.529  -36.855  69.420 0.0000000000
46112  24.354  -36.506  68.535 0.0000000000
46114  22.284  -36.850  68.558 0.0000000000
47282  21.516  -36.376  67.022 0.0000000000
70268  40.115  -16.210  53.481 0.0000000000
69168  41.708  -16.521  54.834 0.0000000000
70245  43.206  -16.137  54.933 0.0000000000
69184  41.582  -16.103  54.273 0.0000000000
70267  41.275  -15.660  53.590 0.0000000000
37730  10.464  -44.600  76.973 0.0000000000
37747  10.893  -44.069  75.388 0.0000000000
37748  10.263  -44.628  75.811 0.0000000000
36523  9.447  -45.477  74.288 0.0000000000
36509  9.336  -45.622  75.528 0.0000000000
36510  8.799  -46.322  74.977 0.0000000000
57138  34.807  -29.905  67.406 0.0000000000
54936  34.703  -30.983  66.450 0.0000000000
53845  34.254  -31.532  65.507 0.0000000000
52722  34.391  -32.708  66.085 0.0000000000
43664  35.045  -38.004  71.356 0.0000000000
48480  27.527  -35.860  63.537 0.0000000000
47344  29.690  -37.461  63.481 0.0000000000
48505  28.145  -35.917  62.590 0.0000000000
48528  29.129  -36.076  61.490 0.0000000000
60374  31.393  -25.774  61.614 0.0000000000
60389  31.656  -25.330  60.532 0.0000000000
78499  51.410  -8.171  46.861 0.0000000000
78497  53.458  -8.450  47.293 0.0000000000
78508  53.359  -8.472  46.267 0.0000000000
78518  53.112  -8.582  45.281 0.0000000000
78519  51.986  -8.442  45.155 0.0000000000
67060  40.148  -18.059  56.427 0.0000000000
67061  39.419  -18.236  55.947 0.0000000000
65962  38.878  -18.553  56.369 0.0000000000
65922  36.020  -20.314  58.313 0.0000000000
65949  36.409  -19.424  56.760 0.0000000000
65951  34.840  -20.516  56.700 0.0000000000
67015  41.251  -17.813  58.748 0.0000000000
67030  41.315  -17.856  57.848 0.0000000000
67058  41.840  -17.382  56.492 0.0000000000
44943  17.028  -38.426  67.322 0.0000000000
44923  15.211  -39.678  67.914 0.0000000000
43715  30.216  -38.219  70.009 0.0000000000
43738  30.554  -38.263  69.110 0.0000000000
44912  28.633  -37.392  68.764 0.0000000000
47279  24.901  -36.127  67.285 0.0000000000
46140  27.019  -36.699  67.021 0.0000000000
46165  26.284  -36.219  66.337 0.0000000000
47321  26.924  -36.003  65.105 0.0000000000
48459  24.980  -35.448  64.578 0.0000000000
48460  23.872  -35.405  64.578 0.0000000000
53876  30.578  -30.978  61.216 0.0000000000
73383  47.069  -12.515  51.699 0.0000000000
74369  48.459  -11.816  51.278 0.0000000000
74370  47.385  -11.953  51.096 0.0000000000
76430  47.300  -10.277  48.711 0.0000000000
76435  47.367  -9.896  47.823 0.0000000000
77482  48.290  -9.342  47.572 0.0000000000
43673  24.545  -37.422  71.871 0.0000000000
43675  22.470  -38.575  72.091 0.0000000000
43654  23.425  -38.513  72.923 0.0000000000
44851  26.443  -37.487  72.698 0.0000000000
44865  25.373  -37.242  71.674 0.0000000000
72372  47.289  -13.105  52.977 0.0000000000
72358  45.313  -13.757  53.170 0.0000000000
72376  43.402  -13.623  51.877 0.0000000000
43677  21.177  -39.092  71.970 0.0000000000
43698  19.852  -38.966  71.217 0.0000000000
42491  19.386  -39.258  71.672 0.0000000000
42456  16.703  -39.619  72.521 0.0000000000
42493  17.205  -39.347  71.516 0.0000000000
42478  15.635  -39.882  71.588 0.0000000000
42506  14.987  -39.987  70.275 0.0000000000
41350  13.985  -40.706  71.543 0.0000000000
40084  13.820  -41.478  76.242 0.0000000000
38919  11.455  -43.201  73.519 0.0000000000
40129  12.372  -42.192  73.582 0.0000000000
40159  11.911  -42.713  71.765 0.0000000000
40158  12.515  -42.151  71.293 0.0000000000
61466  33.246  -23.986  63.559 0.0000000000
58189  33.560  -28.448  66.392 0.0000000000
59254  33.104  -26.873  66.653 0.0000000000
58190  33.154  -27.933  66.038 0.0000000000
59283  32.131  -26.659  64.991 0.0000000000
57165  32.075  -28.281  64.560 0.0000000000
57175  31.784  -28.792  64.090 0.0000000000
56057  32.730  -29.923  64.173 0.0000000000
52741  33.270  -32.646  63.789 0.0000000000
53863  32.660  -31.971  63.431 0.0000000000
51656  33.294  -33.611  62.271 0.0000000000
51678  32.992  -33.793  60.607 0.0000000000
51665  33.488  -33.985  61.502 0.0000000000
44934  31.273  -39.035  67.733 0.0000000000
44909  33.646  -37.933  68.527 0.0000000000
44960  32.694  -39.229  66.886 0.0000000000
47314  33.281  -38.198  64.235 0.0000000000
47295  33.527  -38.403  64.929 0.0000000000
47313  34.608  -37.367  64.125 0.0000000000
48437  35.767  -35.835  65.763 0.0000000000
48475  35.088  -36.506  63.695 0.0000000000
49545  35.110  -35.826  63.236 0.0000000000
48499  34.082  -36.630  62.504 0.0000000000
49614  30.331  -35.609  59.992 0.0000000000
49589  31.692  -36.001  60.828 0.0000000000
61496  36.628  -23.294  62.034 0.0000000000
62565  36.482  -22.840  60.874 0.0000000000
61510  35.945  -23.523  60.790 0.0000000000
60418  32.940  -24.478  58.071 0.0000000000
60417  33.559  -23.985  57.865 0.0000000000
78544  54.538  -8.616  42.566 0.0000000000
65918  39.448  -18.450  59.002 0.0000000000
65933  38.411  -18.786  57.946 0.0000000000
65919  38.482  -18.854  58.947 0.0000000000
65920  37.622  -19.366  58.826 0.0000000000
64792  36.099  -20.959  58.995 0.0000000000
68055  41.938  -17.487  60.548 0.0000000000
67016  40.982  -17.865  59.226 0.0000000000
46142  18.848  -37.404  66.824 0.0000000000
44942  18.280  -37.994  68.113 0.0000000000
44920  17.801  -38.328  68.841 0.0000000000
44914  26.814  -36.903  69.170 0.0000000000
44939  27.253  -37.026  68.665 0.0000000000
46088  25.922  -36.691  68.792 0.0000000000
47260  24.768  -36.332  67.970 0.0000000000
47300  23.293  -35.836  66.594 0.0000000000
48442  22.137  -35.647  65.471 0.0000000000
48428  21.833  -35.969  66.314 0.0000000000
48444  20.478  -36.366  65.645 0.0000000000
74373  44.252  -12.233  49.761 0.0000000000
43634  24.500  -38.385  73.878 0.0000000000
70230  44.259  -16.250  55.612 0.0000000000
70264  44.379  -15.292  54.776 0.0000000000
71328  43.999  -14.955  54.187 0.0000000000
71341  44.576  -14.378  53.702 0.0000000000
71329  43.140  -15.148  53.939 0.0000000000
71344  41.672  -14.819  52.733 0.0000000000
41332  20.753  -40.079  73.291 0.0000000000
42453  19.465  -39.712  72.634 0.0000000000
41334  18.985  -39.942  73.248 0.0000000000
41335  17.986  -39.722  73.216 0.0000000000
41318  16.192  -40.059  73.662 0.0000000000
38883  12.356  -42.190  75.538 0.0000000000
38884  11.945  -42.730  75.349 0.0000000000
38901  11.307  -43.580  74.711 0.0000000000
38937  10.803  -43.888  72.886 0.0000000000
37794  10.062  -45.035  72.841 0.0000000000
57139  34.308  -29.418  66.932 0.0000000000
56040  34.232  -29.996  65.153 0.0000000000
56048  33.977  -30.139  64.667 0.0000000000
54948  34.069  -30.815  64.879 0.0000000000
52733  33.847  -32.221  64.728 0.0000000000
51644  34.009  -34.069  63.658 0.0000000000
46183  29.516  -38.025  65.048 0.0000000000
46160  30.889  -38.670  65.517 0.0000000000
47317  30.004  -38.022  64.157 0.0000000000
47343  30.534  -37.772  63.446 0.0000000000
47370  31.899  -37.554  62.647 0.0000000000
48501  32.379  -37.087  62.032 0.0000000000
48502  31.355  -37.096  62.058 0.0000000000
49591  29.629  -35.907  60.791 0.0000000000
60354  34.308  -23.867  61.908 0.0000000000
60371  34.375  -24.029  60.893 0.0000000000
60388  32.686  -24.753  60.306 0.0000000000
60403  31.830  -25.070  59.431 0.0000000000
78527  53.887  -8.834  44.350 0.0000000000
77507  52.991  -8.947  43.762 0.0000000000
68120  39.873  -17.501  54.969 0.0000000000
68140  38.884  -17.424  54.096 0.0000000000
68121  39.017  -17.718  54.760 0.0000000000
65948  37.318  -19.098  56.931 0.0000000000
65965  36.186  -19.203  55.851 0.0000000000
68067  43.651  -16.755  59.825 0.0000000000
68084  43.778  -16.566  58.320 0.0000000000
69136  44.173  -16.318  57.535 0.0000000000
68104  43.259  -16.690  56.359 0.0000000000
68118  41.895  -16.865  55.536 0.0000000000
43667  33.084  -38.762  71.488 0.0000000000
43686  33.938  -38.358  70.791 0.0000000000
43713  31.854  -38.573  70.057 0.0000000000
43756  30.926  -38.536  68.371 0.0000000000
44963  30.135  -38.213  66.668 0.0000000000
46109  28.025  -36.974  67.681 0.0000000000
46139  28.382  -36.936  66.982 0.0000000000
46162  29.234  -37.525  66.024 0.0000000000
46185  28.449  -36.835  65.258 0.0000000000
47347  27.520  -36.062  64.465 0.0000000000
49547  25.981  -35.612  63.008 0.0000000000
75357  50.026  -10.885  50.476 0.0000000000
75360  47.319  -10.730  49.531 0.0000000000
75359  48.344  -10.772  49.870 0.0000000000
76427  50.372  -10.241  49.957 0.0000000000
77474  49.665  -9.424  48.824 0.0000000000
77487  49.969  -8.694  47.562 0.0000000000
78500  50.335  -8.467  46.719 0.0000000000
78520  50.919  -8.615  45.109 0.0000000000
44915  22.628  -37.290  69.825 0.0000000000
44899  21.420  -37.910  70.180 0.0000000000
43696  21.918  -38.328  71.193 0.0000000000
43676  21.576  -38.904  71.949 0.0000000000
42472  21.300  -39.355  72.362 0.0000000000
42419  24.043  -39.041  74.563 0.0000000000
41331  21.351  -40.021  73.389 0.0000000000
41296  21.445  -40.501  74.510 0.0000000000
43648  34.294  -39.092  72.863 0.0000000000
42467  32.821  -38.961  71.923 0.0000000000
43669  31.440  -38.578  71.556 0.0000000000
43691  30.023  -38.185  71.084 0.0000000000
43692  28.942  -37.675  71.370 0.0000000000
43693  28.219  -37.422  71.044 0.0000000000
44878  26.386  -36.996  70.921 0.0000000000
44896  24.143  -36.932  70.315 0.0000000000
73370  48.297  -12.711  52.610 0.0000000000
73371  47.440  -12.743  52.207 0.0000000000
73385  45.247  -12.472  51.100 0.0000000000
72359  44.412  -14.004  53.005 0.0000000000
73374  44.306  -13.071  51.503 0.0000000000
73386  44.204  -12.483  50.687 0.0000000000
44900  20.505  -38.068  69.989 0.0000000000
43741  19.023  -38.627  69.846 0.0000000000
43743  17.340  -38.680  69.574 0.0000000000
42492  18.338  -39.280  71.600 0.0000000000
43700  17.679  -39.114  71.045 0.0000000000
43744  16.209  -39.077  69.251 0.0000000000
43725  14.829  -40.093  69.335 0.0000000000
42523  14.013  -40.842  68.676 0.0000000000
41302  15.361  -40.605  74.281 0.0000000000
41319  15.113  -40.522  73.391 0.0000000000
40128  13.152  -41.464  73.124 0.0000000000
41339  13.571  -41.176  72.493 0.0000000000
41351  13.123  -41.531  71.787 0.0000000000
34019  7.643  -47.365  76.927 0.0000000000
64754  38.054  -20.565  61.919 0.0000000000
60353  35.616  -23.592  62.455 0.0000000000
60341  33.586  -23.916  62.899 0.0000000000
60343  31.605  -25.881  63.450 0.0000000000
60324  32.402  -25.293  64.992 0.0000000000
59284  31.745  -26.740  64.284 0.0000000000
58225  31.248  -27.336  63.505 0.0000000000
57176  31.044  -28.684  63.302 0.0000000000
56068  30.873  -29.604  62.758 0.0000000000
53865  31.423  -31.374  62.451 0.0000000000
54958  33.081  -30.913  64.009 0.0000000000
53864  31.933  -31.867  62.793 0.0000000000
52757  32.019  -32.632  61.677 0.0000000000
52766  32.511  -33.161  60.613 0.0000000000
50678  33.227  -34.263  58.733 0.0000000000
52714  35.156  -32.877  67.975 0.0000000000
43709  34.360  -37.721  69.969 0.0000000000
44908  34.304  -37.341  68.565 0.0000000000
46105  34.805  -36.872  68.359 0.0000000000
46158  32.625  -38.807  65.444 0.0000000000
46132  34.541  -38.167  66.543 0.0000000000
48417  35.303  -36.558  67.329 0.0000000000
49516  35.259  -35.475  67.234 0.0000000000
50594  35.076  -34.644  66.972 0.0000000000
51620  34.753  -33.741  66.610 0.0000000000
51635  34.495  -33.841  65.116 0.0000000000
50622  34.661  -34.709  63.058 0.0000000000
50623  34.447  -34.735  62.420 0.0000000000
48524  32.982  -36.516  61.578 0.0000000000
49587  33.794  -35.699  61.341 0.0000000000
50636  33.765  -34.731  61.200 0.0000000000
50651  32.689  -34.781  59.777 0.0000000000
63689  37.010  -21.620  60.826 0.0000000000
63690  36.583  -21.717  60.154 0.0000000000
62593  35.568  -22.466  58.932 0.0000000000
60400  34.693  -23.786  59.506 0.0000000000
61549  34.556  -23.261  58.271 0.0000000000
62606  34.553  -22.900  57.768 0.0000000000
78538  51.025  -9.130  43.956 0.0000000000
65870  38.792  -19.660  62.101 0.0000000000
65891  38.560  -19.358  61.045 0.0000000000
46093  21.053  -37.502  68.782 0.0000000000
46091  22.519  -37.085  69.224 0.0000000000
69185  40.821  -16.385  54.195 0.0000000000
70269  39.457  -16.608  53.351 0.0000000000
69169  40.498  -16.987  54.666 0.0000000000
36508  9.797  -45.043  75.875 0.0000000000
37749  9.772  -44.999  75.557 0.0000000000
54928  35.010  -30.928  67.182 0.0000000000
53837  34.670  -31.741  66.751 0.0000000000
53838  34.440  -31.544  66.034 0.0000000000
43645  35.825  -38.232  72.587 0.0000000000
48506  27.382  -35.703  62.614 0.0000000000
48479  28.540  -36.389  63.246 0.0000000000
49566  27.756  -35.829  61.849 0.0000000000
78498  52.440  -8.253  47.073 0.0000000000
78509  52.283  -8.231  46.072 0.0000000000
67045  40.082  -18.236  57.021 0.0000000000
65961  39.469  -18.378  56.415 0.0000000000
65946  39.347  -18.479  57.063 0.0000000000
65936  35.588  -20.213  57.473 0.0000000000
65937  35.076  -20.737  57.365 0.0000000000
64816  34.531  -21.100  56.815 0.0000000000
64806  34.813  -21.438  57.407 0.0000000000
65931  40.413  -18.190  58.084 0.0000000000
67031  40.844  -18.041  57.696 0.0000000000
67044  40.739  -17.989  57.222 0.0000000000
44922  15.709  -39.295  68.194 0.0000000000
43716  29.276  -37.858  70.170 0.0000000000
43739  29.565  -37.810  68.951 0.0000000000
47299  24.254  -35.796  66.470 0.0000000000
46141  26.081  -36.317  66.864 0.0000000000
47298  25.570  -35.936  66.179 0.0000000000
48439  25.497  -35.647  65.289 0.0000000000
53875  31.023  -31.464  61.560 0.0000000000
73384  46.296  -12.524  51.415 0.0000000000
74371  46.263  -11.839  50.575 0.0000000000
76442  47.284  -10.109  47.036 0.0000000000
43653  24.755  -37.656  72.619 0.0000000000
43652  25.634  -37.583  72.771 0.0000000000
44852  25.726  -37.455  72.309 0.0000000000
71326  45.411  -14.651  54.659 0.0000000000
72348  46.545  -13.862  54.105 0.0000000000
72357  46.292  -13.616  53.444 0.0000000000
42489  20.904  -39.199  71.997 0.0000000000
42490  20.308  -39.191  71.826 0.0000000000
41348  15.811  -39.911  72.012 0.0000000000
41349  15.094  -40.109  71.961 0.0000000000
42479  14.854  -40.150  71.373 0.0000000000
38936  11.354  -43.354  72.303 0.0000000000
40143  11.903  -42.679  72.851 0.0000000000
38961  11.393  -43.488  71.136 0.0000000000
57153  33.806  -29.169  65.808 0.0000000000
57154  33.121  -28.480  65.560 0.0000000000
58202  32.616  -27.774  65.399 0.0000000000
57164  32.841  -28.904  64.822 0.0000000000
52748  33.474  -33.421  63.371 0.0000000000
52749  33.090  -33.029  63.174 0.0000000000
44962  30.821  -38.980  66.847 0.0000000000
44961  31.747  -39.215  66.925 0.0000000000
46136  31.285  -39.092  66.105 0.0000000000
47341  32.528  -37.857  63.318 0.0000000000
47339  34.512  -37.103  63.487 0.0000000000
48476  34.463  -36.842  63.130 0.0000000000
47368  33.484  -37.147  62.591 0.0000000000
61497  36.139  -23.495  61.431 0.0000000000
65908  37.686  -19.682  59.929 0.0000000000
65909  37.095  -20.091  59.495 0.0000000000
65921  36.731  -19.982  58.730 0.0000000000
64781  36.568  -20.828  59.592 0.0000000000
68036  42.834  -16.743  61.332 0.0000000000
65905  40.151  -18.250  60.176 0.0000000000
67001  40.806  -17.969  59.746 0.0000000000
65917  40.461  -18.038  59.103 0.0000000000
44941  19.336  -37.762  68.316 0.0000000000
46074  26.027  -36.749  69.386 0.0000000000
46089  24.781  -36.599  69.038 0.0000000000
47261  24.005  -36.354  67.971 0.0000000000
47280  23.675  -36.071  67.276 0.0000000000
48427  22.625  -35.793  66.262 0.0000000000
47281  22.548  -36.116  67.084 0.0000000000
47283  20.668  -36.568  66.796 0.0000000000
48429  21.030  -36.251  66.279 0.0000000000
48430  20.490  -36.453  66.236 0.0000000000
69155  43.646  -16.473  55.784 0.0000000000
70266  42.440  -15.845  54.358 0.0000000000
70244  44.075  -15.952  55.245 0.0000000000
70279  40.993  -15.283  52.860 0.0000000000
41314  20.366  -40.273  74.001 0.0000000000
41333  19.929  -40.033  73.279 0.0000000000
41315  19.445  -40.303  74.014 0.0000000000
41316  18.439  -40.181  73.865 0.0000000000
41317  17.377  -39.971  73.848 0.0000000000
41336  16.921  -39.627  73.095 0.0000000000
38870  11.821  -43.161  76.441 0.0000000000
37763  10.529  -44.314  74.675 0.0000000000
37762  10.940  -44.002  74.823 0.0000000000
38902  10.934  -43.981  74.543 0.0000000000
38920  10.864  -43.974  73.967 0.0000000000
37793  10.453  -44.439  73.364 0.0000000000
37779  10.040  -44.837  73.911 0.0000000000
36535  9.078  -45.976  73.631 0.0000000000
36534  9.551  -45.532  73.280 0.0000000000
34043  8.137  -47.225  75.533 0.0000000000
57152  34.355  -29.737  66.134 0.0000000000
56039  34.447  -30.031  65.725 0.0000000000
54938  34.443  -30.488  65.357 0.0000000000
53846  34.041  -31.628  65.091 0.0000000000
52739  33.909  -33.463  64.391 0.0000000000
52740  33.561  -32.920  64.096 0.0000000000
47318  29.197  -37.566  64.358 0.0000000000
48478  29.282  -37.014  62.921 0.0000000000
47372  30.218  -37.400  62.962 0.0000000000
47342  31.455  -37.921  63.347 0.0000000000
47371  30.923  -37.473  62.779 0.0000000000
48503  30.186  -36.912  62.358 0.0000000000
60372  33.454  -24.381  61.126 0.0000000000
78528  52.684  -8.757  44.455 0.0000000000
77519  52.047  -9.129  43.413 0.0000000000
68119  40.900  -17.269  55.312 0.0000000000
67062  38.650  -18.434  55.714 0.0000000000
67081  38.445  -18.249  55.030 0.0000000000
67064  36.875  -18.823  55.258 0.0000000000
65947  38.245  -18.782  57.042 0.0000000000
65950  35.601  -19.740  56.462 0.0000000000
67065  36.045  -19.110  55.031 0.0000000000
68053  43.564  -16.791  60.364 0.0000000000
67013  42.753  -17.212  58.072 0.0000000000
68077  43.225  -16.939  58.763 0.0000000000
68085  43.347  -16.791  57.647 0.0000000000
69137  43.765  -16.538  56.943 0.0000000000
68093  42.768  -17.002  56.766 0.0000000000
67078  40.748  -17.612  55.908 0.0000000000
68106  42.018  -17.133  56.086 0.0000000000
68107  41.373  -17.298  55.839 0.0000000000
43688  32.455  -38.622  70.919 0.0000000000
43687  33.192  -38.546  70.818 0.0000000000
43757  30.317  -37.985  68.211 0.0000000000
44935  30.574  -38.475  67.504 0.0000000000
44936  30.007  -37.770  67.480 0.0000000000
44938  28.053  -37.153  68.250 0.0000000000
46164  26.888  -36.402  66.335 0.0000000000
46138  29.214  -37.319  66.563 0.0000000000
48458  26.058  -35.640  64.513 0.0000000000
48457  26.912  -35.833  64.281 0.0000000000
48481  26.546  -35.651  63.689 0.0000000000
49534  25.987  -35.576  63.741 0.0000000000
48461  22.586  -35.532  64.339 0.0000000000
48462  21.466  -35.908  64.515 0.0000000000
74356  49.253  -12.180  52.114 0.0000000000
74368  49.333  -11.718  51.478 0.0000000000
75349  49.338  -11.322  50.822 0.0000000000
75358  49.327  -10.817  50.192 0.0000000000
74380  45.841  -11.510  49.810 0.0000000000
75352  46.584  -11.232  49.875 0.0000000000
76429  48.239  -10.230  49.129 0.0000000000
76428  49.333  -10.087  49.465 0.0000000000
77473  50.431  -9.430  49.225 0.0000000000
77488  49.196  -8.837  47.021 0.0000000000
78501  49.671  -8.747  46.276 0.0000000000
44881  23.370  -37.400  70.842 0.0000000000
44882  22.669  -37.743  70.833 0.0000000000
43695  22.875  -37.914  71.326 0.0000000000
42470  22.254  -38.974  72.555 0.0000000000
42471  21.909  -39.153  72.503 0.0000000000
42430  23.838  -38.829  73.958 0.0000000000
42420  23.290  -39.707  75.013 0.0000000000
42433  21.979  -39.901  73.673 0.0000000000
41312  21.822  -40.155  73.969 0.0000000000
42443  33.800  -39.076  72.471 0.0000000000
44876  28.098  -37.376  71.521 0.0000000000
44877  27.476  -37.171  71.105 0.0000000000
44893  27.263  -37.063  70.288 0.0000000000
44880  24.183  -37.151  70.946 0.0000000000
44897  23.225  -37.197  70.219 0.0000000000
73358  46.068  -13.401  52.787 0.0000000000
72373  46.700  -13.163  52.705 0.0000000000
73372  46.376  -13.001  52.162 0.0000000000
73373  45.324  -13.123  51.932 0.0000000000
71342  43.742  -14.554  53.477 0.0000000000
72360  43.544  -14.101  52.720 0.0000000000
72377  42.378  -13.752  51.263 0.0000000000
73375  43.347  -13.128  51.003 0.0000000000
43718  21.654  -38.108  70.660 0.0000000000
43721  19.236  -38.710  70.357 0.0000000000
43742  18.484  -38.619  69.766 0.0000000000
43722  18.102  -38.868  70.404 0.0000000000
42475  18.936  -39.483  72.079 0.0000000000
42476  17.862  -39.469  72.021 0.0000000000
42494  16.158  -39.687  71.226 0.0000000000
43701  16.631  -39.397  70.879 0.0000000000
43723  16.928  -39.013  70.297 0.0000000000
43724  15.757  -39.505  70.081 0.0000000000
42507  14.248  -40.517  69.667 0.0000000000
42508  13.553  -41.170  69.426 0.0000000000
40096  14.636  -40.988  75.141 0.0000000000
41303  14.512  -40.840  73.920 0.0000000000
40098  12.361  -42.117  75.254 0.0000000000
40114  12.417  -42.053  74.670 0.0000000000
41320  14.044  -40.911  73.299 0.0000000000
41340  13.069  -41.539  72.358 0.0000000000
34018  8.160  -46.991  76.723 0.0000000000
32859  7.112  -47.668  77.086 0.0000000000
61479  37.419  -22.901  63.402 0.0000000000
60339  35.441  -23.530  63.108 0.0000000000
60340  34.695  -23.605  62.905 0.0000000000
61445  33.115  -24.031  64.332 0.0000000000
60356  31.962  -25.144  62.468 0.0000000000
60307  32.806  -25.609  66.099 0.0000000000
58203  32.111  -27.694  64.803 0.0000000000
59296  31.423  -26.845  63.707 0.0000000000
58226  30.862  -27.651  62.868 0.0000000000
58213  31.246  -28.005  63.664 0.0000000000
56058  31.940  -29.898  63.809 0.0000000000
56059  31.390  -29.424  63.464 0.0000000000
56067  31.456  -30.062  63.115 0.0000000000
54968  31.065  -30.642  62.491 0.0000000000
54957  33.675  -31.187  64.323 0.0000000000
52750  32.436  -32.640  62.631 0.0000000000
51694  32.924  -33.541  59.627 0.0000000000
50679  32.743  -34.839  58.591 0.0000000000
43711  33.241  -38.374  69.803 0.0000000000
43710  33.984  -38.038  69.995 0.0000000000
44892  33.572  -38.061  69.322 0.0000000000
44932  33.447  -38.749  67.555 0.0000000000
44931  33.977  -37.861  67.715 0.0000000000
46086  34.929  -36.938  69.001 0.0000000000
46107  34.480  -37.792  67.289 0.0000000000
46181  31.384  -38.515  64.758 0.0000000000
46159  31.769  -38.853  65.405 0.0000000000
47294  34.325  -38.094  65.158 0.0000000000
47278  34.630  -38.142  65.900 0.0000000000
47277  35.213  -37.539  66.179 0.0000000000
47259  35.150  -37.175  67.116 0.0000000000
47276  35.491  -36.902  66.939 0.0000000000
48424  35.276  -35.953  67.455 0.0000000000
48425  35.520  -36.225  66.805 0.0000000000
48454  35.779  -35.546  65.205 0.0000000000
49523  35.412  -35.289  66.434 0.0000000000
49532  35.532  -35.071  65.640 0.0000000000
50600  34.999  -34.547  66.130 0.0000000000
50606  34.979  -34.526  65.350 0.0000000000
51627  34.573  -33.812  65.805 0.0000000000
49563  34.800  -35.595  62.539 0.0000000000
49562  35.068  -35.195  63.268 0.0000000000
49586  34.414  -35.340  61.903 0.0000000000
48525  32.000  -36.552  61.475 0.0000000000
49588  32.739  -35.988  60.971 0.0000000000
49611  33.276  -35.295  60.792 0.0000000000
50650  33.168  -34.573  60.524 0.0000000000
63667  37.729  -21.652  62.317 0.0000000000
64755  37.670  -21.194  61.741 0.0000000000
63680  37.393  -21.723  61.543 0.0000000000
62579  36.396  -22.625  60.341 0.0000000000
62578  36.698  -22.151  60.645 0.0000000000
63691  36.212  -22.189  59.711 0.0000000000
60387  33.759  -24.320  60.129 0.0000000000
60386  34.840  -23.896  60.166 0.0000000000
60401  33.976  -24.049  59.077 0.0000000000
60440  33.373  -23.904  57.212 0.0000000000
61535  34.258  -23.646  58.469 0.0000000000
78535  55.016  -8.225  43.293 0.0000000000
79559  55.287  -7.619  44.054 0.0000000000
78530  50.578  -9.067  44.489 0.0000000000
77510  50.090  -9.668  44.456 0.0000000000
65892  38.034  -19.714  60.664 0.0000000000
65889  40.074  -18.293  60.616 0.0000000000
46116  20.517  -37.310  68.148 0.0000000000
44940  19.955  -37.568  68.273 0.0000000000
46076  24.041  -36.811  69.786 0.0000000000
46113  23.269  -36.673  68.643 0.0000000000
47263  21.956  -36.599  67.820 0.0000000000
47264  21.030  -36.779  67.635 0.0000000000
69167  42.799  -16.498  55.323 0.0000000000
69166  43.480  -16.301  55.290 0.0000000000
70246  42.578  -16.259  54.871 0.0000000000
71330  42.273  -15.219  53.607 0.0000000000
40107  20.203  -40.729  74.725 0.0000000000
40127  19.646  -40.589  74.453 0.0000000000
40108  19.276  -40.857  74.767 0.0000000000
37764  9.810  -44.875  74.956 0.0000000000
36524  8.918  -46.121  74.400 0.0000000000
35270  9.037  -46.131  76.283 0.0000000000
56022  35.103  -30.291  67.669 0.0000000000
56031  34.815  -30.232  66.917 0.0000000000
54929  34.807  -30.566  66.492 0.0000000000
54937  34.563  -30.730  65.867 0.0000000000
52723  34.267  -32.076  65.644 0.0000000000
47346  28.159  -36.480  64.132 0.0000000000
47345  28.823  -37.094  63.748 0.0000000000
48504  29.095  -36.331  62.300 0.0000000000
49565  28.528  -35.957  61.853 0.0000000000
60373  32.334  -24.874  61.378 0.0000000000
78488  51.487  -8.409  47.811 0.0000000000
78487  52.464  -8.467  48.086 0.0000000000
78517  54.307  -8.619  45.448 0.0000000000
78529  51.627  -8.826  44.265 0.0000000000
65963  38.009  -18.718  56.253 0.0000000000
65935  36.530  -19.569  57.716 0.0000000000
66999  41.983  -17.624  59.085 0.0000000000
68078  42.552  -17.370  58.760 0.0000000000
67014  42.062  -17.581  58.310 0.0000000000
67029  42.375  -17.362  57.447 0.0000000000
67042  42.317  -17.305  56.917 0.0000000000
67043  41.756  -17.567  56.965 0.0000000000
67059  41.242  -17.584  56.408 0.0000000000
43745  15.212  -39.698  68.643 0.0000000000
43690  30.880  -38.473  70.904 0.0000000000
43714  31.067  -38.512  70.017 0.0000000000
44937  29.167  -37.384  67.991 0.0000000000
46111  25.662  -36.487  67.955 0.0000000000
47296  27.275  -36.328  65.731 0.0000000000
47297  26.527  -36.136  65.892 0.0000000000
47322  26.143  -35.853  65.445 0.0000000000
49536  24.392  -35.429  63.674 0.0000000000
49537  23.377  -35.492  63.562 0.0000000000
54979  30.314  -30.350  61.350 0.0000000000
74358  47.782  -12.314  51.610 0.0000000000
75361  46.195  -10.894  49.035 0.0000000000
76431  46.643  -10.436  48.226 0.0000000000
76434  48.175  -9.663  48.425 0.0000000000
77483  47.740  -9.633  47.155 0.0000000000
77489  48.299  -9.372  46.754 0.0000000000
43674  23.701  -37.717  71.799 0.0000000000
44864  26.468  -37.259  71.780 0.0000000000
44866  24.564  -37.232  71.413 0.0000000000
72356  47.154  -13.469  53.668 0.0000000000
43697  20.927  -38.893  71.454 0.0000000000
43720  20.286  -38.571  70.704 0.0000000000
42455  17.451  -39.496  72.535 0.0000000000
42477  16.595  -39.656  71.977 0.0000000000
42505  15.634  -39.745  70.709 0.0000000000
42495  15.274  -39.949  70.998 0.0000000000
42496  14.390  -40.400  70.708 0.0000000000
41358  13.775  -40.877  70.767 0.0000000000
38918  11.861  -42.715  73.691 0.0000000000
40130  11.870  -42.697  73.417 0.0000000000
61465  33.970  -23.577  63.635 0.0000000000
61444  34.277  -23.433  64.724 0.0000000000
58175  33.736  -28.250  67.025 0.0000000000
59253  33.433  -27.518  66.984 0.0000000000
58176  33.382  -27.833  66.617 0.0000000000
57174  32.326  -29.399  64.296 0.0000000000
54959  32.410  -30.545  63.727 0.0000000000
43754  32.252  -38.759  68.778 0.0000000000
44910  33.047  -38.482  68.808 0.0000000000
44933  32.358  -39.096  68.041 0.0000000000
44959  33.271  -39.051  66.730 0.0000000000
47315  31.979  -38.303  64.035 0.0000000000
46179  33.038  -38.549  64.947 0.0000000000
47293  35.202  -37.238  65.005 0.0000000000
48438  35.660  -36.706  65.766 0.0000000000
47312  35.227  -36.990  64.439 0.0000000000
48455  35.567  -36.266  64.647 0.0000000000
48474  35.449  -36.097  64.046 0.0000000000
49544  35.327  -35.493  63.971 0.0000000000
48498  34.766  -36.314  62.968 0.0000000000
49590  30.636  -35.939  60.785 0.0000000000
49613  31.371  -35.508  60.102 0.0000000000
49628  32.060  -35.139  59.477 0.0000000000
49629  31.124  -35.372  59.247 0.0000000000
61508  36.948  -22.870  61.821 0.0000000000
62564  36.826  -22.443  61.194 0.0000000000
61509  36.488  -23.109  61.253 0.0000000000
61521  36.280  -23.112  60.672 0.0000000000
61522  35.955  -23.287  60.143 0.0000000000
65932  39.365  -18.493  58.058 0.0000000000
68054  43.061  -16.857  60.674 0.0000000000
68069  41.876  -17.658  59.742 0.0000000000
68056  41.118  -17.782  60.787 0.0000000000
66985  41.296  -17.832  60.116 0.0000000000
67000  41.379  -17.777  59.423 0.0000000000
65930  40.878  -17.972  58.473 0.0000000000
46143  17.985  -37.804  66.162 0.0000000000
46118  18.594  -37.628  67.397 0.0000000000
46119  17.818  -37.962  67.128 0.0000000000
44913  27.672  -37.178  69.320 0.0000000000
46087  26.651  -36.849  68.774 0.0000000000
48441  23.335  -35.570  65.650 0.0000000000
43620  26.046  -38.265  74.550 0.0000000000
70229  44.807  -15.918  55.759 0.0000000000
70243  45.097  -15.326  55.131 0.0000000000
70263  44.874  -14.986  54.841 0.0000000000
71327  44.730  -14.728  54.398 0.0000000000
71343  42.816  -14.645  53.188 0.0000000000
71355  41.174  -14.660  51.782 0.0000000000
42452  20.347  -39.757  72.700 0.0000000000
38869  12.334  -42.366  76.048 0.0000000000
58174  34.145  -28.628  67.478 0.0000000000
57140  33.823  -28.858  66.526 0.0000000000
54947  34.308  -30.974  65.379 0.0000000000
53854  33.792  -31.763  64.515 0.0000000000
46161  30.048  -38.247  65.829 0.0000000000
46182  30.438  -38.335  64.881 0.0000000000
47316  30.946  -38.260  64.044 0.0000000000
47369  32.872  -37.402  62.623 0.0000000000
48527  29.924  -36.261  61.536 0.0000000000
60370  35.369  -23.757  61.256 0.0000000000
60419  32.052  -25.004  58.316 0.0000000000
77506  53.746  -9.038  43.478 0.0000000000
77518  53.074  -9.143  43.035 0.0000000000
68139  39.486  -17.370  54.517 0.0000000000
67080  39.222  -17.954  55.356 0.0000000000
65964  37.092  -18.872  56.107 0.0000000000
68076  43.880  -16.541  59.124 0.0000000000
69145  43.680  -16.566  56.428 0.0000000000
68094  42.273  -17.205  56.545 0.0000000000
68105  42.802  -16.796  56.128 0.0000000000
68117  42.528  -16.749  55.751 0.0000000000
43666  33.882  -38.742  71.874 0.0000000000
43712  32.568  -38.536  70.026 0.0000000000
43736  32.047  -38.603  69.313 0.0000000000
43737  31.339  -38.530  69.226 0.0000000000
43755  31.675  -38.800  68.578 0.0000000000
44965  28.613  -37.103  67.561 0.0000000000
44964  29.387  -37.403  67.033 0.0000000000
44986  29.678  -37.672  66.435 0.0000000000
44985  29.814  -37.941  66.241 0.0000000000
46184  28.863  -37.322  65.219 0.0000000000
47320  27.886  -36.460  65.077 0.0000000000
49546  26.822  -35.619  62.991 0.0000000000
58243  30.599  -27.293  62.111 0.0000000000
76423  50.653  -10.630  50.473 0.0000000000
75351  47.382  -11.304  50.286 0.0000000000
77480  50.408  -8.827  48.322 0.0000000000
77481  49.217  -9.150  48.121 0.0000000000
78489  50.714  -8.430  47.489 0.0000000000
78511  50.266  -8.596  45.815 0.0000000000
44916  21.916  -37.559  69.681 0.0000000000
44898  22.178  -37.769  70.398 0.0000000000
43635  23.713  -38.729  73.618 0.0000000000
42448  22.835  -38.941  73.085 0.0000000000
42431  23.212  -39.126  73.755 0.0000000000
42449  22.375  -39.252  73.064 0.0000000000
42450  21.763  -39.692  73.181 0.0000000000
42451  21.080  -39.801  72.798 0.0000000000
41313  21.151  -40.272  73.898 0.0000000000
41297  20.888  -40.520  74.404 0.0000000000
40106  21.091  -40.812  74.950 0.0000000000
43626  35.845  -38.364  73.074 0.0000000000
43647  34.741  -38.740  72.603 0.0000000000
42465  33.727  -38.914  72.132 0.0000000000
43668  32.695  -38.755  71.427 0.0000000000
42488  32.166  -38.693  71.265 0.0000000000
42468  32.093  -38.841  71.845 0.0000000000
43717  28.249  -37.403  70.354 0.0000000000
44894  26.392  -36.867  69.966 0.0000000000
44895  25.178  -36.809  70.169 0.0000000000
44879  25.318  -36.939  70.834 0.0000000000
46077  23.576  -36.947  69.849 0.0000000000
69187  38.797  -17.031  53.178 0.0000000000
73369  49.184  -12.518  52.781 0.0000000000
72371  47.801  -13.021  53.292 0.0000000000
72374  44.993  -13.558  52.606 0.0000000000
72375  44.330  -13.589  52.291 0.0000000000
44917  21.174  -37.735  69.419 0.0000000000
44901  19.842  -38.386  70.171 0.0000000000
42474  19.893  -39.427  72.189 0.0000000000
43746  14.502  -40.429  68.278 0.0000000000
43726  14.397  -40.472  68.991 0.0000000000
41301  16.652  -40.271  74.567 0.0000000000
41338  14.569  -40.485  72.578 0.0000000000
40097  12.950  -41.663  75.461 0.0000000000
40113  13.495  -41.240  74.205 0.0000000000
41359  13.032  -41.568  70.494 0.0000000000
35258  8.613  -46.585  76.473 0.0000000000
34031  8.169  -47.174  75.924 0.0000000000
34032  7.674  -47.596  76.130 0.0000000000
32892  7.138  -48.282  75.621 0.0000000000
60352  36.319  -23.460  62.425 0.0000000000
60357  31.380  -25.914  62.565 0.0000000000
60325  32.004  -25.800  64.277 0.0000000000
59307  31.203  -26.685  62.970 0.0000000000
59308  30.928  -26.907  62.384 0.0000000000
57185  30.555  -28.651  62.490 0.0000000000
54978  30.687  -30.745  61.772 0.0000000000
56049  33.432  -29.981  64.468 0.0000000000
54966  32.384  -31.203  63.448 0.0000000000
53874  31.518  -31.977  61.991 0.0000000000
52758  31.534  -32.156  61.260 0.0000000000
52767  31.885  -32.554  60.526 0.0000000000
52775  32.557  -32.761  59.661 0.0000000000
43685  34.588  -37.889  70.636 0.0000000000
44889  35.174  -37.269  70.337 0.0000000000
44891  34.062  -37.652  69.389 0.0000000000
46073  35.052  -37.023  69.552 0.0000000000
47257  35.326  -36.325  68.548 0.0000000000
46135  32.183  -39.140  66.094 0.0000000000
46134  33.016  -39.012  66.135 0.0000000000
46133  33.742  -38.677  66.474 0.0000000000
46157  33.483  -38.586  65.534 0.0000000000
46156  34.158  -38.381  65.890 0.0000000000
46131  34.907  -37.619  66.984 0.0000000000
47258  35.063  -36.659  67.806 0.0000000000
48409  35.782  -35.900  68.876 0.0000000000
48416  35.262  -36.178  67.945 0.0000000000
51619  34.979  -33.808  67.517 0.0000000000
52715  34.762  -32.792  67.110 0.0000000000
52731  34.290  -33.297  65.517 0.0000000000
51636  34.308  -33.943  64.466 0.0000000000
50607  34.920  -34.592  64.585 0.0000000000
50613  34.760  -34.642  63.809 0.0000000000
51654  34.199  -34.442  62.950 0.0000000000
51664  33.841  -34.333  61.762 0.0000000000
48500  33.240  -36.911  62.173 0.0000000000
48523  33.690  -36.410  61.855 0.0000000000
50635  34.127  -34.748  61.806 0.0000000000
50665  32.579  -34.658  59.070 0.0000000000
64769  37.611  -20.693  61.028 0.0000000000
63701  36.254  -21.564  59.544 0.0000000000
63702  35.842  -21.942  59.083 0.0000000000
63703  35.395  -22.122  58.510 0.0000000000
60385  35.447  -23.743  60.618 0.0000000000
61511  35.522  -23.629  60.259 0.0000000000
61523  35.256  -23.509  59.571 0.0000000000
61524  34.616  -23.656  59.133 0.0000000000
62581  35.296  -23.150  59.144 0.0000000000
62594  35.143  -22.819  58.639 0.0000000000
63712  34.977  -22.277  57.954 0.0000000000
78537  51.425  -9.117  43.749 0.0000000000
77520  51.088  -9.598  43.536 0.0000000000
40141  13.073  -41.524  72.631 0.0000000000
41298  19.307  -40.608  74.407 0.0000000000
42466  33.454  -38.950  72.074 0.0000000000
42487  32.439  -38.762  71.456 0.0000000000
43646  35.373  -38.328  72.317 0.0000000000
43684  34.971  -37.726  70.899 0.0000000000
43734  32.984  -38.476  69.301 0.0000000000
44848  35.829  -38.072  72.230 0.0000000000
44875  34.973  -37.525  70.542 0.0000000000
44890  34.769  -37.331  69.779 0.0000000000
44911  32.577  -38.745  68.723 0.0000000000
44930  34.347  -37.463  67.771 0.0000000000
44945  15.379  -39.651  67.561 0.0000000000
46072  35.129  -37.195  69.964 0.0000000000
46106  34.724  -37.113  67.801 0.0000000000
47247  35.155  -36.575  68.624 0.0000000000
48456  35.192  -36.831  64.174 0.0000000000
49508  35.674  -35.537  68.574 0.0000000000
51645  33.643  -33.638  63.480 0.0000000000
54949  33.745  -30.572  64.397 0.0000000000
54969  30.602  -30.183  62.106 0.0000000000
61534  34.861  -23.338  58.903 0.0000000000
64794  35.192  -21.792  58.055 0.0000000000
64805  35.186  -20.866  57.702 0.0000000000
65916  40.867  -17.910  58.735 0.0000000000
67028  42.851  -17.074  57.589 0.0000000000
68092  43.300  -16.742  56.867 0.0000000000
69170  39.895  -17.203  54.578 0.0000000000
71339  45.954  -14.120  54.190 0.0000000000
77509  50.625  -9.450  44.045 0.0000000000
