#!ascii label  , from subject sub-01 vox2ras=TkReg
488
73978  23.723  -13.460  1.549 0.0000000000
82246  30.478  -5.692  -1.923 0.0000000000
88541  25.765  0.757  -4.192 0.0000000000
84361  21.537  -3.050  0.934 0.0000000000
68797  26.810  -17.841  1.531 0.0000000000
72986  29.432  -14.678  0.585 0.0000000000
77078  27.278  -10.132  -1.468 0.0000000000
81216  24.863  -6.456  -1.314 0.0000000000
85456  28.461  -2.683  -4.215 0.0000000000
92457  29.733  3.619  -1.800 0.0000000000
92511  24.648  4.720  -5.201 0.0000000000
71970  25.452  -15.700  1.494 0.0000000000
70951  28.172  -16.335  0.608 0.0000000000
72989  26.932  -14.532  0.120 0.0000000000
79114  22.548  -8.364  1.288 0.0000000000
81160  20.948  -6.912  2.182 0.0000000000
86465  24.209  -1.431  -1.702 0.0000000000
85432  25.176  -3.055  -1.924 0.0000000000
86507  27.170  -1.101  -4.994 0.0000000000
88513  29.308  0.023  -3.244 0.0000000000
90474  28.388  2.424  -4.566 0.0000000000
95419  24.541  6.712  -0.732 0.0000000000
93441  24.169  5.114  -1.481 0.0000000000
95444  24.747  7.552  -4.231 0.0000000000
79169  29.124  -8.006  -2.367 0.0000000000
77074  30.363  -10.216  -1.270 0.0000000000
80160  31.373  -7.793  -0.599 0.0000000000
89452  22.889  1.150  -1.064 0.0000000000
85405  30.848  -3.059  0.525 0.0000000000
75979  22.823  -11.450  1.745 0.0000000000
75990  25.455  -11.835  0.105 0.0000000000
78091  24.367  -10.014  0.139 0.0000000000
79156  26.167  -8.086  -1.451 0.0000000000
81228  27.892  -6.152  -2.768 0.0000000000
82223  22.348  -5.200  0.272 0.0000000000
83309  26.318  -4.607  -2.560 0.0000000000
84398  29.858  -4.065  -2.823 0.0000000000
87474  29.708  -1.051  -1.327 0.0000000000
91444  23.845  3.591  -1.667 0.0000000000
91470  25.072  3.006  -4.365 0.0000000000
95477  24.313  7.384  -6.413 0.0000000000
93502  25.771  5.302  -6.385 0.0000000000
91496  26.887  3.436  -6.033 0.0000000000
93466  28.763  5.419  -3.479 0.0000000000
75023  28.881  -12.669  -0.988 0.0000000000
73966  23.051  -13.399  2.239 0.0000000000
72966  23.187  -14.125  2.357 0.0000000000
72975  24.911  -14.428  1.234 0.0000000000
71999  26.441  -14.987  0.557 0.0000000000
72991  25.519  -13.909  0.689 0.0000000000
87516  24.980  -0.252  -3.015 0.0000000000
87514  26.289  -0.618  -4.158 0.0000000000
88539  27.056  0.287  -5.413 0.0000000000
88538  27.837  0.606  -5.455 0.0000000000
88551  27.533  1.225  -5.590 0.0000000000
95425  25.206  7.826  -2.167 0.0000000000
95433  24.973  7.059  -2.955 0.0000000000
95443  24.950  8.296  -3.833 0.0000000000
80190  30.027  -7.142  -2.299 0.0000000000
80161  30.828  -7.710  -1.219 0.0000000000
81200  30.847  -6.772  -1.311 0.0000000000
87477  22.246  -0.205  0.127 0.0000000000
88477  21.767  1.367  0.384 0.0000000000
69838  25.460  -17.227  2.050 0.0000000000
68780  25.698  -18.377  2.277 0.0000000000
68778  27.555  -18.864  1.794 0.0000000000
68795  28.024  -18.260  1.602 0.0000000000
71996  28.899  -15.644  0.539 0.0000000000
70937  29.266  -16.265  1.604 0.0000000000
77038  23.291  -10.515  1.105 0.0000000000
78079  23.037  -9.585  1.160 0.0000000000
80150  23.289  -7.487  0.230 0.0000000000
79141  24.262  -8.400  -0.279 0.0000000000
80162  24.701  -7.496  -0.781 0.0000000000
80177  26.989  -7.491  -1.889 0.0000000000
81215  25.863  -6.359  -2.004 0.0000000000
82211  21.243  -5.099  1.376 0.0000000000
83267  22.200  -4.224  0.294 0.0000000000
84418  26.539  -3.059  -3.641 0.0000000000
84401  26.265  -3.528  -2.814 0.0000000000
83325  27.437  -3.982  -3.632 0.0000000000
82276  28.158  -4.834  -3.826 0.0000000000
84414  29.111  -3.533  -3.711 0.0000000000
85430  29.721  -2.970  -1.969 0.0000000000
86480  29.509  -1.816  -3.342 0.0000000000
90447  29.209  2.370  -2.008 0.0000000000
88487  29.587  0.983  -1.106 0.0000000000
93452  24.672  4.959  -2.499 0.0000000000
92458  23.840  4.449  -1.531 0.0000000000
92484  24.734  4.305  -3.176 0.0000000000
91458  24.509  3.432  -2.700 0.0000000000
91486  24.930  3.841  -4.641 0.0000000000
92508  26.296  4.356  -6.252 0.0000000000
93485  27.411  5.577  -5.011 0.0000000000
92483  27.645  4.553  -4.688 0.0000000000
76005  26.010  -11.228  -0.395 0.0000000000
75025  26.971  -12.410  -0.670 0.0000000000
76003  27.876  -11.664  -1.291 0.0000000000
77060  31.375  -10.279  -0.098 0.0000000000
77049  31.052  -11.081  -0.056 0.0000000000
70928  24.786  -16.372  2.195 0.0000000000
70941  26.149  -16.563  1.361 0.0000000000
69857  27.300  -17.417  1.211 0.0000000000
71982  26.511  -16.050  0.880 0.0000000000
71998  27.044  -15.488  0.456 0.0000000000
72988  27.953  -14.590  -0.246 0.0000000000
78068  21.165  -8.580  2.573 0.0000000000
80140  21.638  -7.460  1.684 0.0000000000
81177  21.962  -6.922  1.227 0.0000000000
85423  22.576  -2.245  -0.008 0.0000000000
84373  23.379  -3.370  -0.595 0.0000000000
85444  25.098  -2.011  -2.417 0.0000000000
86495  26.948  -1.466  -4.184 0.0000000000
85472  28.071  -1.834  -4.768 0.0000000000
87499  29.270  -1.020  -3.461 0.0000000000
87513  28.610  -0.269  -4.558 0.0000000000
89475  28.739  1.383  -3.987 0.0000000000
90461  28.565  2.479  -3.533 0.0000000000
94469  23.595  6.059  -0.329 0.0000000000
94480  24.345  6.015  -1.231 0.0000000000
94488  24.761  5.906  -2.433 0.0000000000
94501  24.657  6.247  -3.795 0.0000000000
78119  27.840  -9.320  -1.776 0.0000000000
77076  28.740  -10.196  -1.728 0.0000000000
78117  29.532  -9.446  -1.834 0.0000000000
79137  31.496  -8.695  -0.553 0.0000000000
85408  21.381  -1.995  1.027 0.0000000000
86448  22.364  -1.169  0.032 0.0000000000
87488  23.754  -0.317  -1.586 0.0000000000
89478  24.935  0.881  -3.085 0.0000000000
69836  28.530  -17.717  1.755 0.0000000000
83278  30.759  -4.856  -1.136 0.0000000000
83265  31.334  -5.178  -0.083 0.0000000000
74998  23.211  -12.324  1.723 0.0000000000
75011  24.810  -12.442  0.552 0.0000000000
75012  24.485  -11.846  0.582 0.0000000000
77050  24.648  -10.488  0.126 0.0000000000
77065  25.348  -10.300  -0.291 0.0000000000
79113  22.843  -8.972  1.280 0.0000000000
78108  24.579  -8.934  -0.339 0.0000000000
78120  26.829  -9.338  -1.386 0.0000000000
79154  27.764  -8.384  -1.844 0.0000000000
80192  28.607  -7.093  -2.495 0.0000000000
81226  29.376  -6.419  -2.709 0.0000000000
81191  22.018  -5.782  0.742 0.0000000000
81203  23.249  -5.843  -0.157 0.0000000000
84387  24.694  -3.618  -1.655 0.0000000000
83293  24.836  -4.520  -1.616 0.0000000000
82247  25.618  -5.510  -2.100 0.0000000000
82262  27.149  -5.419  -2.825 0.0000000000
82260  28.691  -5.491  -3.369 0.0000000000
83291  30.387  -4.759  -1.976 0.0000000000
84372  30.423  -3.879  -1.195 0.0000000000
86422  30.159  -1.995  -0.680 0.0000000000
87486  29.612  -0.442  -1.742 0.0000000000
89440  22.902  1.869  -0.998 0.0000000000
90451  24.958  2.501  -3.249 0.0000000000
90462  25.538  1.952  -3.663 0.0000000000
95461  24.289  7.436  -5.498 0.0000000000
93520  24.608  5.953  -6.379 0.0000000000
94552  24.914  6.332  -6.751 0.0000000000
92510  24.888  4.314  -5.918 0.0000000000
92509  25.549  4.317  -6.470 0.0000000000
90489  25.949  2.791  -6.303 0.0000000000
90488  26.582  2.429  -6.061 0.0000000000
90475  28.023  2.786  -5.186 0.0000000000
91468  28.327  3.451  -3.867 0.0000000000
92470  29.492  4.254  -2.330 0.0000000000
75009  26.415  -12.969  -0.174 0.0000000000
74011  27.985  -13.522  -0.659 0.0000000000
74009  29.684  -13.556  -0.302 0.0000000000
76015  29.373  -11.167  -1.339 0.0000000000
75021  30.290  -12.671  -0.157 0.0000000000
73965  23.336  -13.920  2.028 0.0000000000
72976  24.135  -14.015  1.436 0.0000000000
73977  24.477  -13.447  1.067 0.0000000000
88526  25.306  0.392  -3.503 0.0000000000
88525  25.868  0.071  -4.031 0.0000000000
88540  26.329  0.449  -4.858 0.0000000000
88552  27.212  1.047  -5.592 0.0000000000
88553  26.729  0.933  -5.494 0.0000000000
95432  25.143  8.092  -3.233 0.0000000000
81214  30.495  -6.595  -1.932 0.0000000000
82233  30.818  -5.863  -1.298 0.0000000000
69837  26.203  -17.756  1.786 0.0000000000
68779  26.602  -18.622  1.843 0.0000000000
68796  27.378  -18.134  1.485 0.0000000000
71995  29.394  -15.321  1.049 0.0000000000
72973  29.799  -14.605  1.397 0.0000000000
77039  22.511  -10.493  1.751 0.0000000000
78066  21.814  -9.848  2.397 0.0000000000
81201  24.316  -7.005  -0.705 0.0000000000
80163  23.927  -7.572  -0.266 0.0000000000
80179  25.454  -7.250  -1.418 0.0000000000
83268  21.608  -4.131  0.830 0.0000000000
84360  22.118  -3.189  0.421 0.0000000000
84417  27.014  -3.502  -3.669 0.0000000000
84416  27.838  -3.427  -3.944 0.0000000000
84415  28.528  -3.526  -4.035 0.0000000000
85455  29.152  -2.617  -3.967 0.0000000000
85442  29.414  -2.748  -3.225 0.0000000000
91443  29.574  3.013  -1.767 0.0000000000
90436  29.659  2.589  -1.419 0.0000000000
93468  24.783  5.210  -3.479 0.0000000000
92497  24.783  4.438  -4.330 0.0000000000
94519  27.762  6.642  -4.956 0.0000000000
94500  28.029  6.155  -4.496 0.0000000000
77063  26.558  -10.329  -0.993 0.0000000000
76004  27.016  -11.150  -1.178 0.0000000000
76018  27.548  -10.551  -1.519 0.0000000000
78078  31.785  -9.807  1.105 0.0000000000
77048  31.417  -10.417  0.518 0.0000000000
72964  24.437  -15.046  1.867 0.0000000000
71972  24.135  -15.691  2.338 0.0000000000
70927  25.463  -16.134  1.672 0.0000000000
71983  25.863  -15.488  1.080 0.0000000000
80128  20.696  -7.410  2.617 0.0000000000
80127  21.168  -7.421  2.159 0.0000000000
86466  23.499  -1.412  -1.103 0.0000000000
85422  23.190  -2.349  -0.547 0.0000000000
86496  26.139  -1.500  -3.342 0.0000000000
86494  27.409  -1.918  -4.250 0.0000000000
86506  27.688  -1.386  -4.728 0.0000000000
87526  28.580  -0.853  -4.605 0.0000000000
87527  28.208  -0.480  -4.985 0.0000000000
89488  28.333  1.436  -5.048 0.0000000000
88524  28.483  0.480  -4.770 0.0000000000
89462  28.737  1.891  -3.234 0.0000000000
95418  25.061  7.582  -1.093 0.0000000000
95410  24.145  6.809  0.127 0.0000000000
79153  28.556  -8.594  -2.147 0.0000000000
78118  28.682  -9.377  -1.967 0.0000000000
79152  29.491  -8.520  -2.185 0.0000000000
79138  30.863  -8.641  -1.079 0.0000000000
79124  32.089  -8.708  0.033 0.0000000000
85390  20.853  -1.940  1.604 0.0000000000
86428  21.219  -1.087  1.314 0.0000000000
86427  21.729  -0.867  0.658 0.0000000000
88488  22.742  0.499  -0.649 0.0000000000
87476  22.710  -0.215  -0.483 0.0000000000
88501  23.700  0.727  -1.578 0.0000000000
88514  24.229  0.514  -2.129 0.0000000000
70939  27.884  -17.026  0.897 0.0000000000
69856  28.019  -17.643  1.225 0.0000000000
70938  28.700  -16.793  1.353 0.0000000000
70925  29.590  -16.617  2.293 0.0000000000
84359  30.754  -3.938  -0.318 0.0000000000
74985  22.663  -12.401  2.470 0.0000000000
74997  23.907  -12.345  1.066 0.0000000000
75978  23.551  -11.427  1.126 0.0000000000
77051  23.958  -10.567  0.508 0.0000000000
78081  22.029  -8.841  1.895 0.0000000000
79140  25.228  -8.268  -0.843 0.0000000000
79139  25.727  -8.827  -0.914 0.0000000000
78121  26.300  -8.816  -1.246 0.0000000000
79155  26.934  -8.295  -1.570 0.0000000000
80194  27.171  -6.743  -2.324 0.0000000000
80193  27.814  -7.037  -2.349 0.0000000000
81227  28.628  -6.317  -2.817 0.0000000000
82224  21.760  -5.154  0.773 0.0000000000
81179  20.921  -5.771  1.767 0.0000000000
82235  22.989  -5.246  -0.177 0.0000000000
84388  24.023  -3.466  -1.186 0.0000000000
83292  25.547  -4.559  -2.154 0.0000000000
82248  24.938  -5.409  -1.569 0.0000000000
82263  26.444  -5.455  -2.505 0.0000000000
83322  29.226  -4.225  -3.701 0.0000000000
82275  28.458  -5.036  -3.769 0.0000000000
83305  29.516  -4.690  -3.360 0.0000000000
82259  29.453  -5.598  -3.044 0.0000000000
83304  30.028  -4.755  -2.730 0.0000000000
84384  30.147  -3.802  -2.118 0.0000000000
86445  29.807  -2.182  -1.516 0.0000000000
86421  30.617  -1.979  0.355 0.0000000000
87456  30.345  -0.874  -0.049 0.0000000000
88500  29.526  0.354  -1.844 0.0000000000
93435  23.077  5.213  -0.751 0.0000000000
92449  22.735  4.254  -0.649 0.0000000000
91445  23.088  3.449  -1.008 0.0000000000
90423  22.832  2.352  -0.805 0.0000000000
90438  23.445  2.689  -1.354 0.0000000000
90464  25.045  2.966  -4.038 0.0000000000
90450  25.440  2.097  -3.459 0.0000000000
90463  25.434  2.369  -4.213 0.0000000000
94539  24.382  6.490  -5.998 0.0000000000
94553  24.687  6.552  -6.498 0.0000000000
94537  26.147  6.317  -6.181 0.0000000000
94538  25.411  6.206  -6.634 0.0000000000
93503  24.928  5.400  -6.630 0.0000000000
92495  27.005  4.448  -5.512 0.0000000000
91497  26.123  3.406  -6.486 0.0000000000
90487  27.503  2.514  -5.701 0.0000000000
91484  27.611  3.544  -5.237 0.0000000000
92482  28.170  4.514  -3.910 0.0000000000
91469  27.944  3.849  -4.465 0.0000000000
92471  28.742  4.352  -3.173 0.0000000000
93451  29.286  5.018  -2.903 0.0000000000
75010  25.895  -12.445  -0.054 0.0000000000
75024  27.972  -12.548  -0.987 0.0000000000
74012  27.450  -13.008  -0.614 0.0000000000
74010  28.994  -13.504  -0.765 0.0000000000
77075  29.593  -10.361  -1.534 0.0000000000
76016  28.716  -11.017  -1.484 0.0000000000
77062  29.995  -10.849  -1.239 0.0000000000
75989  30.644  -11.824  0.237 0.0000000000
76000  30.383  -11.788  -0.437 0.0000000000
74008  30.177  -13.255  0.196 0.0000000000
71984  25.327  -15.060  1.283 0.0000000000
72974  25.509  -14.849  1.057 0.0000000000
72990  25.996  -14.400  0.612 0.0000000000
87501  24.566  -0.476  -2.306 0.0000000000
87500  25.115  -0.839  -2.712 0.0000000000
87515  25.621  -0.593  -3.339 0.0000000000
87529  26.813  -0.562  -4.963 0.0000000000
87528  27.469  -0.471  -5.189 0.0000000000
89501  27.789  1.591  -5.548 0.0000000000
95426  24.826  6.851  -1.772 0.0000000000
80175  29.690  -7.722  -2.327 0.0000000000
80174  30.330  -7.603  -1.959 0.0000000000
81199  31.278  -6.876  -0.630 0.0000000000
88489  22.402  0.825  -0.205 0.0000000000
69839  24.465  -17.212  2.569 0.0000000000
69840  23.817  -17.049  2.906 0.0000000000
68781  24.828  -18.218  2.733 0.0000000000
67716  27.834  -19.563  2.240 0.0000000000
68777  28.420  -18.631  2.243 0.0000000000
70950  28.745  -16.223  0.872 0.0000000000
71981  29.148  -16.009  1.139 0.0000000000
79126  22.954  -7.962  0.667 0.0000000000
79125  23.326  -8.497  0.525 0.0000000000
79157  25.790  -7.690  -1.438 0.0000000000
80178  26.348  -7.067  -1.931 0.0000000000
80195  26.833  -6.537  -2.335 0.0000000000
83280  22.849  -4.292  -0.161 0.0000000000
84386  25.384  -3.643  -2.086 0.0000000000
84400  26.768  -4.003  -2.920 0.0000000000
83308  27.123  -4.520  -3.054 0.0000000000
83307  27.473  -4.936  -3.257 0.0000000000
83324  27.832  -4.403  -3.736 0.0000000000
83323  28.639  -4.368  -3.977 0.0000000000
84399  29.500  -3.665  -3.147 0.0000000000
84385  29.746  -3.483  -2.523 0.0000000000
85431  29.557  -2.872  -2.568 0.0000000000
86464  29.619  -1.984  -2.522 0.0000000000
87475  29.571  -1.430  -2.033 0.0000000000
89461  29.061  1.342  -2.750 0.0000000000
89449  29.426  1.648  -1.483 0.0000000000
89439  29.881  1.590  -0.679 0.0000000000
93442  23.574  4.803  -1.239 0.0000000000
92472  24.304  4.318  -2.164 0.0000000000
91471  24.896  3.476  -3.966 0.0000000000
91485  25.157  3.335  -5.056 0.0000000000
93501  26.514  5.385  -5.777 0.0000000000
93467  28.047  5.423  -4.203 0.0000000000
75026  26.462  -11.813  -0.579 0.0000000000
77061  30.719  -10.663  -0.741 0.0000000000
77037  31.017  -11.130  0.593 0.0000000000
70929  24.106  -16.541  2.588 0.0000000000
69859  26.096  -17.198  1.649 0.0000000000
69858  26.604  -17.232  1.384 0.0000000000
70940  27.127  -16.561  0.820 0.0000000000
70952  27.592  -16.012  0.465 0.0000000000
71997  28.082  -15.546  0.215 0.0000000000
72987  28.849  -14.935  -0.034 0.0000000000
79115  21.844  -8.279  1.804 0.0000000000
79103  21.362  -8.193  2.253 0.0000000000
80151  22.735  -7.454  0.661 0.0000000000
81189  23.074  -6.949  0.232 0.0000000000
81202  23.752  -6.443  -0.447 0.0000000000
85434  23.788  -2.436  -1.209 0.0000000000
85433  24.681  -2.503  -1.860 0.0000000000
86481  25.431  -1.481  -2.747 0.0000000000
85443  25.579  -2.530  -2.581 0.0000000000
85458  27.046  -2.468  -3.889 0.0000000000
85457  27.749  -2.425  -4.321 0.0000000000
85471  28.453  -2.040  -4.690 0.0000000000
86493  29.239  -1.627  -4.078 0.0000000000
86504  28.822  -1.456  -4.549 0.0000000000
87512  28.941  -0.718  -4.113 0.0000000000
88523  28.737  0.246  -4.032 0.0000000000
89474  28.992  0.743  -3.541 0.0000000000
90448  28.802  2.427  -2.714 0.0000000000
91456  29.247  3.177  -2.235 0.0000000000
93434  23.824  5.583  -0.895 0.0000000000
93486  24.529  5.392  -4.619 0.0000000000
77077  27.973  -10.090  -1.800 0.0000000000
78116  30.287  -9.483  -1.443 0.0000000000
79151  30.263  -8.583  -1.680 0.0000000000
78104  30.900  -9.559  -0.945 0.0000000000
78103  31.461  -9.586  -0.362 0.0000000000
84348  21.099  -2.821  1.422 0.0000000000
85407  21.896  -2.105  0.430 0.0000000000
86447  22.921  -1.334  -0.524 0.0000000000
87489  23.216  -0.562  -0.947 0.0000000000
88527  24.716  0.415  -2.824 0.0000000000
70926  28.937  -17.199  1.936 0.0000000000
83277  31.076  -5.297  -0.734 0.0000000000
73979  23.430  -12.892  1.633 0.0000000000
74996  24.228  -12.917  1.094 0.0000000000
75992  24.239  -11.329  0.573 0.0000000000
75991  25.072  -11.266  0.149 0.0000000000
76006  25.592  -10.763  -0.268 0.0000000000
77064  25.979  -10.309  -0.557 0.0000000000
78105  26.323  -9.861  -0.917 0.0000000000
78080  22.273  -9.473  1.864 0.0000000000
78092  23.908  -9.528  0.231 0.0000000000
78107  24.947  -9.494  -0.370 0.0000000000
78106  25.928  -9.542  -0.787 0.0000000000
80176  27.519  -7.746  -1.895 0.0000000000
79171  28.030  -7.630  -2.193 0.0000000000
79170  28.549  -7.844  -2.313 0.0000000000
80191  29.348  -7.253  -2.467 0.0000000000
81225  30.037  -6.470  -2.415 0.0000000000
81161  20.515  -6.392  2.467 0.0000000000
81178  21.434  -6.355  1.451 0.0000000000
81190  22.550  -6.382  0.480 0.0000000000
84374  22.752  -3.289  -0.058 0.0000000000
83279  23.547  -4.352  -0.577 0.0000000000
83294  24.210  -4.436  -1.070 0.0000000000
82234  23.678  -5.287  -0.570 0.0000000000
82249  24.319  -5.351  -1.056 0.0000000000
81217  24.448  -5.936  -1.127 0.0000000000
81230  26.625  -6.183  -2.412 0.0000000000
81229  27.237  -6.082  -2.677 0.0000000000
82261  27.826  -5.344  -3.355 0.0000000000
82258  30.060  -5.629  -2.557 0.0000000000
85406  30.380  -2.983  -0.370 0.0000000000
85421  30.026  -2.984  -1.264 0.0000000000
87487  29.483  -0.919  -2.440 0.0000000000
92459  23.280  4.338  -1.216 0.0000000000
89441  22.695  1.616  -0.766 0.0000000000
89451  23.281  1.623  -1.314 0.0000000000
90437  24.135  2.373  -2.071 0.0000000000
89450  24.038  1.332  -1.886 0.0000000000
89465  24.593  1.402  -2.638 0.0000000000
89477  25.511  1.465  -3.696 0.0000000000
89490  25.824  1.448  -4.723 0.0000000000
96367  24.658  8.493  -4.174 0.0000000000
94520  24.369  6.404  -5.005 0.0000000000
93504  24.496  5.477  -5.764 0.0000000000
91498  25.539  3.381  -6.111 0.0000000000
90477  25.835  2.343  -5.574 0.0000000000
90476  26.361  1.932  -5.784 0.0000000000
89489  26.302  1.432  -5.430 0.0000000000
89502  27.235  1.716  -5.744 0.0000000000
90486  28.107  2.153  -5.317 0.0000000000
91483  28.108  3.222  -4.701 0.0000000000
91457  28.741  3.367  -2.896 0.0000000000
93465  29.654  5.697  -3.226 0.0000000000
93450  29.917  5.232  -2.561 0.0000000000
92469  30.115  4.813  -2.057 0.0000000000
92456  30.447  4.275  -1.430 0.0000000000
73996  25.224  -13.372  0.584 0.0000000000
73995  25.989  -13.435  0.272 0.0000000000
73994  26.862  -13.564  -0.223 0.0000000000
73993  27.407  -14.078  -0.308 0.0000000000
73003  28.477  -14.006  -0.622 0.0000000000
73002  28.973  -14.277  -0.539 0.0000000000
73001  29.400  -14.308  -0.037 0.0000000000
76017  27.956  -10.811  -1.594 0.0000000000
76002  28.771  -11.837  -1.303 0.0000000000
76001  29.743  -11.705  -1.042 0.0000000000
75022  29.728  -12.693  -0.702 0.0000000000
73976  29.834  -13.986  0.943 0.0000000000
82232  31.200  -5.991  -0.682 0.0000000000
71971  25.057  -15.476  1.693 0.0000000000
73992  29.792  -13.863  0.346 0.0000000000
80139  22.221  -7.476  1.223 0.0000000000
82212  20.688  -5.129  1.989 0.0000000000
83253  21.023  -3.955  1.508 0.0000000000
83306  28.985  -4.842  -3.816 0.0000000000
85459  26.407  -2.446  -3.447 0.0000000000
85470  28.976  -2.150  -4.489 0.0000000000
86446  29.636  -1.793  -1.879 0.0000000000
86463  29.620  -2.355  -2.073 0.0000000000
86482  24.825  -1.466  -2.317 0.0000000000
86505  28.330  -1.341  -4.747 0.0000000000
88502  23.129  0.476  -1.058 0.0000000000
88503  22.717  0.905  -0.802 0.0000000000
89463  25.500  1.857  -3.293 0.0000000000
89464  25.291  1.722  -3.106 0.0000000000
89476  25.534  1.778  -3.513 0.0000000000
89503  26.750  1.575  -5.733 0.0000000000
90422  29.841  2.280  -0.981 0.0000000000
90424  22.556  2.043  -0.582 0.0000000000
90449  25.611  1.968  -3.465 0.0000000000
92496  24.903  4.131  -5.077 0.0000000000
93519  24.767  6.028  -6.605 0.0000000000
