#!ascii label  , from subject sub-01 vox2ras=TkReg
327
32597  50.303  -50.300  14.824 0.0000000000
27981  47.151  -54.280  11.659 0.0000000000
27931  53.611  -54.732  14.063 0.0000000000
33783  51.537  -49.035  11.081 0.0000000000
25542  51.836  -56.258  10.604 0.0000000000
26715  54.063  -54.935  11.314 0.0000000000
23089  51.634  -58.600  14.501 0.0000000000
31519  49.157  -51.656  9.910 0.0000000000
35002  47.887  -49.088  12.841 0.0000000000
30320  51.306  -52.277  13.019 0.0000000000
32630  53.589  -50.954  11.474 0.0000000000
31534  52.373  -51.898  9.300 0.0000000000
26742  50.104  -55.468  10.289 0.0000000000
22066  49.649  -59.389  11.088 0.0000000000
31449  46.652  -51.342  15.588 0.0000000000
27918  48.624  -54.519  15.282 0.0000000000
26651  51.785  -55.803  16.084 0.0000000000
37472  51.127  -46.071  13.496 0.0000000000
23088  52.603  -58.099  14.818 0.0000000000
30364  47.851  -52.554  10.657 0.0000000000
32661  47.837  -50.904  10.578 0.0000000000
27948  52.448  -54.114  13.359 0.0000000000
29176  53.703  -53.089  12.383 0.0000000000
26740  52.893  -55.344  10.289 0.0000000000
29249  53.456  -53.152  9.510 0.0000000000
26788  52.238  -54.382  9.308 0.0000000000
29233  50.826  -53.396  9.335 0.0000000000
26741  50.961  -55.456  9.897 0.0000000000
23180  49.289  -58.730  11.128 0.0000000000
27871  50.466  -54.351  18.438 0.0000000000
26653  49.970  -55.386  15.873 0.0000000000
27889  51.823  -55.103  17.774 0.0000000000
35018  52.996  -48.225  11.862 0.0000000000
34999  51.260  -47.645  12.434 0.0000000000
34988  46.733  -48.588  13.869 0.0000000000
34969  47.386  -47.867  14.443 0.0000000000
26668  54.249  -55.435  14.282 0.0000000000
27944  54.475  -54.493  13.069 0.0000000000
25486  54.215  -55.988  12.967 0.0000000000
24302  53.114  -56.846  13.192 0.0000000000
24323  51.556  -57.431  12.205 0.0000000000
32658  50.586  -50.463  10.110 0.0000000000
35021  50.107  -49.065  11.823 0.0000000000
33786  48.710  -49.799  11.522 0.0000000000
33788  46.841  -49.859  11.708 0.0000000000
26700  46.292  -55.414  12.377 0.0000000000
31459  50.476  -51.204  13.939 0.0000000000
33763  53.352  -49.371  12.382 0.0000000000
33802  53.383  -49.907  10.777 0.0000000000
30362  54.229  -52.513  10.775 0.0000000000
32675  53.594  -51.263  10.031 0.0000000000
33817  52.351  -50.250  10.063 0.0000000000
31517  50.738  -51.803  9.339 0.0000000000
29235  49.401  -52.854  9.885 0.0000000000
27980  48.300  -54.555  11.190 0.0000000000
23178  50.669  -57.890  11.065 0.0000000000
24369  49.711  -57.648  11.041 0.0000000000
25519  49.284  -56.719  11.258 0.0000000000
25521  47.553  -56.150  12.110 0.0000000000
33734  47.638  -49.749  16.242 0.0000000000
31447  48.343  -51.237  14.943 0.0000000000
29138  47.463  -53.449  15.426 0.0000000000
30315  49.021  -52.435  14.153 0.0000000000
29163  50.224  -53.559  13.500 0.0000000000
27934  51.072  -54.804  13.847 0.0000000000
26661  52.565  -55.682  15.404 0.0000000000
26649  53.060  -56.156  16.711 0.0000000000
25466  53.318  -56.290  16.154 0.0000000000
34986  49.322  -47.702  13.594 0.0000000000
32598  49.629  -50.333  15.126 0.0000000000
34957  49.990  -48.799  15.788 0.0000000000
33731  50.413  -49.548  15.284 0.0000000000
29196  47.633  -53.390  11.108 0.0000000000
30343  47.483  -52.837  10.973 0.0000000000
27947  53.271  -54.170  13.468 0.0000000000
29177  53.134  -52.987  12.497 0.0000000000
29159  53.565  -53.639  12.947 0.0000000000
25565  52.471  -55.421  10.042 0.0000000000
26787  52.440  -54.567  9.452 0.0000000000
26765  52.037  -54.927  9.400 0.0000000000
26766  51.391  -54.937  9.508 0.0000000000
25567  51.557  -55.601  9.899 0.0000000000
20961  48.403  -60.482  10.090 0.0000000000
27890  50.554  -55.146  17.406 0.0000000000
35019  52.144  -48.081  11.702 0.0000000000
36262  52.418  -47.729  12.157 0.0000000000
34970  46.274  -48.032  14.556 0.0000000000
25473  54.163  -56.395  14.176 0.0000000000
24283  52.719  -57.559  13.918 0.0000000000
23108  52.034  -57.968  13.971 0.0000000000
24322  52.314  -56.698  12.159 0.0000000000
23109  51.247  -58.411  13.362 0.0000000000
32659  49.647  -50.628  10.276 0.0000000000
33807  49.155  -50.192  10.858 0.0000000000
32660  48.731  -50.773  10.402 0.0000000000
32643  47.325  -50.378  11.098 0.0000000000
33767  46.408  -49.442  12.501 0.0000000000
31467  50.868  -51.381  13.616 0.0000000000
32624  51.705  -50.649  13.569 0.0000000000
31466  52.042  -51.379  12.849 0.0000000000
33782  53.453  -49.758  11.570 0.0000000000
33781  53.562  -50.083  11.101 0.0000000000
27977  54.528  -54.144  12.093 0.0000000000
29174  54.426  -53.960  12.465 0.0000000000
29195  54.378  -53.605  11.645 0.0000000000
30395  52.863  -52.614  9.269 0.0000000000
31513  53.433  -51.814  9.635 0.0000000000
32693  53.022  -51.419  9.544 0.0000000000
33816  53.012  -50.282  10.142 0.0000000000
31515  52.236  -51.379  9.433 0.0000000000
32679  51.073  -50.941  9.558 0.0000000000
31536  51.507  -51.970  9.242 0.0000000000
28024  50.461  -53.954  9.599 0.0000000000
29234  50.164  -53.167  9.554 0.0000000000
29215  49.664  -53.719  9.959 0.0000000000
29216  48.767  -53.300  10.387 0.0000000000
28000  49.205  -54.466  10.531 0.0000000000
17634  48.906  -63.169  10.544 0.0000000000
22040  49.569  -60.164  10.964 0.0000000000
19806  49.616  -61.526  10.951 0.0000000000
20937  49.758  -60.769  11.168 0.0000000000
23179  50.123  -58.492  10.986 0.0000000000
24368  50.457  -57.389  10.774 0.0000000000
23156  48.725  -58.574  11.288 0.0000000000
24343  48.815  -57.794  11.532 0.0000000000
25520  48.280  -56.573  11.797 0.0000000000
24344  47.758  -57.539  11.988 0.0000000000
32601  46.599  -50.572  15.959 0.0000000000
32600  47.505  -50.494  15.683 0.0000000000
31448  47.704  -51.597  15.008 0.0000000000
27906  48.447  -54.681  16.404 0.0000000000
27907  47.708  -54.259  16.275 0.0000000000
29137  48.086  -53.824  15.091 0.0000000000
30316  48.027  -52.512  14.631 0.0000000000
29147  48.554  -53.486  14.509 0.0000000000
29146  49.478  -53.318  13.870 0.0000000000
27936  49.152  -54.260  14.469 0.0000000000
26652  50.722  -55.591  16.206 0.0000000000
26673  50.800  -55.214  14.525 0.0000000000
26663  51.166  -55.550  15.266 0.0000000000
26671  52.377  -55.240  14.615 0.0000000000
26639  53.647  -55.843  18.270 0.0000000000
25446  53.404  -56.249  17.697 0.0000000000
33764  49.273  -49.237  12.095 0.0000000000
35000  50.047  -48.386  12.544 0.0000000000
35001  48.799  -48.763  12.850 0.0000000000
34968  48.490  -47.564  14.167 0.0000000000
31496  48.495  -51.644  10.206 0.0000000000
29161  51.996  -53.137  12.794 0.0000000000
30319  51.955  -52.238  12.736 0.0000000000
29178  52.645  -52.984  12.618 0.0000000000
30329  53.796  -52.379  11.976 0.0000000000
26738  53.849  -54.730  10.770 0.0000000000
28019  53.866  -54.065  10.250 0.0000000000
28020  53.295  -54.382  9.877 0.0000000000
29250  52.992  -53.301  9.314 0.0000000000
29252  51.976  -53.112  9.047 0.0000000000
29253  51.410  -53.084  9.144 0.0000000000
28046  51.709  -53.571  9.130 0.0000000000
26767  50.731  -54.764  9.715 0.0000000000
22067  49.025  -59.865  10.766 0.0000000000
23181  48.582  -59.165  11.052 0.0000000000
27905  49.402  -55.161  16.364 0.0000000000
27917  49.481  -55.045  15.131 0.0000000000
27904  50.134  -55.381  16.498 0.0000000000
26643  51.402  -55.532  16.974 0.0000000000
36250  51.559  -47.152  12.680 0.0000000000
36233  51.048  -46.979  12.976 0.0000000000
33757  47.070  -49.112  13.119 0.0000000000
34987  47.960  -48.449  13.601 0.0000000000
36216  46.800  -47.259  15.010 0.0000000000
27930  54.152  -54.747  13.972 0.0000000000
27945  54.258  -54.350  13.331 0.0000000000
27929  54.392  -54.795  13.657 0.0000000000
26683  54.586  -54.933  12.931 0.0000000000
26697  54.370  -55.277  12.364 0.0000000000
25487  53.846  -56.469  13.270 0.0000000000
26698  53.939  -55.672  12.179 0.0000000000
25500  52.826  -56.356  12.035 0.0000000000
25517  52.551  -56.240  11.352 0.0000000000
33805  51.071  -49.824  10.605 0.0000000000
35020  50.959  -48.572  11.778 0.0000000000
33784  50.592  -49.393  11.255 0.0000000000
33785  49.655  -49.657  11.399 0.0000000000
33765  48.294  -49.434  12.236 0.0000000000
32642  48.224  -50.300  10.971 0.0000000000
33787  47.771  -49.890  11.628 0.0000000000
33766  47.363  -49.502  12.337 0.0000000000
33758  46.097  -48.992  13.253 0.0000000000
26720  46.938  -55.034  12.036 0.0000000000
32614  50.629  -50.770  14.237 0.0000000000
33746  51.009  -49.923  14.673 0.0000000000
32613  51.435  -50.254  14.136 0.0000000000
35036  53.292  -49.058  11.479 0.0000000000
35037  52.925  -48.841  11.101 0.0000000000
31480  53.983  -51.466  11.052 0.0000000000
30379  53.877  -52.660  9.858 0.0000000000
31495  53.867  -51.695  10.266 0.0000000000
32655  53.624  -50.769  10.543 0.0000000000
32656  53.433  -50.508  10.390 0.0000000000
33803  52.724  -49.598  10.541 0.0000000000
33804  51.966  -49.636  10.498 0.0000000000
32657  51.519  -50.323  10.032 0.0000000000
32680  50.144  -51.093  9.735 0.0000000000
31518  49.718  -51.691  9.655 0.0000000000
30380  50.734  -52.692  9.298 0.0000000000
30381  49.962  -52.377  9.511 0.0000000000
30382  49.206  -52.105  9.841 0.0000000000
28001  48.408  -53.793  10.787 0.0000000000
23129  51.139  -58.224  12.344 0.0000000000
19827  49.431  -61.896  10.544 0.0000000000
23155  50.480  -58.500  11.380 0.0000000000
24367  51.157  -57.168  10.834 0.0000000000
25543  50.888  -56.336  10.325 0.0000000000
25544  50.014  -56.630  10.681 0.0000000000
26717  49.542  -55.982  10.827 0.0000000000
26718  48.816  -55.652  11.247 0.0000000000
26719  47.749  -55.412  11.762 0.0000000000
26699  47.116  -55.663  12.198 0.0000000000
33723  48.145  -49.102  16.555 0.0000000000
33733  48.404  -49.781  15.942 0.0000000000
32599  48.610  -50.663  15.224 0.0000000000
32616  49.174  -50.792  14.870 0.0000000000
27893  47.550  -54.200  16.836 0.0000000000
30309  47.369  -52.553  15.088 0.0000000000
31462  48.122  -51.841  14.685 0.0000000000
31461  48.720  -51.463  14.613 0.0000000000
32615  49.737  -50.843  14.596 0.0000000000
31460  49.933  -51.566  13.937 0.0000000000
30321  50.296  -52.409  13.485 0.0000000000
29162  50.958  -53.275  13.157 0.0000000000
27935  50.042  -54.602  14.083 0.0000000000
27950  50.712  -54.120  13.472 0.0000000000
27949  51.518  -54.083  13.343 0.0000000000
27933  51.993  -54.798  13.875 0.0000000000
27932  52.876  -54.800  13.959 0.0000000000
26670  53.167  -55.269  14.717 0.0000000000
26650  52.629  -55.950  16.382 0.0000000000
26660  53.319  -55.892  15.552 0.0000000000
26669  53.827  -55.283  14.624 0.0000000000
34985  50.489  -47.487  13.039 0.0000000000
36234  50.091  -46.726  13.655 0.0000000000
36235  49.544  -47.115  13.803 0.0000000000
17635  48.652  -63.638  10.568 0.0000000000
24303  52.018  -57.444  13.116 0.0000000000
24304  51.461  -57.845  12.745 0.0000000000
24321  52.955  -56.492  12.403 0.0000000000
24341  52.132  -56.548  11.477 0.0000000000
25498  54.045  -55.775  12.451 0.0000000000
25499  53.470  -56.107  12.251 0.0000000000
25516  53.127  -55.706  11.071 0.0000000000
25540  52.981  -55.474  10.528 0.0000000000
25541  52.578  -55.641  10.420 0.0000000000
25566  52.195  -55.532  9.963 0.0000000000
26662  51.903  -55.552  15.175 0.0000000000
26664  50.300  -55.403  15.133 0.0000000000
26667  54.533  -55.022  13.504 0.0000000000
26672  51.556  -55.248  14.531 0.0000000000
26684  54.436  -55.496  13.393 0.0000000000
26696  54.573  -54.863  12.598 0.0000000000
26716  53.746  -55.486  11.606 0.0000000000
26739  53.381  -55.109  10.512 0.0000000000
26743  49.336  -55.331  10.750 0.0000000000
26763  53.115  -54.878  10.038 0.0000000000
26764  52.720  -55.069  9.872 0.0000000000
27919  47.993  -54.225  15.639 0.0000000000
27946  53.888  -54.207  13.481 0.0000000000
27959  54.539  -54.451  12.490 0.0000000000
27960  54.534  -54.765  12.365 0.0000000000
27978  54.458  -54.497  11.894 0.0000000000
27979  48.939  -55.001  10.945 0.0000000000
27997  54.189  -54.289  10.920 0.0000000000
27998  53.728  -54.535  10.427 0.0000000000
27999  50.042  -54.499  9.987 0.0000000000
28021  52.785  -54.397  9.543 0.0000000000
28022  51.699  -54.510  9.308 0.0000000000
28023  51.302  -54.053  9.301 0.0000000000
28043  53.014  -53.955  9.464 0.0000000000
28044  52.549  -53.975  9.305 0.0000000000
28045  52.010  -53.999  9.152 0.0000000000
29116  47.363  -53.983  17.486 0.0000000000
29132  47.226  -53.858  16.391 0.0000000000
29148  47.969  -53.337  14.830 0.0000000000
29157  54.303  -53.976  12.823 0.0000000000
29158  54.064  -53.737  12.909 0.0000000000
29160  52.877  -53.536  12.912 0.0000000000
29194  54.513  -54.020  12.234 0.0000000000
29214  54.183  -53.454  10.478 0.0000000000
29217  48.157  -53.254  10.736 0.0000000000
29231  53.712  -53.573  9.832 0.0000000000
29232  53.289  -53.663  9.541 0.0000000000
29251  52.473  -53.246  9.166 0.0000000000
30314  49.645  -52.400  13.800 0.0000000000
30331  52.542  -52.204  12.515 0.0000000000
30344  46.985  -52.600  11.145 0.0000000000
30363  48.730  -52.482  10.188 0.0000000000
30394  53.299  -52.606  9.425 0.0000000000
30396  52.421  -52.521  9.194 0.0000000000
30397  51.868  -52.390  9.153 0.0000000000
30398  51.275  -52.377  9.203 0.0000000000
31468  50.345  -51.750  13.651 0.0000000000
31473  53.843  -51.855  11.590 0.0000000000
31514  53.165  -51.513  9.580 0.0000000000
31516  51.592  -51.462  9.369 0.0000000000
31532  53.117  -52.213  9.378 0.0000000000
31533  52.908  -51.903  9.365 0.0000000000
31535  51.940  -51.825  9.286 0.0000000000
32591  47.039  -50.035  16.196 0.0000000000
32625  51.159  -50.742  13.919 0.0000000000
32640  53.630  -50.459  11.155 0.0000000000
32676  53.251  -50.972  9.870 0.0000000000
32677  52.640  -50.824  9.689 0.0000000000
32678  51.933  -50.845  9.610 0.0000000000
32681  49.279  -51.225  9.977 0.0000000000
32694  52.763  -51.387  9.494 0.0000000000
33759  45.522  -48.859  13.328 0.0000000000
33801  53.596  -50.258  10.896 0.0000000000
33806  50.122  -50.071  10.767 0.0000000000
33815  53.291  -50.403  10.286 0.0000000000
34967  49.015  -47.416  13.999 0.0000000000
34984  50.934  -47.334  12.780 0.0000000000
34998  51.859  -47.662  12.139 0.0000000000
35038  52.313  -48.943  10.888 0.0000000000
36214  49.220  -46.869  14.133 0.0000000000
36249  52.048  -47.408  12.417 0.0000000000
36261  52.610  -47.869  12.045 0.0000000000
37493  51.737  -46.781  13.000 0.0000000000
