#!ascii label  , from subject sub-01 vox2ras=TkReg
2144
18829  43.794  -62.705  4.392 0.2000000030
18828  44.534  -62.697  4.614 0.2000000030
18814  43.183  -62.581  5.074 0.2000000030
18842  44.320  -62.890  3.952 0.2000000030
18831  41.865  -62.785  4.153 0.1000000015
18799  45.156  -62.392  5.785 0.3000000119
18813  44.088  -62.569  5.139 0.2000000030
18830  42.877  -62.742  4.207 0.1000000015
18843  43.595  -62.737  3.541 0.2000000030
18802  42.611  -62.355  5.782 0.1000000015
18815  42.090  -62.580  5.146 0.1000000015
19926  41.354  -62.230  5.383 0.1000000015
19902  40.590  -61.213  5.841 0.1000000015
19927  40.639  -61.827  5.193 0.1000000015
22139  39.905  -60.072  5.301 0.1000000015
21063  40.078  -60.973  5.446 0.1000000015
21064  39.783  -60.674  5.050 0.1000000015
23245  40.403  -59.167  5.425 0.2000000030
22149  39.979  -59.337  4.795 0.1000000015
19880  42.180  -61.372  7.031 0.1000000015
21019  42.331  -60.478  7.758 0.1000000015
18801  43.512  -62.389  5.833 0.2000000030
19901  41.515  -61.782  6.129 0.1000000015
19900  42.786  -62.016  6.516 0.1000000015
21042  40.724  -60.695  6.304 0.1000000015
23234  40.587  -59.373  6.069 0.1000000015
24428  41.705  -57.737  5.261 0.2000000030
24437  42.594  -57.274  4.309 0.1000000015
23244  40.935  -58.292  4.948 0.2000000030
24435  44.192  -56.700  4.274 0.2000000030
24450  43.513  -57.082  3.347 0.1000000015
24448  45.094  -56.637  3.333 0.1000000015
21020  41.383  -60.671  6.948 0.1000000015
22114  41.332  -59.596  7.253 0.1000000015
22132  40.369  -59.925  5.964 0.1000000015
25629  44.060  -56.685  4.636 0.2000000030
25628  44.687  -56.558  4.435 0.2000000030
25626  46.234  -55.911  4.520 0.2000000030
25644  44.963  -56.615  3.692 0.2000000030
25643  45.577  -56.488  3.518 0.1000000015
24465  45.359  -56.740  2.680 0.2000000030
22131  40.766  -59.806  6.563 0.1000000015
23222  41.576  -58.584  7.264 0.1000000015
23233  41.004  -58.706  6.211 0.1000000015
25605  43.107  -56.716  6.156 0.2000000030
24427  42.673  -57.114  5.531 0.3000000119
25642  46.339  -56.113  3.915 0.3000000119
26861  46.920  -55.721  3.430 0.2000000030
25659  46.501  -56.264  2.596 0.2000000030
24482  45.426  -57.013  1.464 0.2000000030
25614  43.803  -56.644  5.340 0.3000000119
26849  46.682  -55.497  4.506 0.3000000119
26848  47.240  -54.675  4.695 0.3000000119
28106  48.022  -54.258  4.210 0.3000000119
26860  47.689  -54.954  3.447 0.3000000119
26876  47.245  -55.600  2.754 0.2000000030
24481  45.977  -56.707  2.094 0.2000000030
25674  46.269  -56.290  1.310 0.2000000030
29290  47.480  -53.201  4.821 0.4000000060
26836  45.991  -55.558  5.409 0.3000000119
26834  46.926  -54.359  5.230 0.3000000119
25613  44.686  -56.292  5.673 0.2000000030
25627  45.665  -56.134  4.812 0.2000000030
28117  48.276  -54.371  3.595 0.3000000119
25658  47.261  -55.707  2.116 0.2000000030
26859  48.215  -54.709  2.561 0.2000000030
25673  46.935  -55.893  1.690 0.2000000030
30457  48.214  -52.505  4.343 0.3000000119
28094  47.387  -53.878  4.948 0.3000000119
29314  49.145  -53.634  3.189 0.2000000030
28136  49.161  -53.683  1.994 0.2000000030
28137  48.694  -54.227  2.246 0.2000000030
28152  48.494  -54.045  1.544 0.1000000015
26874  48.171  -54.719  1.892 0.2000000030
26904  47.251  -54.829  0.849 0.2000000030
26892  47.497  -55.136  1.409 0.2000000030
26893  46.833  -55.688  1.231 0.2000000030
31594  48.306  -51.781  4.246 0.3000000119
30456  48.838  -52.521  3.968 0.3000000119
29303  48.213  -53.251  4.362 0.3000000119
31592  49.626  -52.056  3.359 0.2000000030
29301  49.534  -52.878  3.330 0.3000000119
31605  50.236  -51.843  2.758 0.2000000030
28105  48.630  -53.859  3.684 0.3000000119
29313  49.717  -52.982  2.983 0.1000000015
29334  49.675  -53.151  2.269 0.1000000015
29357  48.807  -53.268  1.201 0.1000000015
28151  49.038  -53.598  1.740 0.1000000015
30504  50.066  -52.634  1.732 0.1000000015
28162  47.752  -54.288  0.977 0.1000000015
33884  48.479  -50.357  3.841 0.3000000119
32749  48.804  -51.106  3.847 0.2000000030
33901  49.459  -50.322  2.894 0.2000000030
32780  50.043  -50.556  2.514 0.2000000030
33931  50.494  -49.590  1.650 0.1000000015
31624  50.207  -51.152  2.656 0.1000000015
32779  50.684  -50.834  2.264 0.1000000015
31623  50.499  -51.602  2.482 0.1000000015
29333  50.120  -52.531  2.415 0.1000000015
29356  49.454  -52.852  1.297 0.1000000015
30514  49.313  -52.537  0.859 0.1000000015
32764  49.129  -50.632  3.382 0.2000000030
32794  50.879  -50.268  1.775 0.1000000015
32793  51.101  -50.763  1.697 0.1000000015
31643  51.045  -51.220  1.496 0.1000000015
30502  50.804  -51.818  1.947 0.1000000015
31644  50.732  -51.574  1.142 0.1000000015
31645  49.980  -51.792  0.641 0.1000000015
30512  50.585  -51.995  1.543 0.1000000015
33940  51.768  -49.420  0.404 0.1000000015
32802  49.944  -51.135  0.230 0.1000000015
31646  49.268  -52.007  0.415 0.1000000015
33930  51.397  -49.703  1.164 0.1000000015
21043  40.296  -60.573  5.807 0.1000000015
32624  51.705  -50.649  13.569 0.5000000000
30321  50.296  -52.409  13.485 0.5000000000
31459  50.476  -51.204  13.939 0.5000000000
32613  51.435  -50.254  14.136 0.5000000000
33745  51.802  -49.428  14.338 0.5000000000
27905  49.402  -55.161  16.364 0.2000000030
27917  49.481  -55.045  15.131 0.2000000030
27918  48.624  -54.519  15.282 0.3000000119
27936  49.152  -54.260  14.469 0.3000000119
29146  49.478  -53.318  13.870 0.5000000000
31460  49.933  -51.566  13.937 0.5000000000
32615  49.737  -50.843  14.596 0.5000000000
32614  50.629  -50.770  14.237 0.5000000000
32597  50.303  -50.300  14.824 0.5000000000
33746  51.009  -49.923  14.673 0.5000000000
33744  52.515  -49.000  13.857 0.5000000000
34966  52.102  -48.305  14.379 0.5000000000
34983  53.013  -48.520  13.209 0.5000000000
35036  53.292  -49.058  11.479 0.5000000000
27906  48.447  -54.681  16.404 0.3000000119
29137  48.086  -53.824  15.091 0.3000000119
30315  49.021  -52.435  14.153 0.5000000000
33731  50.413  -49.548  15.284 0.5000000000
33730  51.338  -49.014  14.886 0.5000000000
36211  52.555  -47.731  13.690 0.5000000000
36232  52.702  -47.511  13.050 0.5000000000
31536  51.507  -51.970  9.242 0.4000000060
32679  51.073  -50.941  9.558 0.5000000000
33817  52.351  -50.250  10.063 0.5000000000
35037  52.925  -48.841  11.101 0.5000000000
35018  52.996  -48.225  11.862 0.5000000000
30380  50.734  -52.692  9.298 0.4000000060
27891  49.284  -54.596  17.696 0.3000000119
27907  47.708  -54.259  16.275 0.4000000060
29138  47.463  -53.449  15.426 0.4000000060
31461  48.720  -51.463  14.613 0.5000000000
31447  48.343  -51.237  14.943 0.5000000000
32616  49.174  -50.792  14.870 0.5000000000
32598  49.629  -50.333  15.126 0.5000000000
32599  48.610  -50.663  15.224 0.5000000000
33732  49.383  -49.719  15.659 0.5000000000
34957  49.990  -48.799  15.788 0.5000000000
34956  50.890  -48.341  15.302 0.5000000000
36212  52.189  -47.093  14.262 0.5000000000
36248  52.628  -47.617  12.495 0.6000000238
33804  51.966  -49.636  10.498 0.5000000000
35019  52.144  -48.081  11.702 0.5000000000
36262  52.418  -47.729  12.157 0.5000000000
28024  50.461  -53.954  9.599 0.4000000060
29233  50.826  -53.396  9.335 0.4000000060
31517  50.738  -51.803  9.339 0.5000000000
30179  51.097  -52.314  22.382 0.1000000015
30197  49.408  -52.577  21.464 0.1000000015
30198  48.446  -52.493  21.383 0.1000000015
30215  49.717  -52.879  20.711 0.1000000015
30216  48.734  -52.782  20.650 0.1000000015
30217  47.697  -52.678  20.511 0.1000000015
30243  49.060  -53.194  20.088 0.1000000015
30244  48.065  -53.104  19.909 0.1000000015
29114  49.216  -54.157  18.569 0.2000000030
29098  48.858  -53.843  18.970 0.1000000015
27892  48.090  -54.429  17.174 0.3000000119
31462  48.122  -51.841  14.685 0.5000000000
27893  47.550  -54.200  16.836 0.4000000060
29139  46.911  -53.412  15.948 0.4000000060
31448  47.704  -51.597  15.008 0.4000000060
32600  47.505  -50.494  15.683 0.5000000000
33733  48.404  -49.781  15.942 0.5000000000
33722  49.110  -48.985  16.256 0.5000000000
37453  52.349  -46.900  13.572 0.5000000000
33783  51.537  -49.035  11.081 0.5000000000
32657  51.519  -50.323  10.032 0.5000000000
29234  50.164  -53.167  9.554 0.4000000060
25544  50.014  -56.630  10.681 0.5000000000
26479  51.521  -55.054  25.576 0.1000000015
28986  51.709  -53.400  24.620 0.1000000015
30164  51.633  -52.342  23.322 0.1000000015
30180  50.038  -52.360  22.322 0.1000000015
30166  49.701  -52.188  22.928 0.1000000015
31349  48.674  -52.206  22.652 0.1000000015
30146  50.856  -52.512  24.254 0.1000000015
31333  49.784  -52.105  23.360 0.1000000015
30199  47.481  -52.435  21.388 0.1000000015
30264  44.456  -52.279  18.691 0.2000000030
31408  43.942  -51.984  18.339 0.2000000030
29074  49.391  -53.507  19.548 0.1000000015
29075  48.496  -53.461  19.430 0.1000000015
29076  47.659  -53.345  19.172 0.1000000015
30245  46.768  -53.025  19.376 0.1000000015
30263  45.548  -52.763  18.514 0.2000000030
29099  47.950  -53.760  18.650 0.2000000030
29100  47.050  -53.488  18.390 0.1000000015
29117  46.533  -53.440  17.412 0.2000000030
30299  45.614  -52.439  16.711 0.2000000030
31420  44.137  -51.712  17.674 0.2000000030
31421  43.537  -50.971  17.840 0.2000000030
29116  47.363  -53.983  17.486 0.2000000030
29133  46.721  -53.476  16.560 0.2000000030
30310  46.595  -52.629  15.725 0.3000000119
31450  46.010  -51.054  16.042 0.3000000119
32601  46.599  -50.572  15.959 0.4000000060
33734  47.638  -49.749  16.242 0.5000000000
36250  51.559  -47.152  12.680 0.5000000000
33723  48.145  -49.102  16.555 0.4000000060
35000  50.047  -48.386  12.544 0.5000000000
34985  50.489  -47.487  13.039 0.5000000000
36233  51.048  -46.979  12.976 0.5000000000
35021  50.107  -49.065  11.823 0.5000000000
35020  50.959  -48.572  11.778 0.5000000000
34999  51.260  -47.645  12.434 0.5000000000
36201  50.897  -47.098  15.446 0.5000000000
34942  50.322  -47.937  15.731 0.5000000000
32658  50.586  -50.463  10.110 0.5000000000
33784  50.592  -49.393  11.255 0.5000000000
37493  51.737  -46.781  13.000 0.5000000000
30381  49.962  -52.377  9.511 0.5000000000
32680  50.144  -51.093  9.735 0.5000000000
37470  52.441  -46.932  13.178 0.6000000238
33805  51.071  -49.824  10.605 0.5000000000
26742  50.104  -55.468  10.289 0.4000000060
26464  50.221  -55.507  26.167 0.1000000015
28966  51.153  -53.817  25.076 0.1000000015
28967  50.472  -53.651  25.201 0.1000000015
28968  49.514  -53.281  25.444 0.1000000015
30117  48.192  -52.844  25.972 0.1000000015
28987  50.880  -53.255  24.787 0.1000000015
28988  50.267  -52.983  24.863 0.1000000015
31318  49.848  -52.030  23.873 0.1000000015
31350  48.228  -52.140  22.851 0.1000000015
30183  47.375  -52.300  22.308 0.1000000015
30219  45.569  -52.386  20.681 0.1000000015
30218  46.602  -52.563  20.517 0.1000000015
30247  44.478  -52.238  19.935 0.2000000030
30265  43.985  -52.169  19.212 0.2000000030
31437  45.405  -51.490  16.424 0.3000000119
32593  45.555  -50.507  16.445 0.3000000119
32575  44.202  -50.529  17.251 0.2000000030
32602  46.122  -50.549  16.172 0.3000000119
32594  44.885  -50.390  16.842 0.2000000030
33725  45.954  -49.601  16.718 0.3000000119
33724  47.049  -49.342  16.759 0.4000000060
36235  49.544  -47.115  13.803 0.5000000000
36213  49.711  -46.498  13.971 0.5000000000
37472  51.127  -46.071  13.496 0.5000000000
34944  48.737  -48.049  16.646 0.5000000000
37458  48.274  -45.746  14.886 0.5000000000
38603  49.180  -44.864  14.601 0.5000000000
38602  50.209  -44.962  14.243 0.5000000000
37455  50.572  -45.544  13.865 0.5000000000
38612  51.599  -45.750  13.731 0.6000000238
36183  50.141  -47.301  15.907 0.5000000000
34943  49.654  -48.058  16.149 0.5000000000
39756  49.377  -44.114  14.753 0.5000000000
39754  50.517  -44.483  14.653 0.5000000000
38601  51.153  -45.185  14.048 0.6000000238
37471  51.982  -46.348  13.493 0.5000000000
37441  51.607  -46.339  14.796 0.5000000000
38611  51.783  -45.659  13.928 0.5000000000
37454  52.060  -46.166  14.078 0.5000000000
24369  49.711  -57.648  11.041 0.4000000060
25519  49.284  -56.719  11.258 0.4000000060
31300  46.348  -51.464  26.474 0.1000000015
31299  47.165  -51.764  26.072 0.1000000015
31322  46.326  -51.139  24.937 0.1000000015
30147  49.678  -52.333  24.742 0.1000000015
31308  48.844  -51.914  25.002 0.1000000015
31321  47.334  -51.465  24.601 0.1000000015
31320  48.193  -51.689  24.408 0.1000000015
31337  46.526  -51.658  23.861 0.1000000015
30184  46.780  -52.317  22.242 0.1000000015
31364  45.977  -52.247  22.226 0.1000000015
30202  44.905  -52.166  21.497 0.1000000015
31378  43.737  -51.644  21.119 0.2000000030
31394  42.740  -51.164  19.875 0.2000000030
31410  42.653  -50.772  19.067 0.2000000030
31409  43.434  -51.684  18.799 0.2000000030
43222  44.395  -41.565  18.122 0.2000000030
33703  44.278  -49.468  17.404 0.2000000030
43221  45.129  -42.100  17.965 0.2000000030
40886  46.693  -43.543  17.987 0.2000000030
39686  47.138  -44.062  17.896 0.2000000030
33702  45.281  -49.225  17.166 0.2000000030
43237  44.994  -41.960  17.209 0.2000000030
42058  45.815  -42.347  17.369 0.2000000030
42056  47.301  -43.158  17.356 0.2000000030
40897  47.734  -43.575  17.433 0.2000000030
39702  47.623  -44.547  17.601 0.3000000119
38545  48.216  -45.279  17.307 0.2000000030
42076  47.485  -42.718  15.986 0.2000000030
42065  46.654  -42.527  16.628 0.3000000119
42063  48.097  -43.113  16.528 0.3000000119
40895  48.962  -43.607  16.635 0.4000000060
39701  48.410  -44.246  17.365 0.3000000119
38563  48.646  -45.690  17.078 0.4000000060
37405  48.270  -46.313  17.115 0.5000000000
34915  47.344  -47.806  17.270 0.4000000060
34945  47.742  -48.422  16.952 0.5000000000
39733  47.813  -44.000  15.275 0.5000000000
40922  48.513  -43.350  15.565 0.4000000060
40906  49.474  -43.663  16.151 0.4000000060
39710  50.329  -44.314  15.994 0.5000000000
38561  50.094  -45.188  16.378 0.5000000000
38562  49.163  -45.159  16.917 0.5000000000
40947  49.224  -43.732  15.028 0.5000000000
40920  50.230  -43.916  15.003 0.5000000000
39731  50.753  -44.367  15.210 0.5000000000
39753  51.135  -44.773  14.657 0.5000000000
38600  51.545  -45.430  14.494 0.5000000000
37442  51.060  -46.014  15.373 0.5000000000
32438  44.666  -50.782  27.162 0.1000000015
31287  45.234  -51.566  27.136 0.1000000015
32455  45.653  -50.943  26.659 0.1000000015
32472  44.442  -50.290  26.001 0.1000000015
32485  45.623  -50.831  25.454 0.1000000015
32486  44.808  -50.728  25.249 0.1000000015
31324  44.718  -50.965  24.675 0.1000000015
32505  43.758  -50.751  24.318 0.1000000015
31354  44.733  -51.651  23.098 0.1000000015
32527  43.378  -50.988  22.760 0.1000000015
31365  44.981  -52.068  22.141 0.1000000015
31367  43.354  -51.321  21.507 0.2000000030
32528  42.799  -50.846  21.939 0.2000000030
31379  43.010  -51.322  20.893 0.2000000030
32560  42.991  -50.549  18.323 0.2000000030
32576  43.517  -50.071  17.703 0.2000000030
42049  44.769  -41.964  18.659 0.1000000015
42047  46.233  -43.135  18.149 0.2000000030
34918  44.773  -48.628  17.569 0.2000000030
43203  44.298  -41.289  19.189 0.1000000015
42048  45.467  -42.679  18.363 0.1000000015
40873  45.195  -43.194  18.661 0.1000000015
40887  45.800  -43.590  18.316 0.1000000015
39703  46.893  -44.753  17.757 0.1000000015
38546  47.167  -45.416  17.557 0.2000000030
33701  46.259  -48.850  17.175 0.3000000119
34917  45.638  -48.328  17.526 0.2000000030
38547  46.190  -45.398  17.760 0.1000000015
37406  47.480  -46.249  17.381 0.3000000119
37424  49.476  -46.098  16.569 0.5000000000
36185  48.712  -46.880  16.764 0.5000000000
36184  49.495  -47.113  16.303 0.5000000000
38586  50.853  -45.149  15.624 0.5000000000
37423  50.323  -46.259  15.954 0.5000000000
39730  51.266  -44.924  15.018 0.5000000000
31288  44.285  -51.477  27.361 0.1000000015
33564  43.551  -49.956  27.155 0.1000000015
33583  43.351  -49.761  26.814 0.1000000015
33582  43.812  -49.975  26.969 0.1000000015
33600  43.785  -49.994  26.413 0.1000000015
33601  43.051  -49.765  25.993 0.1000000015
32487  44.054  -50.463  25.152 0.1000000015
32507  42.220  -50.198  23.793 0.1000000015
32489  42.526  -50.120  24.554 0.1000000015
32518  42.812  -50.565  23.111 0.1000000015
32537  42.299  -50.626  20.784 0.2000000030
32548  42.102  -50.225  19.747 0.2000000030
32561  42.422  -49.949  18.815 0.2000000030
33686  42.955  -49.567  18.166 0.2000000030
33704  43.579  -49.275  17.805 0.2000000030
34919  44.015  -48.774  17.725 0.2000000030
43181  44.200  -41.139  20.282 0.1000000015
42033  44.247  -42.232  19.397 0.1000000015
40888  44.935  -43.797  18.479 0.1000000015
38531  45.804  -44.951  17.961 0.1000000015
36164  45.084  -47.916  17.745 0.1000000015
34899  44.295  -48.087  17.901 0.2000000030
39688  45.456  -44.488  18.195 0.1000000015
38548  45.743  -45.713  17.804 0.1000000015
37407  46.559  -46.273  17.599 0.1000000015
36162  46.927  -47.125  17.529 0.2000000030
34916  46.514  -48.005  17.457 0.2000000030
33566  42.117  -49.707  27.650 0.1000000015
33565  43.092  -49.886  27.322 0.1000000015
34722  41.017  -48.829  28.181 0.1000000015
33584  42.607  -49.444  26.796 0.1000000015
34738  40.981  -48.383  27.429 0.1000000015
34770  41.205  -48.854  25.963 0.1000000015
33618  41.782  -49.743  24.691 0.1000000015
33602  42.010  -49.377  25.851 0.1000000015
33653  41.228  -49.589  22.529 0.1000000015
32529  41.776  -50.134  21.676 0.1000000015
33666  41.125  -49.238  21.457 0.1000000015
32538  41.666  -49.826  20.669 0.2000000030
33678  41.963  -49.330  19.320 0.2000000030
33687  42.435  -49.018  18.658 0.2000000030
34901  42.507  -48.354  18.691 0.2000000030
34900  43.231  -48.498  18.204 0.2000000030
36147  43.761  -47.400  18.209 0.1000000015
44427  44.842  -40.098  20.926 0.1000000015
42010  43.895  -41.720  20.227 0.1000000015
40874  44.530  -43.163  18.915 0.1000000015
40875  43.598  -43.164  19.195 0.1000000015
38532  45.241  -45.568  17.982 0.1000000015
37408  45.792  -46.151  17.753 0.1000000015
36145  45.306  -47.067  17.863 0.2000000030
35963  40.574  -47.883  28.123 0.1000000015
35980  40.424  -47.539  27.061 0.1000000015
34752  40.737  -48.318  26.449 0.1000000015
33619  40.863  -49.266  24.410 0.1000000015
33637  40.660  -49.151  23.360 0.1000000015
33667  40.553  -48.562  21.601 0.1000000015
33672  41.321  -49.037  20.489 0.2000000030
36122  40.609  -47.614  20.436 0.1000000015
34879  41.088  -48.251  20.167 0.1000000015
36134  41.378  -47.592  19.562 0.2000000030
34889  41.943  -48.349  19.179 0.2000000030
36149  41.771  -46.768  19.080 0.1000000015
36133  41.924  -47.827  19.166 0.2000000030
43166  42.798  -42.168  21.240 0.1000000015
42035  42.490  -42.819  19.971 0.1000000015
40877  41.737  -43.680  19.722 0.1000000015
39674  42.198  -44.132  19.145 0.1000000015
38535  42.185  -45.414  18.813 0.1000000015
37397  42.382  -46.280  18.750 0.1000000015
36148  42.448  -47.514  18.767 0.1000000015
43182  43.632  -41.573  20.832 0.1000000015
42034  43.080  -42.606  19.797 0.1000000015
40876  42.570  -43.291  19.482 0.1000000015
39691  42.639  -44.742  18.780 0.1000000015
38534  43.004  -45.535  18.588 0.1000000015
37396  43.325  -46.476  18.418 0.1000000015
40890  43.068  -43.949  18.906 0.1000000015
39690  43.538  -44.716  18.576 0.1000000015
38533  44.005  -45.579  18.310 0.1000000015
36146  44.851  -47.275  17.926 0.1000000015
35987  40.033  -47.536  25.915 0.1000000015
35998  39.824  -47.800  25.157 0.1000000015
34794  39.670  -48.024  23.866 0.1000000015
34844  39.909  -48.004  22.120 0.1000000015
34866  40.416  -48.050  21.177 0.1000000015
40800  41.876  -43.840  22.373 0.1000000015
40831  41.368  -43.580  21.573 0.1000000015
39640  40.441  -44.656  21.550 0.1000000015
38509  40.086  -45.514  20.810 0.1000000015
37374  40.030  -46.639  20.791 0.1000000015
41967  43.429  -42.754  22.592 0.1000000015
40830  42.127  -43.149  22.024 0.1000000015
40858  40.908  -44.016  20.958 0.1000000015
38524  40.572  -45.288  20.119 0.1000000015
37386  41.127  -46.458  19.490 0.1000000015
41988  43.029  -42.349  22.132 0.1000000015
41989  42.582  -42.494  21.634 0.1000000015
41990  41.948  -42.840  21.414 0.1000000015
39659  41.147  -44.154  20.162 0.1000000015
39676  40.886  -44.796  19.891 0.1000000015
38523  41.061  -45.465  19.528 0.1000000015
36016  39.464  -47.347  23.619 0.1000000015
38418  39.981  -45.541  23.779 0.1000000015
37320  39.454  -46.678  22.633 0.1000000015
38438  39.907  -45.427  22.881 0.1000000015
38464  39.546  -45.952  22.374 0.1000000015
37352  39.813  -46.888  21.256 0.1000000015
40799  42.791  -43.727  22.501 0.1000000015
39608  41.085  -44.375  22.458 0.1000000015
38463  39.917  -45.319  22.066 0.1000000015
39639  40.915  -44.149  21.758 0.1000000015
29147  48.554  -53.486  14.509 0.4000000060
36200  51.590  -47.561  14.864 0.5000000000
30316  48.027  -52.512  14.631 0.4000000060
30309  47.369  -52.553  15.088 0.4000000060
29115  48.429  -54.219  18.158 0.2000000030
31449  46.652  -51.342  15.588 0.4000000060
27727  50.370  -54.833  25.791 0.1000000015
31334  49.100  -52.044  23.243 0.1000000015
30280  44.980  -52.370  17.653 0.3000000119
30262  46.176  -53.193  18.116 0.2000000030
30279  45.599  -52.808  17.630 0.2000000030
30298  46.193  -53.087  16.667 0.2000000030
30300  44.905  -51.869  16.981 0.3000000119
30311  45.953  -51.819  15.968 0.3000000119
31438  44.761  -51.111  16.831 0.2000000030
32592  46.378  -50.074  16.338 0.3000000119
36234  50.091  -46.726  13.655 0.5000000000
28969  48.821  -53.255  25.788 0.1000000015
31309  48.055  -51.674  25.202 0.1000000015
31319  49.035  -51.824  24.176 0.1000000015
31351  47.630  -52.067  23.084 0.1000000015
31336  47.466  -51.783  23.740 0.1000000015
30200  46.474  -52.376  21.618 0.1000000015
30246  45.557  -52.580  19.619 0.1000000015
31392  44.188  -52.008  20.711 0.1000000015
30248  43.821  -52.037  19.507 0.2000000030
33726  45.269  -49.901  16.800 0.3000000119
33700  47.003  -48.517  17.187 0.4000000060
37457  48.853  -45.906  14.571 0.5000000000
37456  49.816  -45.908  14.129 0.5000000000
36215  47.946  -46.704  14.827 0.5000000000
39732  48.751  -44.151  14.958 0.5000000000
31311  46.735  -51.032  25.870 0.1000000015
32470  45.877  -50.742  26.082 0.1000000015
31310  47.283  -51.389  25.435 0.1000000015
31338  45.501  -51.500  23.971 0.1000000015
31352  46.750  -52.133  22.853 0.1000000015
31353  45.736  -51.946  23.037 0.1000000015
31377  44.420  -51.930  21.415 0.1000000015
42057  46.671  -42.888  17.573 0.2000000030
40885  47.192  -43.613  17.751 0.2000000030
39687  46.313  -44.398  18.038 0.1000000015
42064  47.562  -42.958  16.806 0.2000000030
40896  48.554  -43.591  16.993 0.3000000119
36161  47.731  -47.028  17.269 0.4000000060
42075  48.077  -43.019  16.219 0.4000000060
42066  45.681  -42.160  16.412 0.2000000030
40907  48.565  -43.320  16.401 0.4000000060
39711  49.718  -44.417  16.543 0.5000000000
36160  48.204  -46.966  17.062 0.5000000000
40923  47.205  -43.157  15.459 0.5000000000
40921  49.578  -43.717  15.332 0.5000000000
40905  50.130  -43.915  15.528 0.5000000000
32439  43.770  -50.491  27.305 0.1000000015
32456  44.946  -50.550  26.647 0.1000000015
32471  45.255  -50.593  26.022 0.1000000015
31340  43.876  -51.067  23.778 0.1000000015
32488  43.217  -50.232  25.009 0.1000000015
32517  43.450  -50.848  23.517 0.1000000015
31366  43.925  -51.439  22.126 0.1000000015
42032  44.916  -42.795  18.872 0.1000000015
31289  43.365  -51.451  27.499 0.1000000015
32440  42.825  -50.609  27.589 0.1000000015
32519  41.977  -50.268  22.770 0.1000000015
33679  41.552  -48.801  19.778 0.2000000030
36163  45.788  -47.221  17.754 0.2000000030
39689  44.534  -44.661  18.341 0.1000000015
32422  41.342  -50.297  28.106 0.1000000015
33549  41.353  -49.388  28.053 0.1000000015
34737  41.477  -48.964  27.762 0.1000000015
34751  41.670  -48.883  26.871 0.1000000015
33603  41.217  -49.197  25.267 0.1000000015
33636  41.418  -49.748  23.593 0.1000000015
33654  40.546  -48.872  22.361 0.1000000015
42011  43.393  -42.071  20.331 0.1000000015
40889  44.021  -43.866  18.656 0.1000000015
37395  44.407  -46.502  18.109 0.1000000015
34771  40.420  -48.524  25.274 0.1000000015
34793  40.199  -48.637  24.127 0.1000000015
34817  40.046  -48.462  23.146 0.1000000015
34865  40.847  -48.569  20.913 0.1000000015
36135  40.669  -46.888  20.008 0.1000000015
42012  42.390  -42.529  20.679 0.1000000015
43165  43.297  -41.859  21.666 0.1000000015
43183  43.040  -41.939  20.951 0.1000000015
39675  41.456  -44.572  19.433 0.1000000015
40857  41.531  -43.351  20.568 0.1000000015
38536  41.630  -45.227  19.110 0.1000000015
37246  39.986  -46.584  26.558 0.1000000015
37257  39.581  -46.923  24.997 0.1000000015
35999  39.552  -47.359  24.548 0.1000000015
34818  39.617  -47.826  23.037 0.1000000015
36037  39.462  -47.273  22.899 0.1000000015
36069  39.759  -47.467  21.862 0.1000000015
38493  39.944  -45.371  21.464 0.1000000015
39660  40.614  -44.703  20.553 0.1000000015
39609  40.347  -44.936  22.439 0.1000000015
37387  40.491  -46.043  20.038 0.1000000015
41968  42.732  -42.855  22.228 0.1000000015
38419  39.632  -46.086  24.227 0.1000000015
38439  39.518  -46.123  23.329 0.1000000015
38494  39.683  -45.810  21.665 0.1000000015
39587  40.546  -45.044  23.200 0.1000000015
39606  43.467  -44.770  22.688 0.1000000015
26650  52.629  -55.950  16.382 0.1000000015
26661  52.565  -55.682  15.404 0.1000000015
26663  51.166  -55.550  15.266 0.1000000015
26673  50.800  -55.214  14.525 0.1000000015
26643  51.402  -55.532  16.974 0.1000000015
26649  53.060  -56.156  16.711 0.2000000030
27904  50.134  -55.381  16.498 0.1000000015
26660  53.319  -55.892  15.552 0.2000000030
26669  53.827  -55.283  14.624 0.2000000030
26671  52.377  -55.240  14.615 0.1000000015
27935  50.042  -54.602  14.083 0.1000000015
26659  53.960  -55.652  15.119 0.2000000030
26670  53.167  -55.269  14.717 0.2000000030
27934  51.072  -54.804  13.847 0.2000000030
27932  52.876  -54.800  13.959 0.2000000030
27933  51.993  -54.798  13.875 0.2000000030
27950  50.712  -54.120  13.472 0.3000000119
29163  50.224  -53.559  13.500 0.3000000119
27949  51.518  -54.083  13.343 0.3000000119
29162  50.958  -53.275  13.157 0.3000000119
27947  53.271  -54.170  13.468 0.2000000030
27948  52.448  -54.114  13.359 0.2000000030
27929  54.392  -54.795  13.657 0.2000000030
29161  51.996  -53.137  12.794 0.2000000030
27945  54.258  -54.350  13.331 0.2000000030
23089  51.634  -58.600  14.501 0.1000000015
26668  54.249  -55.435  14.282 0.2000000030
27931  53.611  -54.732  14.063 0.2000000030
27930  54.152  -54.747  13.972 0.2000000030
30320  51.306  -52.277  13.019 0.3000000119
31467  50.868  -51.381  13.616 0.4000000060
24282  53.489  -57.309  14.562 0.1000000015
25473  54.163  -56.395  14.176 0.1000000015
29177  53.134  -52.987  12.497 0.2000000030
29178  52.645  -52.984  12.618 0.2000000030
23088  52.603  -58.099  14.818 0.1000000015
31466  52.042  -51.379  12.849 0.4000000060
25486  54.215  -55.988  12.967 0.2000000030
29159  53.565  -53.639  12.947 0.2000000030
26683  54.586  -54.933  12.931 0.2000000030
23108  52.034  -57.968  13.971 0.1000000015
24322  52.314  -56.698  12.159 0.2000000030
24283  52.719  -57.559  13.918 0.1000000015
24302  53.114  -56.846  13.192 0.1000000015
27944  54.475  -54.493  13.069 0.2000000030
29176  53.703  -53.089  12.383 0.2000000030
30330  53.275  -52.217  12.190 0.2000000030
31475  52.803  -51.169  12.418 0.4000000060
25487  53.846  -56.469  13.270 0.1000000015
31474  53.464  -51.470  11.865 0.4000000060
32623  52.543  -50.406  12.992 0.4000000060
27977  54.528  -54.144  12.093 0.3000000119
29174  54.426  -53.960  12.465 0.3000000119
26697  54.370  -55.277  12.364 0.2000000030
26715  54.063  -54.935  11.314 0.4000000060
32632  52.959  -50.347  12.515 0.4000000060
33755  52.871  -49.436  13.289 0.4000000060
30328  54.000  -52.469  11.815 0.3000000119
30379  53.877  -52.660  9.858 0.4000000060
29195  54.378  -53.605  11.645 0.3000000119
45641  44.428  -39.444  19.159 0.1000000015
44452  44.007  -40.501  18.682 0.1000000015
32622  53.117  -49.767  12.705 0.4000000060
32630  53.589  -50.954  11.474 0.4000000060
33763  53.352  -49.371  12.382 0.5000000000
31495  53.867  -51.695  10.266 0.4000000060
30362  54.229  -52.513  10.775 0.3000000119
31480  53.983  -51.466  11.052 0.4000000060
32655  53.624  -50.769  10.543 0.4000000060
33754  53.324  -49.082  12.947 0.4000000060
35017  53.313  -48.858  12.117 0.5000000000
33782  53.453  -49.758  11.570 0.5000000000
34997  53.057  -48.213  12.564 0.5000000000
43223  43.822  -41.040  17.812 0.1000000015
43239  43.620  -40.870  17.082 0.1000000015
44453  43.494  -40.281  17.810 0.1000000015
43238  44.232  -41.442  17.115 0.1000000015
27887  53.085  -55.410  17.963 0.1000000015
26651  51.785  -55.803  16.084 0.1000000015
26653  49.970  -55.386  15.873 0.1000000015
26652  50.722  -55.591  16.206 0.1000000015
27888  52.674  -55.226  17.927 0.1000000015
27889  51.823  -55.103  17.774 0.1000000015
27871  50.466  -54.351  18.438 0.1000000015
33756  52.191  -49.885  13.759 0.4000000060
25446  53.404  -56.249  17.697 0.1000000015
30319  51.955  -52.238  12.736 0.3000000119
29175  54.124  -53.224  12.205 0.2000000030
31465  52.469  -50.929  12.735 0.4000000060
30329  53.796  -52.379  11.976 0.3000000119
32631  53.314  -50.335  12.022 0.4000000060
45642  43.786  -39.438  18.391 0.1000000015
27869  52.563  -54.518  18.453 0.1000000015
22017  39.342  -59.047  11.990 0.1000000015
22046  39.256  -59.690  11.538 0.1000000015
19810  40.748  -61.044  10.944 0.1000000015
22019  37.692  -59.342  11.826 0.1000000015
20940  41.053  -60.370  11.537 0.1000000015
23137  38.470  -58.612  12.484 0.1000000015
23139  37.288  -59.177  12.155 0.1000000015
22001  36.076  -59.784  12.615 0.1000000015
22049  37.055  -60.003  11.425 0.1000000015
10041  43.930  -70.579  11.466 0.1000000015
17563  37.113  -63.349  14.713 0.1000000015
17565  35.008  -63.291  14.953 0.1000000015
22015  41.260  -59.266  12.372 0.1000000015
18665  35.529  -62.296  14.809 0.1000000015
22045  40.132  -59.691  11.718 0.1000000015
20884  35.870  -60.574  14.257 0.1000000015
20916  41.480  -59.955  11.989 0.1000000015
19775  35.108  -61.004  12.972 0.1000000015
20939  42.102  -60.504  11.811 0.1000000015
10026  43.326  -70.460  12.585 0.1000000015
10978  43.650  -70.245  10.922 0.1000000015
11974  43.499  -69.370  11.338 0.1000000015
10913  43.944  -69.370  14.541 0.1000000015
10006  43.707  -69.998  13.001 0.1000000015
10025  43.941  -70.543  12.144 0.1000000015
10977  44.328  -69.963  11.601 0.1000000015
13032  42.004  -68.360  11.715 0.1000000015
15199  38.918  -65.244  13.245 0.1000000015
16402  37.719  -64.120  14.200 0.1000000015
23135  40.430  -58.478  12.682 0.1000000015
23136  39.438  -58.436  12.567 0.1000000015
23118  37.082  -59.037  12.537 0.1000000015
22014  42.240  -59.282  12.773 0.1000000015
19808  43.224  -61.047  11.898 0.1000000015
19809  42.000  -61.377  11.199 0.1000000015
11973  44.063  -69.653  11.426 0.1000000015
11958  43.193  -68.559  11.903 0.1000000015
10935  44.223  -69.723  13.352 0.1000000015
11956  45.059  -69.136  12.494 0.1000000015
13008  44.449  -68.199  12.782 0.1000000015
13009  43.656  -68.075  12.586 0.1000000015
14091  42.074  -66.910  13.094 0.1000000015
14077  40.990  -66.069  13.312 0.1000000015
15216  39.857  -66.013  12.890 0.1000000015
15198  40.086  -65.338  13.516 0.1000000015
16400  39.439  -64.047  14.354 0.1000000015
16401  38.639  -63.996  14.213 0.1000000015
17562  38.078  -63.291  14.622 0.1000000015
18663  37.560  -62.567  15.057 0.1000000015
21980  37.128  -59.466  14.754 0.1000000015
23134  41.359  -58.570  12.942 0.1000000015
23115  39.635  -57.929  13.134 0.1000000015
23116  38.525  -58.030  13.411 0.1000000015
21999  36.972  -59.025  13.906 0.1000000015
20899  36.156  -59.917  14.026 0.1000000015
22013  42.966  -59.538  13.072 0.1000000015
14059  43.813  -66.892  14.176 0.1000000015
10897  43.724  -69.598  15.686 0.1000000015
10912  44.938  -69.588  14.264 0.1000000015
10934  45.059  -69.553  13.236 0.1000000015
10933  45.469  -69.086  13.395 0.1000000015
12988  44.929  -67.954  13.303 0.1000000015
12970  44.547  -67.437  13.850 0.1000000015
14075  42.780  -66.886  13.434 0.1000000015
15180  42.305  -65.470  15.157 0.1000000015
16398  41.065  -64.522  14.805 0.1000000015
17545  40.355  -63.326  15.435 0.1000000015
10896  44.701  -69.613  15.374 0.1000000015
10895  45.519  -69.309  15.061 0.1000000015
10911  45.597  -69.143  14.144 0.1000000015
10910  45.903  -68.771  14.412 0.1000000015
12968  45.930  -67.932  14.512 0.1000000015
16399  40.279  -64.275  14.528 0.1000000015
17561  38.993  -63.277  14.771 0.1000000015
18644  38.601  -62.096  15.563 0.1000000015
19743  38.183  -61.181  15.768 0.1000000015
18645  37.898  -61.936  15.381 0.1000000015
20860  37.348  -60.330  15.318 0.1000000015
19744  37.411  -61.226  15.386 0.1000000015
23094  38.134  -58.067  14.628 0.1000000015
19745  36.804  -61.284  15.138 0.1000000015
24306  40.538  -57.472  13.941 0.1000000015
23095  37.531  -58.536  14.148 0.1000000015
23133  42.066  -58.650  13.236 0.1000000015
21998  42.632  -59.050  13.294 0.1000000015
19789  43.698  -60.685  12.476 0.1000000015
20914  43.039  -60.154  12.565 0.1000000015
19788  44.657  -61.141  12.638 0.1000000015
20913  43.846  -60.397  12.843 0.1000000015
14049  44.859  -66.863  15.219 0.1000000015
14050  43.452  -66.102  15.545 0.1000000015
10883  44.318  -70.058  16.587 0.1000000015
10869  45.200  -69.482  17.202 0.1000000015
10881  45.947  -68.880  15.649 0.1000000015
11895  46.357  -68.302  15.591 0.1000000015
12954  46.122  -67.600  15.286 0.1000000015
12969  45.195  -67.551  14.245 0.1000000015
14051  42.721  -65.739  15.263 0.1000000015
15170  42.034  -64.996  15.446 0.1000000015
17544  41.021  -63.647  15.707 0.1000000015
10882  45.447  -69.359  16.179 0.1000000015
10894  45.983  -68.836  14.896 0.1000000015
18625  40.387  -62.572  16.414 0.1000000015
18642  39.898  -62.686  15.773 0.1000000015
18661  38.985  -62.648  15.275 0.1000000015
19721  39.470  -61.771  16.508 0.1000000015
19742  38.883  -61.735  15.960 0.1000000015
20839  39.016  -61.133  16.546 0.1000000015
19722  38.819  -61.281  16.240 0.1000000015
23078  38.094  -58.670  15.812 0.1000000015
21962  38.081  -59.709  16.061 0.1000000015
24305  41.225  -57.488  14.187 0.1000000015
24285  41.562  -57.326  14.785 0.1000000015
24286  40.553  -57.078  14.674 0.1000000015
24287  39.649  -57.260  14.520 0.1000000015
24267  38.626  -57.801  16.475 0.1000000015
23079  37.633  -58.785  14.996 0.1000000015
24284  42.245  -57.471  15.158 0.1000000015
24288  38.927  -57.565  14.146 0.1000000015
23092  42.554  -57.962  14.547 0.1000000015
23091  43.477  -58.429  14.828 0.1000000015
23111  43.136  -58.619  14.203 0.1000000015
20898  43.516  -59.890  13.105 0.1000000015
19773  45.828  -60.891  13.793 0.1000000015
10857  44.501  -70.027  18.505 0.1000000015
9962  43.891  -70.545  17.435 0.1000000015
11874  46.489  -68.239  17.834 0.1000000015
12932  46.863  -67.739  17.384 0.1000000015
14043  43.637  -65.870  16.379 0.1000000015
10870  44.559  -70.066  17.702 0.1000000015
11883  46.251  -68.537  16.676 0.1000000015
12953  46.415  -67.671  15.773 0.1000000015
14041  45.525  -66.700  16.482 0.1000000015
14042  44.366  -66.212  16.622 0.1000000015
15168  43.221  -65.605  16.300 0.1000000015
16379  42.468  -64.479  16.700 0.1000000015
17535  41.443  -63.482  16.399 0.1000000015
16375  43.471  -64.576  17.774 0.1000000015
18615  42.018  -62.972  17.517 0.1000000015
18617  40.596  -62.279  17.085 0.1000000015
19720  40.165  -61.987  17.001 0.1000000015
19713  39.804  -61.423  17.408 0.1000000015
19705  40.103  -61.309  18.054 0.1000000015
20830  39.221  -60.909  17.023 0.1000000015
20824  38.844  -59.921  17.765 0.1000000015
21955  38.367  -59.561  16.619 0.1000000015
23069  38.340  -58.795  16.762 0.1000000015
24274  40.731  -56.779  15.355 0.1000000015
24266  39.326  -57.063  16.845 0.1000000015
24272  42.559  -57.347  15.754 0.1000000015
24265  41.957  -56.820  16.172 0.1000000015
23076  43.527  -57.936  15.603 0.1000000015
21979  43.736  -58.969  14.297 0.1000000015
21996  44.125  -59.455  14.085 0.1000000015
20881  44.729  -59.781  14.210 0.1000000015
19774  44.966  -60.605  13.452 0.1000000015
15141  46.667  -65.435  18.833 0.1000000015
16366  45.721  -64.456  18.953 0.1000000015
10838  44.599  -69.715  19.267 0.1000000015
10856  45.189  -69.229  18.442 0.1000000015
11859  46.005  -68.545  18.374 0.1000000015
11858  46.549  -68.090  18.781 0.1000000015
12943  46.835  -67.261  16.953 0.1000000015
14030  46.281  -66.331  17.552 0.1000000015
16367  44.972  -64.401  18.705 0.1000000015
17520  44.563  -63.665  18.880 0.1000000015
11875  45.786  -68.806  17.543 0.1000000015
14029  46.952  -66.921  17.246 0.1000000015
14031  45.228  -66.165  17.355 0.1000000015
17521  43.685  -63.730  18.425 0.1000000015
18603  42.662  -61.967  19.005 0.1000000015
19693  41.229  -61.265  19.018 0.1000000015
17527  43.049  -63.924  17.905 0.1000000015
18612  42.374  -62.530  18.301 0.1000000015
20822  40.169  -61.015  18.471 0.1000000015
21936  39.183  -59.835  18.720 0.1000000015
21924  38.708  -58.912  18.673 0.1000000015
23059  38.512  -58.592  17.451 0.1000000015
25452  39.934  -56.592  17.243 0.1000000015
24256  38.805  -57.752  17.549 0.1000000015
25460  41.593  -56.575  16.869 0.1000000015
25468  40.784  -56.562  15.987 0.1000000015
25462  40.052  -56.590  16.356 0.1000000015
24264  42.554  -56.954  16.514 0.1000000015
24271  43.116  -57.454  16.108 0.1000000015
23090  43.999  -58.494  15.208 0.1000000015
12866  47.108  -66.744  20.746 0.1000000015
10837  45.251  -69.071  19.750 0.1000000015
12883  46.929  -67.567  20.519 0.1000000015
13996  47.423  -66.086  19.439 0.1000000015
15140  47.184  -65.677  19.079 0.1000000015
17511  45.760  -63.814  19.528 0.1000000015
9920  44.162  -70.124  19.671 0.1000000015
10822  44.642  -69.667  20.292 0.1000000015
11839  46.003  -68.515  19.316 0.1000000015
12899  47.014  -67.637  19.426 0.1000000015
12898  47.466  -66.958  18.873 0.1000000015
14012  47.108  -66.282  18.359 0.1000000015
17519  45.261  -63.902  19.061 0.1000000015
18601  44.434  -62.795  19.486 0.1000000015
18602  43.245  -62.208  19.189 0.1000000015
18610  44.070  -63.242  18.881 0.1000000015
20810  41.426  -60.971  19.633 0.1000000015
20811  40.432  -60.717  19.175 0.1000000015
20792  39.942  -60.005  20.186 0.1000000015
21923  39.051  -59.276  19.209 0.1000000015
23031  38.737  -58.425  18.933 0.1000000015
24241  38.874  -57.748  18.421 0.1000000015
25435  39.910  -56.605  18.179 0.1000000015
25459  42.247  -56.620  17.206 0.1000000015
25451  40.723  -56.433  17.539 0.1000000015
24262  44.310  -57.425  16.833 0.1000000015
23066  45.260  -58.231  16.411 0.1000000015
11808  46.389  -68.394  21.152 0.1000000015
13984  46.913  -65.724  20.602 0.1000000015
17498  46.271  -64.179  20.240 0.1000000015
11822  46.534  -68.156  20.051 0.1000000015
16334  47.019  -64.890  19.955 0.1000000015
19689  44.332  -62.165  20.265 0.1000000015
19673  43.824  -61.732  20.738 0.1000000015
19674  42.939  -61.344  20.581 0.1000000015
20790  41.973  -60.870  20.324 0.1000000015
20791  40.946  -60.466  20.217 0.1000000015
21890  39.595  -58.875  20.700 0.1000000015
20793  39.488  -59.656  19.727 0.1000000015
25383  39.983  -56.799  20.233 0.1000000015
23030  39.059  -58.425  19.664 0.1000000015
25434  40.737  -56.348  18.498 0.1000000015
25409  39.932  -56.689  19.183 0.1000000015
25432  42.790  -56.176  18.923 0.1000000015
25448  43.586  -56.575  18.192 0.1000000015
25449  42.618  -56.492  17.875 0.1000000015
25450  41.595  -56.400  17.778 0.1000000015
24252  44.476  -56.975  17.644 0.1000000015
23057  46.107  -57.918  17.156 0.1000000015
21952  47.664  -59.358  16.620 0.1000000015
12867  46.372  -67.390  21.548 0.1000000015
13967  46.711  -66.191  20.903 0.1000000015
16337  45.441  -64.107  20.666 0.1000000015
18569  44.578  -62.754  20.895 0.1000000015
19658  43.946  -62.124  21.210 0.1000000015
11796  46.225  -68.357  22.009 0.1000000015
17499  45.699  -63.699  20.232 0.1000000015
21877  40.760  -59.893  21.614 0.1000000015
20775  40.558  -60.050  20.776 0.1000000015
22993  39.924  -58.482  21.682 0.1000000015
24175  39.723  -57.957  21.351 0.1000000015
26608  42.633  -55.791  20.254 0.1000000015
25408  40.772  -56.241  19.600 0.1000000015
25407  41.951  -55.825  19.989 0.1000000015
25447  44.332  -56.653  18.432 0.1000000015
24251  45.488  -57.331  17.653 0.1000000015
23055  48.638  -58.868  17.636 0.1000000015
21942  50.357  -60.230  17.476 0.1000000015
12869  45.030  -67.364  22.209 0.1000000015
15084  45.086  -65.535  21.190 0.1000000015
16312  44.612  -64.284  21.064 0.1000000015
18558  42.637  -62.487  22.043 0.1000000015
16311  45.517  -64.762  20.828 0.1000000015
17478  44.481  -63.275  21.080 0.1000000015
20760  42.219  -61.105  21.878 0.1000000015
20773  42.228  -60.833  21.331 0.1000000015
20762  40.686  -59.667  22.821 0.1000000015
25357  41.433  -56.057  21.784 0.1000000015
25382  40.725  -56.298  20.967 0.1000000015
26588  49.996  -56.284  20.359 0.1000000015
25350  49.363  -56.361  20.475 0.1000000015
25375  48.069  -56.618  20.492 0.1000000015
25377  46.482  -56.561  20.754 0.1000000015
25404  45.102  -56.530  20.053 0.1000000015
26591  42.497  -55.757  20.780 0.1000000015
25373  49.578  -56.869  19.884 0.1000000015
24188  48.748  -57.153  19.722 0.1000000015
25402  46.763  -56.768  20.277 0.1000000015
25380  43.605  -55.929  20.442 0.1000000015
25371  51.489  -56.234  19.942 0.1000000015
25399  51.312  -56.966  19.454 0.1000000015
25401  49.707  -57.354  19.420 0.1000000015
24236  47.701  -57.575  18.853 0.1000000015
24214  46.273  -57.093  19.365 0.1000000015
25431  43.785  -56.386  19.057 0.1000000015
25398  52.401  -56.539  19.500 0.1000000015
24207  52.042  -57.539  18.882 0.1000000015
24209  50.038  -57.714  19.093 0.1000000015
24238  45.774  -57.098  18.655 0.1000000015
23027  50.355  -58.279  18.681 0.1000000015
24249  47.238  -57.720  18.256 0.1000000015
21931  52.890  -58.805  17.646 0.1000000015
23047  49.637  -58.853  18.140 0.1000000015
21941  51.985  -59.692  17.429 0.1000000015
13957  43.640  -66.790  22.640 0.1000000015
13969  44.577  -66.704  21.916 0.1000000015
15068  43.284  -65.850  22.119 0.1000000015
15086  43.173  -65.118  21.787 0.1000000015
16313  43.528  -64.393  21.514 0.1000000015
15085  43.948  -65.503  21.489 0.1000000015
17480  42.929  -63.537  21.846 0.1000000015
18559  41.887  -62.491  22.718 0.1000000015
19647  42.175  -61.585  22.267 0.1000000015
19638  41.383  -61.209  23.394 0.1000000015
20761  41.358  -60.494  22.447 0.1000000015
21878  40.462  -59.319  22.196 0.1000000015
22981  40.207  -58.247  22.485 0.1000000015
25358  40.794  -56.571  22.209 0.1000000015
26565  43.422  -55.740  21.970 0.1000000015
25381  41.758  -55.857  21.069 0.1000000015
25351  48.762  -56.251  20.845 0.1000000015
25354  46.169  -56.168  21.415 0.1000000015
25378  45.582  -56.409  20.803 0.1000000015
26590  43.322  -55.731  21.118 0.1000000015
25428  53.350  -56.789  18.777 0.1000000015
24206  52.733  -57.020  18.984 0.1000000015
13940  42.776  -66.663  23.585 0.1000000015
15046  42.064  -65.261  23.309 0.1000000015
13958  42.760  -66.035  22.726 0.1000000015
17467  41.851  -63.449  22.879 0.1000000015
17450  41.627  -62.994  23.327 0.1000000015
16294  42.220  -64.199  22.569 0.1000000015
18546  41.506  -62.142  23.586 0.1000000015
19648  41.653  -61.572  22.883 0.1000000015
20749  41.042  -60.543  23.751 0.1000000015
20750  40.728  -59.805  23.418 0.1000000015
21871  40.444  -58.937  23.176 0.1000000015
25322  41.366  -56.821  23.759 0.1000000015
24127  40.614  -57.765  23.730 0.1000000015
26538  43.753  -55.753  22.904 0.1000000015
25332  43.142  -55.870  23.068 0.1000000015
25334  41.705  -56.135  22.803 0.1000000015
26559  48.696  -55.674  21.546 0.1000000015
26560  47.730  -55.734  21.815 0.1000000015
26563  45.083  -55.760  22.130 0.1000000015
26586  51.756  -55.459  20.467 0.1000000015
26558  49.800  -55.664  21.038 0.1000000015
25379  44.442  -56.009  20.966 0.1000000015
26585  52.783  -55.675  20.043 0.1000000015
15029  41.785  -64.855  24.154 0.1000000015
16276  41.649  -63.776  23.482 0.1000000015
17430  41.485  -63.079  24.025 0.1000000015
19600  41.571  -61.410  25.066 0.1000000015
19619  41.304  -61.342  24.207 0.1000000015
20729  41.208  -60.387  24.751 0.1000000015
21853  40.969  -59.349  24.739 0.1000000015
22938  41.382  -58.669  25.104 0.1000000015
24104  41.302  -57.997  24.783 0.1000000015
25320  43.303  -56.138  23.694 0.1000000015
25321  42.279  -56.389  23.725 0.1000000015
26537  44.720  -55.660  22.863 0.1000000015
26515  44.415  -55.880  23.523 0.1000000015
26562  45.902  -55.737  22.081 0.1000000015
26587  50.729  -55.877  20.415 0.1000000015
26605  53.492  -55.874  19.652 0.1000000015
26639  53.647  -55.843  18.270 0.1000000015
16258  41.583  -64.026  24.311 0.1000000015
18508  41.916  -62.355  25.283 0.1000000015
18531  41.533  -62.264  24.528 0.1000000015
19599  42.260  -61.457  25.623 0.1000000015
21834  42.410  -59.666  25.655 0.1000000015
20713  41.846  -60.522  25.527 0.1000000015
21835  41.558  -59.559  25.347 0.1000000015
24102  42.716  -58.095  25.303 0.1000000015
24124  42.397  -57.425  24.840 0.1000000015
25301  42.837  -56.771  24.423 0.1000000015
26514  45.293  -55.878  23.813 0.1000000015
26535  46.548  -55.431  22.761 0.1000000015
26536  45.615  -55.523  22.869 0.1000000015
26557  50.904  -55.210  20.950 0.1000000015
26628  54.053  -55.499  18.854 0.1000000015
20711  43.709  -60.592  25.568 0.1000000015
20712  42.769  -60.572  25.708 0.1000000015
21833  43.315  -59.732  25.597 0.1000000015
22935  43.780  -58.980  25.434 0.1000000015
22936  42.996  -58.894  25.549 0.1000000015
24101  43.554  -58.264  25.309 0.1000000015
24123  43.292  -57.473  24.975 0.1000000015
25300  43.814  -56.758  24.529 0.1000000015
25318  44.690  -56.065  24.010 0.1000000015
26583  54.069  -54.954  20.302 0.1000000015
27832  52.428  -55.158  20.533 0.1000000015
26534  47.507  -55.368  22.623 0.1000000015
27867  54.183  -54.635  18.952 0.1000000015
21832  44.161  -59.731  25.378 0.1000000015
24121  45.544  -57.697  24.860 0.1000000015
22954  45.225  -58.713  24.935 0.1000000015
25297  46.861  -56.806  24.623 0.1000000015
24120  46.531  -57.705  24.697 0.1000000015
24122  44.380  -57.808  25.081 0.1000000015
26492  48.095  -55.855  24.155 0.1000000015
25299  44.924  -56.619  24.517 0.1000000015
26495  45.587  -56.332  24.371 0.1000000015
27830  53.801  -54.719  20.762 0.1000000015
27811  53.241  -54.533  21.440 0.1000000015
27812  52.145  -54.706  21.134 0.1000000015
26532  49.590  -55.059  22.155 0.1000000015
26533  48.504  -55.254  22.429 0.1000000015
26512  47.299  -55.469  23.517 0.1000000015
26531  50.608  -54.910  21.776 0.1000000015
25295  48.883  -56.642  24.412 0.1000000015
25298  45.944  -56.838  24.668 0.1000000015
26491  49.114  -55.737  23.993 0.1000000015
26493  47.101  -56.001  24.247 0.1000000015
27782  52.053  -54.845  22.849 0.1000000015
26510  49.382  -55.133  23.237 0.1000000015
26509  50.865  -55.087  23.183 0.1000000015
26511  48.300  -55.300  23.387 0.1000000015
16420  36.867  -65.313  13.856 0.1000000015
18664  36.604  -62.289  15.067 0.1000000015
17564  36.058  -63.343  14.897 0.1000000015
20942  39.127  -60.238  11.088 0.1000000015
19761  36.050  -61.315  14.760 0.1000000015
22044  40.839  -59.667  11.949 0.1000000015
22000  36.511  -59.370  13.229 0.1000000015
22021  36.153  -59.881  12.202 0.1000000015
20900  35.694  -60.244  13.379 0.1000000015
9105  43.532  -70.989  11.734 0.1000000015
16404  35.443  -64.296  14.903 0.1000000015
16403  36.609  -64.515  14.387 0.1000000015
19762  35.145  -61.337  14.077 0.1000000015
10004  44.425  -69.971  12.572 0.1000000015
12990  43.275  -67.475  13.037 0.1000000015
16417  39.208  -64.611  13.783 0.1000000015
16418  38.344  -64.687  13.679 0.1000000015
23114  40.543  -57.942  13.281 0.1000000015
23117  37.467  -58.653  13.119 0.1000000015
11937  44.847  -68.441  12.753 0.1000000015
11936  45.265  -68.696  13.005 0.1000000015
14074  43.502  -67.185  13.453 0.1000000015
14076  41.814  -66.312  13.616 0.1000000015
14092  41.444  -66.732  12.864 0.1000000015
14060  42.527  -66.073  14.514 0.1000000015
15197  41.199  -65.613  13.917 0.1000000015
17560  39.749  -63.545  14.831 0.1000000015
18662  38.365  -62.634  15.103 0.1000000015
20883  36.638  -60.331  14.766 0.1000000015
23113  41.473  -58.006  13.591 0.1000000015
24307  39.735  -57.564  13.725 0.1000000015
15169  42.593  -65.336  15.901 0.1000000015
16388  41.504  -64.336  15.558 0.1000000015
16389  40.852  -64.010  15.190 0.1000000015
11913  46.077  -68.422  14.730 0.1000000015
20859  37.968  -60.257  15.808 0.1000000015
20840  38.559  -60.534  16.412 0.1000000015
21963  37.668  -59.514  15.485 0.1000000015
24276  38.737  -57.587  15.199 0.1000000015
14040  46.407  -67.143  16.464 0.1000000015
14048  45.840  -67.218  15.686 0.1000000015
16387  42.105  -64.649  15.961 0.1000000015
18616  41.307  -62.616  17.294 0.1000000015
20831  38.812  -60.169  17.233 0.1000000015
24275  39.628  -56.908  15.614 0.1000000015
15161  43.553  -65.492  17.070 0.1000000015
15157  44.831  -65.607  17.887 0.1000000015
17528  42.441  -63.576  17.494 0.1000000015
15158  44.091  -65.230  17.916 0.1000000015
18613  41.621  -62.234  18.041 0.1000000015
19711  41.179  -61.985  17.982 0.1000000015
19704  40.756  -61.429  18.418 0.1000000015
20823  39.434  -60.529  18.164 0.1000000015
23067  44.093  -57.838  16.176 0.1000000015
21961  44.978  -58.989  15.408 0.1000000015
16351  46.576  -64.658  19.552 0.1000000015
15156  45.681  -65.699  18.047 0.1000000015
12915  47.024  -67.626  18.344 0.1000000015
12914  47.311  -67.144  17.841 0.1000000015
18611  43.503  -62.924  18.724 0.1000000015
19691  42.631  -61.497  19.615 0.1000000015
19692  41.881  -61.401  19.254 0.1000000015
20812  39.531  -60.060  19.234 0.1000000015
24255  39.340  -57.143  17.835 0.1000000015
24253  43.553  -56.888  17.333 0.1000000015
23075  44.490  -58.485  15.620 0.1000000015
12882  47.432  -66.874  19.944 0.1000000015
18585  45.219  -63.230  19.853 0.1000000015
19690  43.700  -61.755  19.929 0.1000000015
21904  39.823  -59.555  20.489 0.1000000015
24240  39.376  -57.237  18.759 0.1000000015
24215  39.385  -57.506  19.771 0.1000000015
24261  45.007  -57.511  17.084 0.1000000015
21954  45.993  -58.819  16.193 0.1000000015
15105  46.489  -65.160  20.609 0.1000000015
15083  46.108  -65.424  20.901 0.1000000015
19659  42.981  -61.673  21.460 0.1000000015
20774  41.253  -60.307  21.138 0.1000000015
24192  39.677  -57.597  20.800 0.1000000015
24191  40.013  -56.941  20.960 0.1000000015
25433  41.721  -56.167  18.753 0.1000000015
23056  47.415  -58.364  17.467 0.1000000015
23065  46.417  -58.559  16.642 0.1000000015
21945  48.138  -59.040  17.168 0.1000000015
21944  48.752  -59.660  17.039 0.1000000015
13968  45.756  -66.408  21.395 0.1000000015
18570  44.152  -62.714  21.221 0.1000000015
24174  40.108  -57.385  21.682 0.1000000015
24239  44.999  -56.852  18.261 0.1000000015
21943  49.810  -59.786  17.530 0.1000000015
23048  48.522  -58.108  18.496 0.1000000015
21934  50.812  -59.745  17.947 0.1000000015
17479  43.859  -63.438  21.347 0.1000000015
24159  40.467  -57.349  22.729 0.1000000015
25376  47.294  -56.644  20.560 0.1000000015
24212  48.124  -57.340  19.426 0.1000000015
25403  46.126  -56.800  20.075 0.1000000015
25429  45.612  -56.834  19.448 0.1000000015
25405  44.130  -56.277  19.909 0.1000000015
26566  42.404  -55.736  21.836 0.1000000015
24211  48.761  -57.584  19.180 0.1000000015
24213  47.188  -57.068  19.739 0.1000000015
24208  50.918  -57.694  19.067 0.1000000015
24237  46.762  -57.402  18.824 0.1000000015
23049  47.728  -57.931  18.270 0.1000000015
23029  49.040  -57.874  18.918 0.1000000015
25397  53.281  -56.582  19.182 0.1000000015
23026  51.278  -58.307  18.652 0.1000000015
23046  50.664  -58.951  18.334 0.1000000015
23053  52.959  -58.772  17.169 0.1000000015
21933  51.745  -59.524  17.958 0.1000000015
26539  42.946  -55.811  22.565 0.1000000015
25353  47.056  -56.258  21.313 0.1000000015
26561  46.801  -55.753  21.980 0.1000000015
25355  45.305  -56.037  21.500 0.1000000015
25427  53.697  -56.345  18.865 0.1000000015
21854  40.635  -59.128  24.027 0.1000000015
25303  41.473  -57.166  24.250 0.1000000015
26584  53.624  -55.282  20.182 0.1000000015
26604  54.031  -55.375  19.666 0.1000000015
26513  46.329  -55.662  23.619 0.1000000015
33781  53.562  -50.083  11.101 0.4000000060
29249  53.456  -53.152  9.510 0.3000000119
31513  53.433  -51.814  9.635 0.3000000119
32675  53.594  -51.263  10.031 0.3000000119
32656  53.433  -50.508  10.390 0.4000000060
33802  53.383  -49.907  10.777 0.4000000060
32693  53.022  -51.419  9.544 0.3000000119
33803  52.724  -49.598  10.541 0.4000000060
18790  47.511  -62.779  7.473 0.1000000015
19873  48.171  -62.076  8.017 0.1000000015
20980  48.502  -61.232  9.246 0.2000000030
23180  49.289  -58.730  11.128 0.3000000119
33807  49.155  -50.192  10.858 0.4000000060
28019  53.866  -54.065  10.250 0.3000000119
26717  49.542  -55.982  10.827 0.4000000060
29215  49.664  -53.719  9.959 0.4000000060
22067  49.025  -59.865  10.766 0.2000000030
24343  48.815  -57.794  11.532 0.3000000119
28000  49.205  -54.466  10.531 0.4000000060
29235  49.401  -52.854  9.885 0.4000000060
32659  49.647  -50.628  10.276 0.4000000060
17688  46.738  -63.830  7.285 0.1000000015
20961  48.403  -60.482  10.090 0.3000000119
29216  48.767  -53.300  10.387 0.4000000060
30382  49.206  -52.105  9.841 0.4000000060
31519  49.157  -51.656  9.910 0.4000000060
18797  47.099  -62.805  6.774 0.1000000015
33785  49.655  -49.657  11.399 0.5000000000
20962  47.803  -60.183  10.150 0.2000000030
23181  48.582  -59.165  11.052 0.3000000119
33764  49.273  -49.237  12.095 0.4000000060
34986  49.322  -47.702  13.594 0.4000000060
26718  48.816  -55.652  11.247 0.4000000060
27980  48.300  -54.555  11.190 0.4000000060
31496  48.495  -51.644  10.206 0.4000000060
32661  47.837  -50.904  10.578 0.4000000060
32660  48.731  -50.773  10.402 0.5000000000
19895  47.179  -62.324  6.729 0.2000000030
19874  47.768  -62.041  7.431 0.2000000030
21014  47.721  -61.499  7.704 0.2000000030
20993  48.184  -61.563  8.262 0.2000000030
25520  48.280  -56.573  11.797 0.3000000119
17707  46.472  -63.172  6.052 0.1000000015
28001  48.408  -53.793  10.787 0.4000000060
23156  48.725  -58.574  11.288 0.3000000119
26719  47.749  -55.412  11.762 0.4000000060
30364  47.851  -52.554  10.657 0.4000000060
33786  48.710  -49.799  11.522 0.5000000000
33765  48.294  -49.434  12.236 0.5000000000
35001  48.799  -48.763  12.850 0.4000000060
31497  47.523  -51.579  10.610 0.4000000060
32642  48.224  -50.300  10.971 0.5000000000
33787  47.771  -49.890  11.628 0.5000000000
35002  47.887  -49.088  12.841 0.4000000060
19875  47.207  -61.703  7.060 0.2000000030
20994  47.758  -60.949  8.335 0.2000000030
20981  47.506  -60.466  9.405 0.2000000030
22041  47.920  -59.297  11.018 0.4000000060
22069  47.393  -59.707  10.548 0.2000000030
23157  48.042  -58.558  11.490 0.3000000119
22042  47.208  -59.018  11.228 0.4000000060
24344  47.758  -57.539  11.988 0.3000000119
33766  47.363  -49.502  12.337 0.5000000000
34987  47.960  -48.449  13.601 0.4000000060
34968  48.490  -47.564  14.167 0.4000000060
29196  47.633  -53.390  11.108 0.4000000060
32643  47.325  -50.378  11.098 0.5000000000
21015  47.054  -61.166  7.636 0.2000000030
19896  46.592  -62.028  6.407 0.2000000030
34969  47.386  -47.867  14.443 0.4000000060
22083  46.765  -60.020  10.022 0.2000000030
25521  47.553  -56.150  12.110 0.3000000119
27981  47.151  -54.280  11.659 0.4000000060
30343  47.483  -52.837  10.973 0.4000000060
18810  46.345  -62.754  5.860 0.2000000030
20995  46.755  -60.690  8.438 0.2000000030
23158  46.975  -58.218  11.878 0.4000000060
24324  47.204  -57.102  12.308 0.3000000119
31498  46.980  -51.500  10.819 0.5000000000
33788  46.841  -49.859  11.708 0.5000000000
38588  48.301  -44.901  14.998 0.4000000060
19924  46.264  -62.449  6.024 0.2000000030
26720  46.938  -55.034  12.036 0.4000000060
29197  46.694  -53.344  11.560 0.4000000060
33757  47.070  -49.112  13.119 0.5000000000
34988  46.733  -48.588  13.869 0.4000000060
42077  46.422  -42.514  15.775 0.4000000060
18811  45.629  -62.647  5.531 0.2000000030
21016  46.077  -61.148  7.803 0.2000000030
20982  46.267  -60.291  9.267 0.2000000030
25502  46.910  -56.381  12.380 0.4000000060
31481  46.352  -51.524  11.177 0.5000000000
17717  45.255  -63.045  4.727 0.2000000030
23131  46.750  -57.710  12.142 0.4000000060
26699  47.116  -55.663  12.198 0.3000000119
30344  46.985  -52.600  11.145 0.5000000000
32644  46.452  -50.488  11.279 0.5000000000
18827  45.076  -62.728  4.841 0.2000000030
39734  46.713  -43.982  15.436 0.4000000060
37443  47.608  -45.857  15.192 0.4000000060
36216  46.800  -47.259  15.010 0.4000000060
19876  46.434  -61.561  7.035 0.2000000030
22070  46.292  -59.313  10.791 0.4000000060
18798  45.582  -62.304  6.043 0.2000000030
20996  45.600  -60.645  8.602 0.2000000030
19877  45.486  -61.613  7.176 0.2000000030
38590  46.216  -44.964  15.618 0.4000000060
36204  46.250  -46.633  15.337 0.4000000060
36217  45.773  -47.382  15.039 0.4000000060
29179  46.431  -53.787  11.880 0.3000000119
33767  46.408  -49.442  12.501 0.5000000000
34970  46.274  -48.032  14.556 0.4000000060
23159  45.928  -58.268  11.692 0.4000000060
26700  46.292  -55.414  12.377 0.4000000060
27961  46.364  -54.425  12.138 0.3000000119
30345  45.837  -52.689  11.756 0.4000000060
23132  46.355  -57.777  12.083 0.4000000060
32645  45.510  -50.572  11.578 0.5000000000
37445  45.759  -45.920  15.520 0.4000000060
33758  46.097  -48.992  13.253 0.5000000000
33768  45.300  -49.161  12.742 0.5000000000
29180  45.752  -53.575  12.124 0.4000000060
33789  45.874  -49.810  11.866 0.5000000000
31482  45.144  -51.481  11.673 0.5000000000
33816  53.012  -50.282  10.142 0.4000000060
31518  49.718  -51.691  9.655 0.4000000060
38589  47.249  -44.889  15.406 0.4000000060
36203  47.145  -46.477  15.225 0.4000000060
26765  52.037  -54.927  9.400 0.3000000119
26788  52.238  -54.382  9.308 0.3000000119
29252  51.976  -53.112  9.047 0.2000000030
31534  52.373  -51.898  9.300 0.2000000030
23154  51.068  -57.858  11.525 0.2000000030
25567  51.557  -55.601  9.899 0.3000000119
26741  50.961  -55.456  9.897 0.3000000119
26767  50.731  -54.764  9.715 0.3000000119
23178  50.669  -57.890  11.065 0.2000000030
24368  50.457  -57.389  10.774 0.2000000030
20979  48.974  -61.540  9.737 0.2000000030
17726  44.470  -63.233  3.564 0.1000000015
17735  43.971  -63.412  2.356 0.1000000015
22097  42.575  -59.279  8.525 0.1000000015
25500  52.826  -56.356  12.035 0.1000000015
28020  53.295  -54.382  9.877 0.2000000030
29250  52.992  -53.301  9.314 0.2000000030
25565  52.471  -55.421  10.042 0.2000000030
26787  52.440  -54.567  9.452 0.2000000030
23109  51.247  -58.411  13.362 0.1000000015
23129  51.139  -58.224  12.344 0.1000000015
24342  51.687  -56.879  11.395 0.2000000030
24304  51.461  -57.845  12.745 0.1000000015
23110  50.763  -58.944  12.607 0.1000000015
17708  45.764  -63.285  5.454 0.1000000015
17725  44.761  -63.188  4.141 0.1000000015
19878  44.368  -61.644  7.312 0.1000000015
20997  44.318  -60.369  8.822 0.1000000015
22095  44.189  -59.924  9.301 0.1000000015
22072  44.160  -59.019  10.417 0.1000000015
21018  43.685  -60.922  8.001 0.1000000015
22096  43.465  -59.515  9.224 0.1000000015
23185  43.680  -58.297  10.694 0.1000000015
20998  43.120  -60.073  8.445 0.1000000015
24391  42.874  -57.520  9.860 0.1000000015
25545  43.062  -56.896  10.998 0.1000000015
24371  42.810  -57.015  10.120 0.1000000015
26744  42.606  -55.832  10.709 0.1000000015
25517  52.551  -56.240  11.352 0.2000000030
24323  51.556  -57.431  12.205 0.1000000015
23183  45.518  -58.816  11.176 0.1000000015
26701  45.219  -55.497  12.583 0.3000000119
19898  45.014  -62.146  6.484 0.1000000015
21017  44.933  -61.128  8.001 0.1000000015
22071  45.117  -59.281  10.564 0.1000000015
24347  44.770  -57.754  11.861 0.2000000030
25504  44.861  -56.409  12.503 0.3000000119
30334  44.281  -53.050  12.264 0.3000000119
30347  43.679  -52.316  12.027 0.3000000119
18857  44.118  -62.916  3.274 0.1000000015
18800  44.448  -62.396  5.833 0.1000000015
22085  44.484  -59.647  9.772 0.1000000015
23161  44.267  -58.115  11.415 0.1000000015
24327  44.446  -57.101  12.191 0.2000000030
29182  43.912  -53.836  12.440 0.3000000119
19899  43.886  -62.113  6.596 0.1000000015
23162  43.662  -57.731  11.227 0.1000000015
26704  42.749  -55.255  11.799 0.2000000030
29183  42.968  -53.808  12.243 0.3000000119
26722  42.710  -55.688  11.395 0.1000000015
27982  42.545  -54.929  11.476 0.2000000030
30348  42.757  -52.695  11.707 0.4000000060
26769  42.654  -55.733  9.924 0.1000000015
28002  42.434  -54.978  10.635 0.1000000015
29218  42.284  -53.848  10.133 0.3000000119
25458  53.303  -56.361  16.864 0.1000000015
25465  53.691  -56.345  15.618 0.1000000015
33790  44.847  -49.717  11.967 0.4000000060
32646  44.452  -50.496  11.708 0.4000000060
30333  45.181  -53.050  12.188 0.3000000119
30346  44.695  -52.299  12.033 0.4000000060
31484  43.137  -51.508  11.586 0.4000000060
32647  43.513  -50.495  11.507 0.4000000060
31485  42.588  -51.682  10.935 0.5000000000
30366  42.319  -52.776  10.665 0.3000000119
31499  42.407  -51.770  10.049 0.5000000000
26768  43.179  -55.672  9.082 0.2000000030
30383  42.420  -52.810  9.522 0.4000000060
25584  42.971  -56.681  8.339 0.1000000015
25583  43.324  -56.095  8.640 0.1000000015
28026  42.779  -54.708  9.335 0.2000000030
29236  42.560  -53.766  9.276 0.2000000030
24410  42.410  -57.463  8.025 0.1000000015
28025  43.369  -55.034  8.754 0.2000000030
24419  42.446  -57.227  6.798 0.1000000015
25595  43.031  -56.681  7.243 0.1000000015
35003  45.092  -48.724  13.459 0.4000000060
34989  45.653  -48.566  13.915 0.3000000119
35004  44.432  -48.644  13.212 0.4000000060
33791  43.771  -49.396  11.812 0.4000000060
32648  42.853  -50.636  11.036 0.4000000060
32663  42.567  -50.792  10.329 0.4000000060
32682  42.527  -50.867  9.522 0.4000000060
29255  42.897  -53.338  8.635 0.3000000119
31520  42.554  -51.774  9.191 0.4000000060
25593  44.264  -55.663  7.371 0.2000000030
26807  44.098  -55.575  7.647 0.2000000030
25604  43.845  -56.382  6.485 0.1000000015
25594  43.784  -56.069  7.620 0.2000000030
23255  40.355  -58.686  4.490 0.1000000015
34991  43.919  -48.089  13.615 0.4000000060
34990  44.660  -48.249  14.071 0.4000000060
35022  43.410  -48.654  12.150 0.4000000060
35023  42.958  -48.599  11.658 0.4000000060
35039  42.600  -48.792  10.822 0.4000000060
33818  42.524  -50.053  9.840 0.4000000060
33808  42.648  -49.798  10.519 0.4000000060
32695  43.100  -50.536  8.383 0.4000000060
32696  42.756  -51.019  8.770 0.4000000060
30414  43.740  -52.394  7.514 0.3000000119
30399  43.282  -52.441  8.085 0.3000000119
31538  42.855  -51.796  8.576 0.4000000060
25603  44.585  -55.815  6.767 0.2000000030
26805  44.838  -54.722  6.962 0.2000000030
28047  44.144  -54.654  7.706 0.2000000030
28048  43.540  -54.357  8.229 0.2000000030
23265  40.307  -58.343  3.379 0.1000000015
22158  39.843  -59.042  4.149 0.1000000015
23254  40.801  -58.083  4.099 0.1000000015
36205  45.431  -46.697  15.290 0.3000000119
36236  44.038  -47.584  14.131 0.4000000060
36219  43.919  -46.895  14.302 0.3000000119
36251  43.058  -47.531  12.559 0.4000000060
37510  42.660  -46.900  11.729 0.4000000060
36252  42.774  -47.698  11.960 0.4000000060
36263  42.534  -47.829  11.243 0.4000000060
35046  42.489  -48.995  9.859 0.4000000060
36276  42.433  -47.958  10.368 0.4000000060
33826  42.731  -49.857  8.964 0.4000000060
35054  42.714  -48.583  9.023 0.3000000119
31569  44.743  -51.586  6.534 0.3000000119
31553  44.226  -51.128  7.158 0.3000000119
32714  43.618  -50.603  7.783 0.3000000119
33825  43.280  -49.885  8.247 0.3000000119
26821  45.805  -54.531  6.089 0.2000000030
28081  45.326  -53.935  6.338 0.2000000030
29280  44.858  -52.981  6.533 0.3000000119
30413  44.238  -52.311  6.993 0.2000000030
31554  43.678  -51.700  7.587 0.3000000119
31537  43.197  -51.344  8.188 0.3000000119
25602  45.069  -55.526  6.534 0.2000000030
29267  44.421  -53.235  7.000 0.2000000030
38591  45.249  -45.145  15.526 0.3000000119
39757  44.420  -44.539  14.726 0.3000000119
38605  44.555  -45.296  15.049 0.3000000119
37459  44.244  -46.182  14.696 0.4000000060
36218  44.698  -47.210  14.807 0.3000000119
38631  43.589  -45.840  12.716 0.3000000119
37474  43.509  -46.199  13.238 0.4000000060
38665  42.787  -46.309  11.226 0.4000000060
37509  42.926  -46.412  11.970 0.4000000060
37495  42.794  -47.174  12.220 0.4000000060
38675  42.685  -46.357  10.340 0.4000000060
37518  42.471  -47.053  10.812 0.4000000060
37544  42.640  -47.333  9.216 0.3000000119
37532  42.433  -47.180  9.957 0.4000000060
33859  44.896  -49.143  6.734 0.3000000119
35063  44.244  -48.460  7.231 0.2000000030
36296  43.046  -47.802  8.486 0.2000000030
36297  42.688  -47.913  9.051 0.3000000119
32727  45.487  -50.407  6.211 0.3000000119
33841  44.402  -49.520  7.144 0.3000000119
33842  43.769  -49.448  7.699 0.2000000030
35064  43.563  -48.489  7.897 0.2000000030
35053  43.196  -49.003  8.398 0.2000000030
28095  46.487  -53.951  5.495 0.2000000030
30443  45.873  -52.402  5.670 0.3000000119
30429  45.281  -52.307  6.028 0.3000000119
40925  44.950  -43.450  15.135 0.3000000119
39735  45.649  -44.140  15.467 0.3000000119
37552  43.824  -46.421  7.402 0.2000000030
38702  43.591  -45.909  7.844 0.2000000030
38687  43.331  -45.826  8.590 0.2000000030
38674  43.142  -45.779  9.664 0.2000000030
37587  44.848  -46.781  6.134 0.2000000030
36305  43.995  -47.277  7.262 0.2000000030
37553  43.349  -46.780  7.934 0.2000000030
40924  46.029  -43.168  15.427 0.2000000030
24420  41.771  -57.767  6.431 0.1000000015
29291  46.858  -53.185  5.191 0.3000000119
25612  45.311  -55.808  6.013 0.2000000030
31515  52.236  -51.379  9.433 0.3000000119
29253  51.410  -53.084  9.144 0.3000000119
28046  51.709  -53.571  9.130 0.3000000119
25466  53.318  -56.290  16.154 0.1000000015
26738  53.849  -54.730  10.770 0.2000000030
30395  52.863  -52.614  9.269 0.2000000030
22084  45.685  -59.829  9.970 0.1000000015
25503  45.902  -56.392  12.492 0.3000000119
20983  45.145  -60.215  9.333 0.1000000015
34971  45.371  -47.975  14.561 0.3000000119
24346  45.329  -57.946  11.846 0.3000000119
29181  44.860  -53.774  12.390 0.2000000030
24326  45.519  -57.393  12.210 0.2000000030
25542  51.836  -56.258  10.604 0.2000000030
26766  51.391  -54.937  9.508 0.3000000119
24367  51.157  -57.168  10.834 0.1000000015
25543  50.888  -56.336  10.325 0.2000000030
23213  43.202  -58.858  9.529 0.1000000015
26740  52.893  -55.344  10.289 0.2000000030
20984  44.533  -60.057  9.316 0.1000000015
23184  44.619  -58.690  11.010 0.1000000015
22073  43.645  -58.708  10.240 0.1000000015
24390  43.195  -57.909  10.288 0.1000000015
24329  43.373  -56.728  11.663 0.1000000015
23160  45.070  -58.301  11.537 0.2000000030
27963  44.531  -54.649  12.542 0.3000000119
24348  43.992  -57.525  11.768 0.2000000030
26702  44.187  -55.556  12.543 0.3000000119
30335  43.466  -53.119  12.209 0.4000000060
31483  44.068  -51.410  11.800 0.4000000060
25505  43.912  -56.374  12.334 0.3000000119
27964  43.546  -54.703  12.427 0.3000000119
29199  42.405  -53.960  11.344 0.3000000119
33769  44.250  -49.033  12.472 0.4000000060
33792  43.031  -49.602  11.213 0.4000000060
26790  43.760  -55.373  8.181 0.2000000030
35005  43.582  -48.322  12.798 0.4000000060
26806  44.518  -55.152  7.368 0.2000000030
36237  43.464  -47.194  13.456 0.4000000060
29268  43.879  -53.110  7.484 0.2000000030
28064  44.986  -54.484  6.747 0.2000000030
37460  43.676  -46.151  14.007 0.4000000060
37494  43.087  -46.619  12.498 0.4000000060
32728  44.856  -50.349  6.688 0.3000000119
28096  45.886  -53.855  5.810 0.2000000030
29279  45.342  -53.108  6.164 0.2000000030
38606  44.090  -45.320  14.387 0.4000000060
37543  42.874  -46.629  8.840 0.2000000030
35078  45.341  -48.462  6.173 0.2000000030
35079  44.803  -48.432  6.670 0.2000000030
36320  44.716  -47.658  6.546 0.2000000030
36306  43.615  -47.758  7.734 0.2000000030
38614  43.975  -45.233  13.446 0.3000000119
39766  44.222  -44.499  13.258 0.3000000119
39736  44.836  -44.417  15.234 0.2000000030
40949  44.382  -43.645  14.530 0.2000000030
23179  50.123  -58.492  10.986 0.1000000015
20937  49.758  -60.769  11.168 0.1000000015
22066  49.649  -59.389  11.088 0.1000000015
26698  53.939  -55.672  12.179 0.1000000015
20960  49.239  -61.038  10.323 0.1000000015
42078  45.103  -42.225  15.322 0.1000000015
43258  44.267  -41.383  15.233 0.1000000015
42092  44.680  -42.983  14.831 0.1000000015
42079  44.504  -41.847  14.840 0.1000000015
40948  44.650  -43.334  14.841 0.1000000015
42093  44.262  -42.453  14.407 0.1000000015
40950  44.074  -44.017  13.965 0.1000000015
39767  44.121  -44.321  13.699 0.2000000030
42116  43.895  -42.194  13.267 0.1000000015
38630  44.191  -45.291  12.486 0.2000000030
42135  44.218  -42.113  12.293 0.2000000030
40969  44.135  -43.637  13.540 0.2000000030
38613  44.266  -44.872  12.959 0.2000000030
40987  44.426  -43.218  12.481 0.2000000030
39781  44.573  -44.374  12.541 0.2000000030
38651  43.327  -45.917  11.881 0.2000000030
38664  43.319  -45.671  10.838 0.2000000030
39836  44.516  -44.940  9.668 0.1000000015
42136  43.896  -41.606  12.782 0.2000000030
39799  44.705  -44.946  12.100 0.2000000030
38650  44.331  -45.287  11.480 0.2000000030
38649  44.923  -45.075  10.939 0.1000000015
38663  44.221  -45.175  10.333 0.1000000015
43257  44.586  -41.561  15.722 0.1000000015
43259  43.936  -41.088  14.829 0.1000000015
43270  43.844  -41.060  14.341 0.1000000015
41002  44.557  -42.766  11.999 0.2000000030
31581  46.747  -51.483  5.210 0.2000000030
31568  45.415  -51.141  6.150 0.2000000030
31582  45.948  -51.701  5.644 0.2000000030
30441  47.453  -52.400  4.759 0.2000000030
32736  47.493  -50.714  4.744 0.2000000030
32737  47.043  -50.632  5.064 0.2000000030
32738  46.148  -50.475  5.696 0.2000000030
32750  48.000  -50.718  4.397 0.2000000030
33858  45.497  -49.663  6.245 0.2000000030
33870  46.858  -49.623  5.068 0.1000000015
33869  47.431  -50.251  4.725 0.2000000030
33871  46.071  -49.158  5.725 0.2000000030
35091  45.826  -48.395  5.629 0.2000000030
33885  47.716  -49.617  4.233 0.1000000015
33886  46.988  -48.901  4.613 0.1000000015
35107  46.822  -48.373  4.582 0.1000000015
33918  48.798  -49.197  2.764 0.1000000015
33917  49.558  -49.626  2.351 0.1000000015
43312  43.782  -40.925  12.930 0.1000000015
36336  45.556  -47.505  5.562 0.1000000015
36351  47.054  -47.945  4.151 0.1000000015
36335  46.167  -47.718  5.009 0.1000000015
33903  47.952  -48.984  3.644 0.1000000015
35121  47.755  -48.315  3.416 0.1000000015
35134  48.678  -48.512  2.372 0.1000000015
35135  48.121  -48.319  2.944 0.1000000015
35147  49.942  -48.631  1.298 0.1000000015
44543  44.062  -40.469  12.316 0.1000000015
46845  43.734  -38.765  12.840 0.1000000015
44544  43.675  -40.156  12.878 0.1000000015
37568  44.299  -46.599  6.841 0.1000000015
36337  45.064  -47.437  6.068 0.1000000015
36352  46.671  -47.721  4.475 0.1000000015
36353  46.087  -47.195  4.932 0.1000000015
36373  47.804  -47.565  2.897 0.1000000015
35148  49.203  -48.475  1.764 0.1000000015
36382  48.883  -47.685  1.596 0.1000000015
45746  44.276  -39.685  12.012 0.1000000015
38765  45.720  -45.338  5.182 0.1000000015
38748  44.847  -45.943  5.990 0.1000000015
38773  46.588  -45.315  4.088 0.1000000015
38764  46.161  -45.585  4.602 0.1000000015
37602  45.710  -46.319  5.112 0.1000000015
37586  45.213  -46.410  5.661 0.1000000015
38772  47.016  -45.576  3.488 0.1000000015
37613  46.625  -46.155  4.006 0.1000000015
38781  47.506  -45.325  2.988 0.1000000015
37624  47.538  -46.275  2.873 0.1000000015
37612  47.127  -46.721  3.499 0.1000000015
36363  46.752  -47.005  4.033 0.1000000015
38788  48.454  -45.145  1.709 0.1000000015
38780  47.925  -45.547  2.308 0.1000000015
37632  48.557  -46.274  1.553 0.1000000015
44561  44.517  -40.364  11.750 0.1000000015
43324  44.496  -41.279  11.797 0.1000000015
39897  44.704  -44.962  7.055 0.1000000015
39952  47.907  -44.012  3.170 0.1000000015
39953  47.369  -44.518  3.465 0.1000000015
39962  48.273  -44.281  2.437 0.1000000015
38701  44.120  -45.616  7.376 0.1000000015
37623  48.103  -46.856  2.207 0.1000000015
37631  49.357  -46.893  0.908 0.1000000015
38747  45.276  -45.458  5.719 0.1000000015
23311  43.242  -58.401  -0.278 0.1000000015
24512  44.120  -57.769  -0.278 0.1000000015
23316  42.865  -58.488  -0.905 0.1000000015
23312  42.363  -58.996  -0.578 0.1000000015
22194  40.303  -59.427  -1.586 0.1000000015
22195  39.462  -59.962  -1.914 0.1000000015
21113  38.234  -60.191  -2.054 0.1000000015
23304  43.242  -58.327  0.414 0.1000000015
24501  44.216  -57.898  0.434 0.1000000015
22192  41.936  -59.250  -0.953 0.1000000015
22187  40.651  -59.669  -0.922 0.1000000015
24500  44.955  -57.449  0.354 0.1000000015
24483  44.206  -57.660  1.263 0.1000000015
23289  43.655  -57.886  1.041 0.1000000015
23305  42.589  -58.723  0.186 0.1000000015
24513  43.474  -57.933  -0.852 0.1000000015
24466  44.431  -57.137  2.411 0.1000000015
24511  44.645  -57.251  -0.275 0.1000000015
25689  45.722  -56.486  0.586 0.1000000015
26906  46.003  -55.855  0.451 0.1000000015
25700  45.046  -56.641  -0.276 0.1000000015
26917  45.611  -55.562  -0.107 0.1000000015
22203  36.993  -60.049  -1.860 0.1000000015
9083  43.508  -70.840  12.121 0.1000000015
9084  43.065  -71.142  12.064 0.1000000015
9121  43.450  -71.131  11.247 0.1000000015
9921  43.486  -70.611  19.611 0.1000000015
10005  43.967  -70.161  12.694 0.1000000015
10024  44.352  -70.204  11.911 0.1000000015
10040  44.213  -70.264  11.636 0.1000000015
10051  43.483  -70.971  10.840 0.1000000015
10957  45.204  -69.238  12.850 0.1000000015
10958  44.742  -69.576  12.367 0.1000000015
11823  45.957  -68.677  20.357 0.1000000015
11838  46.560  -68.090  19.404 0.1000000015
11884  45.660  -69.027  16.869 0.1000000015
11914  45.728  -68.623  13.972 0.1000000015
11957  44.479  -68.912  12.063 0.1000000015
12868  45.476  -67.169  21.853 0.1000000015
12931  46.957  -67.324  17.186 0.1000000015
12944  46.681  -67.635  16.574 0.1000000015
12955  45.651  -67.416  14.960 0.1000000015
12967  46.311  -67.972  15.126 0.1000000015
12987  45.481  -68.157  13.765 0.1000000015
12989  44.062  -67.574  13.276 0.1000000015
13010  42.319  -67.665  12.440 0.1000000015
13966  47.069  -66.323  20.695 0.1000000015
13970  43.816  -66.265  21.969 0.1000000015
13983  47.232  -66.044  20.386 0.1000000015
14013  46.636  -65.944  18.254 0.1000000015
14032  44.665  -65.977  17.328 0.1000000015
14039  46.757  -67.232  16.800 0.1000000015
14047  46.229  -67.434  15.789 0.1000000015
14058  44.613  -67.210  14.364 0.1000000015
14061  41.774  -65.832  14.205 0.1000000015
15047  41.718  -64.476  23.687 0.1000000015
15069  42.633  -65.195  22.348 0.1000000015
15082  46.653  -65.524  20.681 0.1000000015
15103  47.283  -65.420  19.923 0.1000000015
15104  46.882  -65.184  20.393 0.1000000015
15121  47.239  -65.497  19.505 0.1000000015
15122  46.975  -65.268  19.351 0.1000000015
15142  46.007  -65.200  18.638 0.1000000015
15143  45.305  -65.096  18.514 0.1000000015
15144  44.649  -65.002  18.379 0.1000000015
15155  46.288  -65.731  18.276 0.1000000015
15160  44.275  -65.753  17.389 0.1000000015
15162  42.914  -65.196  16.648 0.1000000015
15181  41.651  -65.231  14.728 0.1000000015
15182  40.866  -64.976  14.267 0.1000000015
16275  41.834  -64.356  23.189 0.1000000015
16295  41.832  -63.960  23.004 0.1000000015
16314  42.833  -64.496  21.949 0.1000000015
16335  46.654  -64.493  20.129 0.1000000015
16336  46.185  -64.582  20.495 0.1000000015
16350  47.055  -65.125  19.678 0.1000000015
16352  46.148  -64.363  19.266 0.1000000015
16365  46.246  -64.804  19.081 0.1000000015
16368  44.225  -64.436  18.382 0.1000000015
16376  42.855  -64.293  17.422 0.1000000015
16378  43.006  -64.839  17.149 0.1000000015
16380  41.895  -64.151  16.280 0.1000000015
16416  39.752  -64.566  14.033 0.1000000015
16604  44.578  -63.485  3.947 0.1000000015
16617  44.103  -63.675  2.804 0.1000000015
17466  42.267  -63.229  22.378 0.1000000015
17500  44.973  -63.441  20.717 0.1000000015
17510  46.339  -64.019  19.945 0.1000000015
17512  45.041  -63.485  19.354 0.1000000015
17522  42.991  -63.343  18.202 0.1000000015
17529  41.855  -63.274  17.082 0.1000000015
17534  42.025  -63.782  16.779 0.1000000015
17536  40.846  -63.195  16.088 0.1000000015
17546  39.570  -62.945  15.274 0.1000000015
17698  47.003  -63.260  7.051 0.1000000015
17706  46.830  -63.087  6.516 0.1000000015
17734  44.284  -63.270  2.921 0.1000000015
18571  43.458  -62.612  21.549 0.1000000015
18586  44.841  -62.840  20.340 0.1000000015
18600  45.124  -63.317  19.601 0.1000000015
18624  41.017  -62.945  16.524 0.1000000015
18626  39.760  -62.359  16.119 0.1000000015
18643  39.318  -62.320  15.766 0.1000000015
18646  37.249  -61.865  15.275 0.1000000015
18789  47.894  -62.382  7.814 0.1000000015
18809  46.876  -62.811  6.486 0.2000000030
18812  44.871  -62.533  5.236 0.3000000119
18816  41.327  -62.471  4.865 0.1000000015
18841  44.835  -62.871  4.390 0.2000000030
19657  44.332  -62.385  21.059 0.1000000015
19672  44.385  -62.247  20.777 0.1000000015
19702  42.280  -61.770  18.911 0.1000000015
19703  41.648  -61.753  18.527 0.1000000015
19712  40.563  -61.860  17.603 0.1000000015
19897  45.895  -61.955  6.478 0.2000000030
19923  46.652  -62.457  6.262 0.2000000030
19925  45.864  -62.304  6.080 0.2000000030
20730  40.827  -59.862  24.179 0.1000000015
20809  41.992  -61.191  19.738 0.1000000015
20820  51.435  -60.029  17.541 0.1000000015
20821  51.212  -59.978  17.730 0.1000000015
20861  37.027  -60.776  15.201 0.1000000015
20882  37.007  -60.011  14.987 0.1000000015
20896  45.090  -60.270  13.932 0.1000000015
20897  44.287  -60.111  13.485 0.1000000015
20915  42.130  -59.937  12.273 0.1000000015
20917  36.225  -60.005  11.931 0.1000000015
20918  35.713  -60.328  12.247 0.1000000015
20938  42.629  -60.417  12.134 0.1000000015
21013  48.013  -61.763  7.811 0.1000000015
21077  39.925  -61.234  4.941 0.1000000015
21109  37.645  -60.624  -1.817 0.1000000015
21114  37.538  -60.159  -2.024 0.1000000015
21115  37.202  -60.104  -1.973 0.1000000015
21888  40.638  -59.954  21.171 0.1000000015
21889  40.071  -59.392  21.024 0.1000000015
21905  39.493  -59.222  20.212 0.1000000015
21932  52.541  -59.125  17.821 0.1000000015
21935  50.250  -59.366  18.019 0.1000000015
21937  38.763  -59.412  18.227 0.1000000015
21939  52.934  -58.787  17.413 0.1000000015
21940  52.649  -59.153  17.197 0.1000000015
21946  38.573  -59.424  17.352 0.1000000015
21978  44.490  -59.100  14.829 0.1000000015
21981  36.601  -59.543  14.185 0.1000000015
21997  43.367  -59.271  13.655 0.1000000015
22016  40.252  -59.060  12.164 0.1000000015
22018  38.477  -59.168  11.881 0.1000000015
22020  36.739  -59.564  12.004 0.1000000015
22043  46.508  -58.750  11.395 0.4000000060
22047  38.412  -59.721  11.433 0.1000000015
22068  48.224  -59.812  10.599 0.2000000030
22082  47.381  -60.153  10.043 0.2000000030
22086  43.642  -59.070  9.889 0.1000000015
22140  39.686  -60.328  4.855 0.1000000015
22185  41.992  -59.287  -0.733 0.1000000015
22186  41.512  -59.399  -0.630 0.1000000015
22193  41.320  -59.250  -1.198 0.1000000015
22202  37.372  -59.840  -1.973 0.1000000015
22934  44.445  -58.885  25.207 0.1000000015
22937  42.128  -58.778  25.485 0.1000000015
22955  40.862  -58.472  24.533 0.1000000015
22956  40.565  -58.291  23.862 0.1000000015
22973  40.423  -57.975  23.271 0.1000000015
22994  39.648  -58.452  21.031 0.1000000015
23008  39.386  -58.343  20.402 0.1000000015
23028  49.499  -58.094  18.766 0.1000000015
23043  53.030  -58.432  17.968 0.1000000015
23050  38.644  -58.462  18.221 0.1000000015
23054  49.225  -59.302  17.598 0.1000000015
23058  45.469  -57.730  17.050 0.1000000015
23064  47.048  -58.862  16.676 0.1000000015
23068  43.539  -57.641  16.107 0.1000000015
23074  45.102  -58.729  15.758 0.1000000015
23077  42.884  -57.826  15.163 0.1000000015
23093  41.895  -57.801  14.133 0.1000000015
23112  42.469  -58.469  13.784 0.1000000015
23138  37.721  -58.921  12.298 0.1000000015
23182  46.072  -58.804  11.272 0.4000000060
23201  43.189  -58.349  9.886 0.1000000015
23290  43.234  -58.057  0.927 0.1000000015
23303  43.747  -58.007  0.680 0.1000000015
23310  43.762  -58.144  0.199 0.1000000015
23313  41.950  -59.273  -0.488 0.1000000015
24100  44.057  -58.468  25.285 0.1000000015
24103  41.897  -58.014  25.131 0.1000000015
24125  41.654  -57.481  24.623 0.1000000015
24126  40.950  -57.533  24.186 0.1000000015
24147  40.958  -57.134  23.782 0.1000000015
24148  40.718  -57.336  23.500 0.1000000015
24187  49.228  -57.337  19.490 0.1000000015
24189  48.082  -56.936  19.958 0.1000000015
24190  47.649  -56.811  20.181 0.1000000015
24210  49.377  -57.656  19.148 0.1000000015
24216  38.939  -57.796  19.154 0.1000000015
24232  53.376  -56.878  18.579 0.1000000015
24235  48.288  -57.621  18.980 0.1000000015
24250  46.495  -57.552  17.957 0.1000000015
24254  42.882  -56.823  17.079 0.1000000015
24263  43.427  -57.306  16.587 0.1000000015
24273  41.617  -56.928  15.606 0.1000000015
24303  52.018  -57.444  13.116 0.2000000030
24308  39.187  -57.722  13.582 0.1000000015
24321  52.955  -56.492  12.403 0.1000000015
24325  46.545  -57.206  12.331 0.4000000060
24328  43.705  -56.914  11.949 0.2000000030
24341  52.132  -56.548  11.477 0.2000000030
24345  47.068  -57.576  12.175 0.4000000060
24349  43.410  -57.113  11.395 0.1000000015
24370  43.162  -57.393  10.651 0.1000000015
24426  43.293  -56.842  5.233 0.3000000119
24436  43.564  -56.866  4.517 0.2000000030
24449  44.473  -56.767  3.560 0.2000000030
24464  45.952  -56.611  2.516 0.2000000030
24484  43.301  -57.700  1.450 0.1000000015
25302  41.978  -56.935  24.336 0.1000000015
25319  44.167  -56.185  24.001 0.1000000015
25323  40.945  -56.973  23.568 0.1000000015
25333  42.612  -55.973  23.086 0.1000000015
25335  40.905  -56.768  23.133 0.1000000015
25352  47.933  -56.274  21.141 0.1000000015
25356  44.767  -55.900  21.621 0.1000000015
25370  52.124  -55.976  19.964 0.1000000015
25372  50.571  -56.578  19.923 0.1000000015
25374  48.756  -56.711  20.239 0.1000000015
25396  53.706  -56.061  19.338 0.1000000015
25400  50.354  -57.201  19.477 0.1000000015
25406  43.130  -55.954  19.834 0.1000000015
25430  44.823  -56.626  19.101 0.1000000015
25457  53.488  -56.653  17.041 0.1000000015
25461  40.723  -56.516  16.705 0.1000000015
25467  41.344  -56.610  16.251 0.1000000015
25469  40.266  -56.639  15.806 0.1000000015
25474  53.736  -56.768  13.807 0.1000000015
25498  54.045  -55.775  12.451 0.2000000030
25499  53.470  -56.107  12.251 0.1000000015
25501  47.579  -56.753  12.187 0.3000000119
25506  43.342  -56.387  11.905 0.1000000015
25516  53.127  -55.706  11.071 0.1000000015
25518  52.046  -56.482  11.153 0.2000000030
25522  43.022  -56.466  11.352 0.1000000015
25523  42.721  -56.154  11.014 0.1000000015
25540  52.981  -55.474  10.528 0.2000000030
25541  52.578  -55.641  10.420 0.2000000030
25546  42.791  -56.527  10.528 0.1000000015
25566  52.195  -55.532  9.963 0.3000000119
25615  43.193  -56.796  5.560 0.3000000119
25660  45.866  -56.554  2.799 0.2000000030
25675  45.814  -56.614  1.109 0.2000000030
25688  46.143  -56.008  0.730 0.1000000015
25702  43.870  -57.457  -0.785 0.1000000015
26463  51.039  -55.454  25.801 0.1000000015
26494  46.186  -56.188  24.289 0.1000000015
26516  43.905  -55.956  23.536 0.1000000015
26540  42.397  -55.854  22.578 0.1000000015
26556  51.498  -54.985  20.934 0.1000000015
26564  44.285  -55.783  21.973 0.1000000015
26589  43.868  -55.772  21.490 0.1000000015
26606  53.071  -56.204  19.613 0.1000000015
26607  43.029  -55.773  20.467 0.1000000015
26640  53.289  -55.788  17.831 0.1000000015
26641  52.829  -55.753  17.376 0.1000000015
26642  52.193  -55.632  17.135 0.1000000015
26662  51.903  -55.552  15.175 0.1000000015
26664  50.300  -55.403  15.133 0.1000000015
26667  54.533  -55.022  13.504 0.2000000030
26672  51.556  -55.248  14.531 0.2000000030
26684  54.436  -55.496  13.393 0.2000000030
26696  54.573  -54.863  12.598 0.3000000119
26703  43.188  -55.630  12.145 0.3000000119
26716  53.746  -55.486  11.606 0.1000000015
26721  43.011  -56.071  11.745 0.1000000015
26739  53.381  -55.109  10.512 0.2000000030
26743  49.336  -55.331  10.750 0.4000000060
26763  53.115  -54.878  10.038 0.2000000030
26764  52.720  -55.069  9.872 0.2000000030
26789  44.030  -54.901  7.909 0.2000000030
26822  45.422  -55.036  6.489 0.2000000030
26823  44.893  -55.385  6.785 0.2000000030
26835  46.413  -54.792  5.571 0.3000000119
26850  46.163  -55.797  4.824 0.3000000119
26875  47.751  -55.214  2.329 0.2000000030
26891  48.022  -54.615  1.533 0.2000000030
26905  46.563  -55.354  0.595 0.1000000015
27748  50.922  -54.476  25.478 0.1000000015
27749  50.147  -54.171  25.535 0.1000000015
27813  51.309  -54.821  21.365 0.1000000015
27831  53.021  -54.913  20.603 0.1000000015
27919  47.993  -54.225  15.639 0.3000000119
27946  53.888  -54.207  13.481 0.2000000030
27959  54.539  -54.451  12.490 0.3000000119
27960  54.534  -54.765  12.365 0.3000000119
27962  45.509  -54.549  12.418 0.2000000030
27965  42.768  -54.724  12.024 0.3000000119
27978  54.458  -54.497  11.894 0.3000000119
27979  48.939  -55.001  10.945 0.4000000060
27997  54.189  -54.289  10.920 0.4000000060
27998  53.728  -54.535  10.427 0.2000000030
27999  50.042  -54.499  9.987 0.4000000060
28021  52.785  -54.397  9.543 0.2000000030
28022  51.699  -54.510  9.308 0.3000000119
28023  51.302  -54.053  9.301 0.3000000119
28043  53.014  -53.955  9.464 0.2000000030
28044  52.549  -53.975  9.305 0.2000000030
28045  52.010  -53.999  9.152 0.3000000119
28049  42.863  -54.068  8.831 0.2000000030
28065  44.422  -54.122  7.237 0.2000000030
28066  43.803  -53.768  7.725 0.2000000030
28080  45.971  -54.245  5.850 0.2000000030
28082  44.737  -53.589  6.762 0.2000000030
28115  49.220  -53.687  2.608 0.2000000030
28116  48.631  -54.280  3.043 0.2000000030
28153  47.925  -54.520  1.335 0.1000000015
28161  48.252  -53.779  1.098 0.1000000015
29132  47.226  -53.858  16.391 0.4000000060
29148  47.969  -53.337  14.830 0.4000000060
29157  54.303  -53.976  12.823 0.2000000030
29158  54.064  -53.737  12.909 0.2000000030
29160  52.877  -53.536  12.912 0.2000000030
29194  54.513  -54.020  12.234 0.3000000119
29198  46.179  -53.340  11.843 0.3000000119
29214  54.183  -53.454  10.478 0.3000000119
29217  48.157  -53.254  10.736 0.4000000060
29231  53.712  -53.573  9.832 0.3000000119
29232  53.289  -53.663  9.541 0.2000000030
29251  52.473  -53.246  9.166 0.2000000030
29254  43.466  -53.411  8.025 0.3000000119
29292  45.906  -53.163  5.724 0.2000000030
29302  49.172  -53.127  3.600 0.3000000119
29312  50.010  -52.480  2.768 0.1000000015
29346  50.028  -52.771  1.976 0.1000000015
29347  49.515  -53.128  1.677 0.1000000015
29348  48.948  -53.502  1.553 0.1000000015
30128  49.154  -52.470  25.239 0.1000000015
30129  48.500  -52.570  25.641 0.1000000015
30130  47.777  -51.949  25.724 0.1000000015
30165  50.437  -52.177  23.231 0.1000000015
30181  49.092  -52.333  22.318 0.1000000015
30182  48.224  -52.347  22.146 0.1000000015
30196  50.435  -52.608  21.495 0.1000000015
30201  45.453  -52.281  21.507 0.1000000015
30220  44.830  -52.197  20.951 0.1000000015
30278  45.946  -53.067  17.274 0.2000000030
30314  49.645  -52.400  13.800 0.5000000000
30331  52.542  -52.204  12.515 0.2000000030
30332  45.591  -53.090  12.046 0.4000000060
30342  54.147  -52.479  11.541 0.3000000119
30363  48.730  -52.482  10.188 0.4000000060
30365  47.108  -51.942  10.830 0.5000000000
30394  53.299  -52.606  9.425 0.3000000119
30396  52.421  -52.521  9.194 0.2000000030
30397  51.868  -52.390  9.153 0.3000000119
30398  51.275  -52.377  9.203 0.4000000060
30400  42.731  -52.430  8.773 0.4000000060
30430  44.733  -52.304  6.478 0.2000000030
30442  46.450  -52.399  5.362 0.2000000030
30455  49.555  -52.466  3.384 0.3000000119
30470  50.235  -52.109  2.715 0.2000000030
30471  49.941  -52.369  3.013 0.2000000030
30490  50.720  -51.789  2.177 0.1000000015
30491  50.498  -52.071  2.359 0.1000000015
30503  50.511  -52.233  1.897 0.1000000015
30513  50.092  -52.395  1.344 0.1000000015
30515  48.573  -52.820  0.698 0.1000000015
31301  45.818  -51.559  26.850 0.1000000015
31323  45.240  -51.079  24.731 0.1000000015
31335  48.292  -51.878  23.599 0.1000000015
31339  44.487  -51.212  24.073 0.1000000015
31355  43.936  -51.266  23.218 0.1000000015
31363  46.498  -52.305  22.223 0.1000000015
31393  43.578  -51.801  20.117 0.2000000030
31468  50.345  -51.750  13.651 0.5000000000
31473  53.843  -51.855  11.590 0.3000000119
31476  52.463  -51.570  12.559 0.4000000060
31514  53.165  -51.513  9.580 0.3000000119
31516  51.592  -51.462  9.369 0.4000000060
31532  53.117  -52.213  9.378 0.2000000030
31533  52.908  -51.903  9.365 0.3000000119
31535  51.940  -51.825  9.286 0.4000000060
31580  47.503  -51.287  4.742 0.2000000030
31593  49.255  -51.869  3.624 0.3000000119
31606  49.927  -51.781  3.058 0.2000000030
31607  49.407  -51.285  3.379 0.2000000030
31622  50.792  -51.526  2.196 0.1000000015
31635  50.960  -51.464  1.945 0.1000000015
31636  50.808  -51.723  1.695 0.1000000015
32437  45.197  -50.865  27.018 0.1000000015
32454  46.079  -50.945  26.391 0.1000000015
32457  44.281  -50.255  26.800 0.1000000015
32469  46.306  -50.891  26.159 0.1000000015
32473  43.715  -50.120  25.723 0.1000000015
32484  46.192  -50.855  25.699 0.1000000015
32504  44.360  -50.821  24.681 0.1000000015
32506  42.995  -50.440  24.034 0.1000000015
32549  41.665  -49.477  19.975 0.2000000030
32591  47.039  -50.035  16.196 0.4000000060
32625  51.159  -50.742  13.919 0.5000000000
32640  53.630  -50.459  11.155 0.4000000060
32641  53.504  -50.326  11.515 0.4000000060
32662  47.016  -51.021  10.797 0.5000000000
32676  53.251  -50.972  9.870 0.3000000119
32677  52.640  -50.824  9.689 0.4000000060
32678  51.933  -50.845  9.610 0.5000000000
32681  49.279  -51.225  9.977 0.4000000060
32694  52.763  -51.387  9.494 0.3000000119
32713  44.167  -50.207  7.287 0.3000000119
32763  49.738  -50.969  2.978 0.2000000030
32778  50.900  -51.252  2.166 0.1000000015
33617  42.505  -49.860  25.234 0.1000000015
33727  44.756  -49.886  17.039 0.2000000030
33759  45.522  -48.859  13.328 0.5000000000
33770  43.728  -48.851  12.303 0.4000000060
33801  53.596  -50.258  10.896 0.4000000060
33806  50.122  -50.071  10.767 0.5000000000
33815  53.291  -50.403  10.286 0.4000000060
33902  48.679  -49.712  3.275 0.1000000015
33916  50.407  -50.212  2.119 0.1000000015
34721  41.333  -49.019  28.055 0.1000000015
34772  39.835  -48.132  24.627 0.1000000015
34845  39.623  -47.609  22.570 0.1000000015
34880  40.726  -48.135  20.663 0.1000000015
34890  41.488  -48.258  19.665 0.2000000030
34914  48.087  -47.553  17.026 0.5000000000
34955  51.499  -48.312  14.867 0.5000000000
34965  52.598  -48.367  13.785 0.5000000000
34967  49.015  -47.416  13.999 0.5000000000
34982  53.326  -48.796  13.001 0.4000000060
34984  50.934  -47.334  12.780 0.5000000000
34996  53.329  -48.791  12.747 0.4000000060
34998  51.859  -47.662  12.139 0.5000000000
35006  43.103  -48.164  12.240 0.4000000060
35038  52.313  -48.943  10.888 0.5000000000
35090  46.386  -48.420  5.103 0.1000000015
35106  47.272  -48.440  4.129 0.1000000015
35120  48.350  -48.830  3.102 0.1000000015
35145  51.574  -49.062  0.910 0.1000000015
35988  39.686  -47.244  25.236 0.1000000015
36070  39.602  -47.281  22.214 0.1000000015
36098  39.932  -47.336  21.362 0.1000000015
36099  39.697  -47.195  21.770 0.1000000015
36121  40.983  -47.843  20.013 0.1000000015
36202  47.559  -46.371  15.106 0.5000000000
36214  49.220  -46.869  14.133 0.5000000000
36249  52.048  -47.408  12.417 0.5000000000
36261  52.610  -47.869  12.045 0.5000000000
36288  42.520  -47.981  9.564 0.3000000119
36319  45.167  -47.772  6.081 0.1000000015
36362  47.203  -47.676  3.808 0.1000000015
36372  48.329  -47.673  2.253 0.1000000015
37275  39.455  -46.701  23.975 0.1000000015
37291  39.400  -46.819  23.303 0.1000000015
37353  39.640  -46.652  21.678 0.1000000015
37375  39.735  -46.048  21.198 0.1000000015
37394  45.240  -46.648  17.896 0.2000000030
37398  41.664  -45.937  19.081 0.1000000015
37425  48.867  -46.027  16.900 0.5000000000
37444  46.702  -45.808  15.462 0.4000000060
37446  44.886  -46.120  15.319 0.3000000119
37473  50.432  -46.013  13.766 0.5000000000
37491  52.555  -47.209  12.920 0.6000000238
37492  52.320  -46.994  12.927 0.6000000238
37531  42.661  -46.603  9.577 0.3000000119
37601  46.323  -46.673  4.514 0.1000000015
38510  39.831  -45.678  21.276 0.1000000015
38544  48.775  -44.664  17.185 0.3000000119
38585  51.368  -45.491  15.065 0.5000000000
38587  48.749  -44.599  14.812 0.5000000000
38604  48.644  -45.338  14.742 0.5000000000
38652  42.873  -46.350  11.706 0.4000000060
38724  44.887  -45.298  6.334 0.1000000015
38725  44.515  -45.837  6.553 0.1000000015
39692  41.964  -44.788  18.951 0.1000000015
39700  49.129  -44.095  16.954 0.4000000060
39755  49.885  -44.307  14.566 0.5000000000
39758  44.097  -44.513  14.155 0.2000000030
39963  47.760  -44.714  2.850 0.1000000015
40832  40.904  -44.096  21.452 0.1000000015
40856  42.087  -43.069  20.046 0.1000000015
40898  47.133  -43.343  17.618 0.2000000030
40908  48.135  -43.255  16.829 0.3000000119
40926  44.606  -44.005  14.938 0.2000000030
40945  50.131  -44.068  14.721 0.5000000000
40946  49.763  -43.873  14.846 0.5000000000
40970  44.129  -43.993  13.725 0.2000000030
42013  41.685  -42.951  21.050 0.1000000015
42117  43.788  -41.476  13.133 0.1000000015
42148  44.774  -42.312  11.656 0.1000000015
43269  44.174  -41.549  14.584 0.1000000015
43311  44.084  -41.281  12.421 0.2000000030
44490  43.875  -40.965  15.106 0.1000000015
45747  43.845  -39.574  12.562 0.1000000015
45768  44.822  -39.725  11.570 0.1000000015
