#!ascii label  , from subject sub-01 vox2ras=TkReg
550
63277  26.313  -23.614  3.929 0.1428571492
62167  25.494  -24.342  4.399 0.1428571492
64390  25.960  -22.758  3.826 0.1428571492
62165  27.190  -24.743  4.450 0.1428571492
63301  26.585  -22.912  3.521 0.2857142985
63278  25.330  -23.337  4.333 0.1428571492
64389  27.469  -23.059  3.783 0.1428571492
65506  26.761  -21.559  2.915 0.5714285970
64413  27.821  -22.065  3.559 0.1428571492
66617  28.546  -21.043  3.764 0.2857142985
65504  28.197  -21.569  3.647 0.2857142985
67696  29.210  -19.702  3.695 0.1428571492
66616  29.086  -20.557  3.981 0.2857142985
69815  29.557  -17.653  2.856 0.2857142985
68776  29.066  -18.319  2.767 0.2857142985
71969  30.062  -15.494  2.352 0.2857142985
70910  30.555  -16.399  3.298 0.2857142985
72972  30.250  -14.250  1.934 0.2857142985
72963  30.005  -14.884  1.993 0.2857142985
74995  30.463  -12.621  1.305 0.2857142985
77048  31.417  -10.417  0.518 0.8571428657
75977  30.683  -11.673  1.070 0.4285714328
74984  30.622  -12.653  2.149 0.2857142985
79124  32.089  -8.708  0.033 0.7142857313
78089  32.220  -9.171  1.058 0.7142857313
78078  31.785  -9.807  1.105 0.7142857313
77037  31.017  -11.130  0.593 0.7142857313
80148  32.385  -7.834  0.607 0.8571428657
80149  31.947  -7.839  -0.039 0.8571428657
78090  31.884  -9.532  0.398 0.7142857313
77060  31.375  -10.279  -0.098 0.7142857313
82181  32.651  -5.574  1.767 0.4285714328
81187  32.180  -7.050  0.602 0.7142857313
84341  32.919  -3.981  2.123 0.2857142985
84342  32.048  -4.013  1.304 0.5714285970
82204  31.931  -5.751  0.901 0.8571428657
83245  32.288  -5.083  1.538 0.7142857313
82221  31.943  -6.405  0.605 0.8571428657
85384  32.490  -2.889  1.745 0.1428571492
84340  33.598  -3.565  2.278 0.1428571492
83246  31.668  -5.033  0.759 0.5714285970
87434  32.736  -0.977  1.281 0.1428571492
85383  33.661  -2.779  1.984 0.1428571492
86398  31.999  -2.067  1.500 0.1428571492
85385  31.639  -3.037  1.144 0.4285714328
83265  31.334  -5.178  -0.083 0.8571428657
88468  32.804  0.305  0.787 0.1428571492
87453  33.340  -0.565  1.011 0.1428571492
87454  32.358  -0.479  1.193 0.1428571492
86399  31.232  -2.104  1.133 0.4285714328
84358  31.331  -4.123  0.432 0.7142857313
83277  31.076  -5.297  -0.734 0.8571428657
88469  31.830  0.263  0.890 0.1428571492
87455  31.207  -0.909  1.132 0.1428571492
85405  30.848  -3.059  0.525 0.8571428657
83266  31.054  -4.671  -0.364 0.8571428657
84359  30.754  -3.938  -0.318 0.8571428657
89421  32.380  1.079  0.559 0.1428571492
89422  31.518  1.046  0.561 0.2857142985
88470  30.766  0.291  0.545 0.1428571492
87456  30.345  -0.874  -0.049 0.8571428657
86421  30.617  -1.979  0.355 0.8571428657
86422  30.159  -1.995  -0.680 0.8571428657
90421  30.500  2.586  -0.586 0.1428571492
90420  31.443  2.665  -0.135 0.1428571492
89438  30.764  1.540  0.053 0.4285714328
88499  29.642  -0.192  -1.361 0.8571428657
87474  29.708  -1.051  -1.327 0.8571428657
86445  29.807  -2.182  -1.516 0.8571428657
89439  29.881  1.590  -0.679 0.4285714328
87475  29.571  -1.430  -2.033 0.8571428657
91442  29.990  3.309  -1.386 0.2857142985
89449  29.426  1.648  -1.483 0.8571428657
88487  29.587  0.983  -1.106 0.8571428657
88500  29.526  0.354  -1.844 0.8571428657
87486  29.612  -0.442  -1.742 0.8571428657
87487  29.483  -0.919  -2.440 0.8571428657
92457  29.733  3.619  -1.800 0.2857142985
91443  29.574  3.013  -1.767 0.7142857313
90436  29.659  2.589  -1.419 0.5714285970
90447  29.209  2.370  -2.008 0.8571428657
88513  29.308  0.023  -3.244 0.8571428657
88523  28.737  0.246  -4.032 0.8571428657
87499  29.270  -1.020  -3.461 0.8571428657
90448  28.802  2.427  -2.714 0.8571428657
89462  28.737  1.891  -3.234 0.8571428657
89474  28.992  0.743  -3.541 0.8571428657
88524  28.483  0.480  -4.770 0.7142857313
90461  28.565  2.479  -3.533 0.8571428657
89475  28.739  1.383  -3.987 0.8571428657
90474  28.388  2.424  -4.566 0.8571428657
90486  28.107  2.153  -5.317 0.8571428657
89488  28.333  1.436  -5.048 0.7142857313
91469  27.944  3.849  -4.465 0.7142857313
91483  28.108  3.222  -4.701 0.8571428657
91484  27.611  3.544  -5.237 0.8571428657
92495  27.005  4.448  -5.512 0.7142857313
90475  28.023  2.786  -5.186 0.8571428657
95440  28.912  7.351  -4.834 0.1428571492
92483  27.645  4.553  -4.688 0.8571428657
91496  26.887  3.436  -6.033 0.8571428657
96366  27.996  7.934  -5.286 0.1428571492
93485  27.411  5.577  -5.011 0.5714285970
94536  26.965  6.446  -5.501 0.5714285970
94537  26.147  6.317  -6.181 0.5714285970
95442  27.481  7.370  -5.354 0.1428571492
96392  28.202  8.564  -6.712 0.1428571492
94538  25.411  6.206  -6.634 0.5714285970
96393  27.166  8.629  -7.013 0.1428571492
96410  26.829  9.317  -7.643 0.1428571492
96378  26.557  8.055  -6.509 0.1428571492
97336  26.477  9.711  -8.175 0.1428571492
95459  25.701  7.313  -6.649 0.5714285970
96411  26.213  9.378  -7.670 0.1428571492
97321  25.160  8.968  -7.685 0.1428571492
97355  26.121  10.178  -8.474 0.1428571492
97338  24.712  9.588  -7.763 0.1428571492
61115  26.303  -25.629  4.502 0.1428571492
61116  25.574  -25.244  4.475 0.1428571492
64414  27.267  -22.466  3.379 0.2857142985
64388  28.149  -22.697  4.162 0.1428571492
64387  28.871  -22.073  4.504 0.2857142985
68759  30.341  -18.127  3.865 0.2857142985
68760  29.520  -18.681  3.493 0.2857142985
73975  30.278  -13.588  1.531 0.2857142985
77036  31.300  -10.671  1.293 0.4285714328
81173  32.630  -7.045  1.151 0.2857142985
83226  32.858  -5.050  2.170 0.1428571492
81199  31.278  -6.876  -0.630 0.8571428657
85421  30.026  -2.984  -1.264 0.8571428657
91456  29.247  3.177  -2.235 0.8571428657
91468  28.327  3.451  -3.867 0.8571428657
95458  26.659  7.326  -5.940 0.1428571492
97354  26.856  10.011  -8.945 0.1428571492
60046  24.879  -25.654  4.713 0.1428571492
65505  27.639  -21.478  3.127 0.4285714328
66631  28.266  -20.523  3.203 0.2857142985
65521  26.847  -20.863  2.575 0.2857142985
67697  28.805  -19.563  3.305 0.1428571492
69794  30.816  -17.246  3.887 0.2857142985
70924  30.201  -15.974  2.699 0.2857142985
70925  29.590  -16.617  2.293 0.2857142985
75989  30.644  -11.824  0.237 0.7142857313
86420  33.676  -1.219  1.164 0.1428571492
88467  33.582  0.381  0.464 0.1428571492
89437  31.908  1.914  0.408 0.1428571492
88486  29.853  0.336  -0.605 0.8571428657
85406  30.380  -2.983  -0.370 0.8571428657
84372  30.423  -3.879  -1.195 1.0000000000
91430  31.160  3.586  -0.638 0.1428571492
92448  30.737  3.903  -0.911 0.1428571492
92470  29.492  4.254  -2.330 0.2857142985
87513  28.610  -0.269  -4.558 0.8571428657
91457  28.741  3.367  -2.896 0.5714285970
92471  28.742  4.352  -3.173 0.5714285970
92482  28.170  4.514  -3.910 0.5714285970
94519  27.762  6.642  -4.956 0.4285714328
94499  28.636  6.198  -4.067 0.2857142985
94518  28.457  6.815  -4.540 0.2857142985
96377  27.457  8.181  -5.934 0.1428571492
95475  25.289  7.860  -7.130 0.2857142985
96394  25.879  8.682  -7.169 0.1428571492
97322  24.742  8.877  -7.704 0.1428571492
97356  25.484  10.179  -8.091 0.1428571492
98222  25.091  10.676  -7.806 0.1428571492
93451  29.286  5.018  -2.903 0.4285714328
93466  28.763  5.419  -3.479 0.4285714328
93467  28.047  5.423  -4.203 0.5714285970
94500  28.029  6.155  -4.496 0.5714285970
63276  27.368  -23.752  4.146 0.1428571492
62168  24.405  -24.155  4.806 0.1428571492
64415  26.362  -22.250  3.403 0.4285714328
64391  25.211  -22.167  4.163 0.2857142985
66630  28.838  -20.084  3.555 0.1428571492
70911  29.992  -17.066  2.923 0.2857142985
78103  31.461  -9.586  -0.362 0.7142857313
82203  32.411  -6.186  1.293 0.8571428657
81188  31.725  -6.997  0.006 0.8571428657
87436  31.639  -1.568  1.327 0.2857142985
86397  33.021  -1.684  1.408 0.1428571492
89461  29.061  1.342  -2.750 0.8571428657
95457  28.667  7.668  -5.238 0.1428571492
93502  25.771  5.302  -6.385 0.5714285970
96409  27.987  9.233  -7.909 0.1428571492
97335  27.162  9.617  -8.350 0.1428571492
97337  25.704  9.551  -7.862 0.1428571492
66632  27.675  -20.886  2.852 0.4285714328
71980  29.592  -15.595  1.692 0.5714285970
96395  24.854  8.314  -7.476 0.1428571492
70938  28.700  -16.793  1.353 0.5714285970
70939  27.884  -17.026  0.897 0.5714285970
69858  26.604  -17.232  1.384 0.2857142985
71996  28.899  -15.644  0.539 0.5714285970
70952  27.592  -16.012  0.465 0.5714285970
68797  26.810  -17.841  1.531 0.4285714328
70950  28.745  -16.223  0.872 0.5714285970
70941  26.149  -16.563  1.361 0.2857142985
71982  26.511  -16.050  0.880 0.4285714328
73976  29.834  -13.986  0.943 0.4285714328
72987  28.849  -14.935  -0.034 0.5714285970
72988  27.953  -14.590  -0.246 0.5714285970
72989  26.932  -14.532  0.120 0.4285714328
74009  29.684  -13.556  -0.302 0.5714285970
75022  29.728  -12.693  -0.702 0.7142857313
75023  28.881  -12.669  -0.988 0.4285714328
75021  30.290  -12.671  -0.157 0.4285714328
71998  27.044  -15.488  0.456 0.4285714328
71983  25.863  -15.488  1.080 0.2857142985
70927  25.463  -16.134  1.672 0.2857142985
74008  30.177  -13.255  0.196 0.7142857313
76001  29.743  -11.705  -1.042 0.7142857313
76016  28.716  -11.017  -1.484 0.4285714328
77075  29.593  -10.361  -1.534 0.7142857313
77076  28.740  -10.196  -1.728 0.5714285970
78117  29.532  -9.446  -1.834 0.7142857313
77077  27.973  -10.090  -1.800 0.2857142985
77049  31.052  -11.081  -0.056 0.5714285970
77061  30.719  -10.663  -0.741 0.5714285970
77062  29.995  -10.849  -1.239 0.7142857313
78116  30.287  -9.483  -1.443 0.7142857313
79152  29.491  -8.520  -2.185 0.7142857313
79169  29.124  -8.006  -2.367 0.7142857313
79153  28.556  -8.594  -2.147 0.4285714328
79170  28.549  -7.844  -2.313 0.4285714328
78104  30.900  -9.559  -0.945 0.5714285970
79137  31.496  -8.695  -0.553 0.5714285970
80161  30.828  -7.710  -1.219 0.5714285970
80174  30.330  -7.603  -1.959 0.7142857313
80190  30.027  -7.142  -2.299 0.7142857313
81225  30.037  -6.470  -2.415 0.7142857313
80191  29.348  -7.253  -2.467 0.7142857313
80192  28.607  -7.093  -2.495 0.5714285970
82259  29.453  -5.598  -3.044 0.5714285970
82222  31.601  -6.022  0.116 0.7142857313
81200  30.847  -6.772  -1.311 0.5714285970
82233  30.818  -5.863  -1.298 0.7142857313
82246  30.478  -5.692  -1.923 0.8571428657
83291  30.387  -4.759  -1.976 0.7142857313
83304  30.028  -4.755  -2.730 0.7142857313
82260  28.691  -5.491  -3.369 0.5714285970
83305  29.516  -4.690  -3.360 0.7142857313
82232  31.200  -5.991  -0.682 0.5714285970
81214  30.495  -6.595  -1.932 0.7142857313
84398  29.858  -4.065  -2.823 0.7142857313
83322  29.226  -4.225  -3.701 0.5714285970
84415  28.528  -3.526  -4.035 0.2857142985
83278  30.759  -4.856  -1.136 0.7142857313
84384  30.147  -3.802  -2.118 0.7142857313
85456  28.461  -2.683  -4.215 0.7142857313
84385  29.746  -3.483  -2.523 0.8571428657
84399  29.500  -3.665  -3.147 0.8571428657
86480  29.509  -1.816  -3.342 0.8571428657
85431  29.557  -2.872  -2.568 0.8571428657
85455  29.152  -2.617  -3.967 0.5714285970
86493  29.239  -1.627  -4.078 0.8571428657
85471  28.453  -2.040  -4.690 0.7142857313
85430  29.721  -2.970  -1.969 0.8571428657
86504  28.822  -1.456  -4.549 0.8571428657
87512  28.941  -0.718  -4.113 0.8571428657
87526  28.580  -0.853  -4.605 0.7142857313
89501  27.789  1.591  -5.548 0.7142857313
88551  27.533  1.225  -5.590 0.7142857313
88553  26.729  0.933  -5.494 0.7142857313
89502  27.235  1.716  -5.744 0.7142857313
90487  27.503  2.514  -5.701 0.7142857313
90489  25.949  2.791  -6.303 0.7142857313
90476  26.361  1.932  -5.784 0.7142857313
91498  25.539  3.381  -6.111 0.7142857313
92510  24.888  4.314  -5.918 0.7142857313
91485  25.157  3.335  -5.056 0.5714285970
91497  26.123  3.406  -6.486 0.7142857313
92509  25.549  4.317  -6.470 0.7142857313
91486  24.930  3.841  -4.641 0.5714285970
92497  24.783  4.438  -4.330 0.5714285970
92511  24.648  4.720  -5.201 0.5714285970
92484  24.734  4.305  -3.176 0.4285714328
93468  24.783  5.210  -3.479 0.5714285970
93504  24.496  5.477  -5.764 0.5714285970
93441  24.169  5.114  -1.481 0.4285714328
91444  23.845  3.591  -1.667 0.4285714328
93452  24.672  4.959  -2.499 0.5714285970
95426  24.826  6.851  -1.772 0.4285714328
78065  31.815  -9.959  1.750 0.2857142985
94488  24.761  5.906  -2.433 0.2857142985
94480  24.345  6.015  -1.231 0.2857142985
69856  28.019  -17.643  1.225 0.5714285970
68796  27.378  -18.134  1.485 0.5714285970
72973  29.799  -14.605  1.397 0.2857142985
71995  29.394  -15.321  1.049 0.4285714328
69857  27.300  -17.417  1.211 0.5714285970
72986  29.432  -14.678  0.585 0.5714285970
69859  26.096  -17.198  1.649 0.2857142985
71999  26.441  -14.987  0.557 0.4285714328
73003  28.477  -14.006  -0.622 0.4285714328
74010  28.994  -13.504  -0.765 0.5714285970
76002  28.771  -11.837  -1.303 0.5714285970
78077  32.292  -9.302  1.646 0.2857142985
76018  27.548  -10.551  -1.519 0.2857142985
78118  28.682  -9.377  -1.967 0.7142857313
84414  29.111  -3.533  -3.711 0.7142857313
88538  27.837  0.606  -5.455 0.7142857313
88539  27.056  0.287  -5.413 0.7142857313
91471  24.896  3.476  -3.966 0.5714285970
92472  24.304  4.318  -2.164 0.2857142985
92508  26.296  4.356  -6.252 0.5714285970
93503  24.928  5.400  -6.630 0.5714285970
93486  24.529  5.392  -4.619 0.5714285970
94501  24.657  6.247  -3.795 0.2857142985
74011  27.985  -13.522  -0.659 0.4285714328
80160  31.373  -7.793  -0.599 0.7142857313
86464  29.619  -1.984  -2.522 0.7142857313
76000  30.383  -11.788  -0.437 0.5714285970
87527  28.208  -0.480  -4.985 0.7142857313
71981  29.148  -16.009  1.139 0.5714285970
70951  28.172  -16.335  0.608 0.5714285970
70940  27.127  -16.561  0.820 0.5714285970
71997  28.082  -15.546  0.215 0.5714285970
68779  26.602  -18.622  1.843 0.5714285970
73001  29.400  -14.308  -0.037 0.5714285970
73002  28.973  -14.277  -0.539 0.5714285970
76015  29.373  -11.167  -1.339 0.7142857313
76017  27.956  -10.811  -1.594 0.4285714328
76003  27.876  -11.664  -1.291 0.4285714328
77074  30.363  -10.216  -1.270 0.7142857313
79138  30.863  -8.641  -1.079 0.7142857313
79151  30.263  -8.583  -1.680 0.7142857313
80175  29.690  -7.722  -2.327 0.7142857313
81226  29.376  -6.419  -2.709 0.7142857313
82258  30.060  -5.629  -2.557 0.7142857313
81228  27.892  -6.152  -2.768 0.2857142985
83323  28.639  -4.368  -3.977 0.5714285970
83324  27.832  -4.403  -3.736 0.2857142985
85442  29.414  -2.748  -3.225 0.8571428657
90488  26.582  2.429  -6.061 0.7142857313
72990  25.996  -14.400  0.612 0.1428571492
73994  26.862  -13.564  -0.223 0.4285714328
64416  25.861  -22.158  3.733 0.4285714328
72954  30.919  -14.498  3.217 0.1428571492
72962  30.483  -14.540  2.511 0.1428571492
75963  30.656  -11.930  1.773 0.1428571492
75976  31.018  -11.279  1.776 0.1428571492
73956  30.878  -13.650  2.964 0.1428571492
77009  31.619  -11.032  3.094 0.1428571492
74983  30.948  -12.330  2.799 0.1428571492
74974  30.802  -12.970  2.749 0.1428571492
77025  31.545  -10.586  2.272 0.1428571492
79102  32.787  -8.627  2.187 0.2857142985
80137  33.196  -7.465  1.882 0.1428571492
99104  23.359  11.644  -7.493 0.1428571492
86506  27.688  -1.386  -4.728 0.4285714328
96412  24.401  8.772  -7.638 0.1428571492
88552  27.212  1.047  -5.592 0.5714285970
88541  25.765  0.757  -4.192 0.4285714328
97312  23.805  9.405  -5.486 0.2857142985
95461  24.289  7.436  -5.498 0.2857142985
93520  24.608  5.953  -6.379 0.2857142985
95477  24.313  7.384  -6.413 0.2857142985
88514  24.229  0.514  -2.129 0.1428571492
89490  25.824  1.448  -4.723 0.5714285970
90477  25.835  2.343  -5.574 0.5714285970
95444  24.747  7.552  -4.231 0.2857142985
89465  24.593  1.402  -2.638 0.4285714328
90451  24.958  2.501  -3.249 0.5714285970
90437  24.135  2.373  -2.071 0.4285714328
95433  24.973  7.059  -2.955 0.1428571492
90438  23.445  2.689  -1.354 0.1428571492
95443  24.950  8.296  -3.833 0.1428571492
95410  24.145  6.809  0.127 0.1428571492
95425  25.206  7.826  -2.167 0.1428571492
95432  25.143  8.092  -3.233 0.1428571492
95418  25.061  7.582  -1.093 0.1428571492
96340  25.437  8.627  -1.393 0.1428571492
65507  25.795  -21.425  3.505 0.4285714328
67699  24.819  -19.410  3.244 0.2857142985
71968  30.536  -15.370  2.923 0.1428571492
74973  31.333  -12.671  3.324 0.1428571492
87529  26.813  -0.562  -4.963 0.2857142985
93501  26.514  5.385  -5.777 0.4285714328
94553  24.687  6.552  -6.498 0.2857142985
96367  24.658  8.493  -4.174 0.2857142985
96356  24.895  9.057  -3.520 0.2857142985
66635  24.889  -20.182  3.536 0.2857142985
68739  30.256  -18.855  4.147 0.1428571492
67680  29.801  -19.640  4.108 0.1428571492
70896  30.878  -16.658  3.746 0.1428571492
70909  31.068  -15.848  3.696 0.1428571492
80138  32.798  -7.785  1.303 0.1428571492
89440  22.902  1.869  -0.998 0.1428571492
86507  27.170  -1.101  -4.994 0.4285714328
88501  23.700  0.727  -1.578 0.2857142985
90464  25.045  2.966  -4.038 0.5714285970
96368  24.234  8.540  -4.949 0.2857142985
96379  23.815  8.428  -6.126 0.2857142985
97323  23.488  9.654  -6.937 0.1428571492
98214  23.300  10.492  -6.560 0.1428571492
97339  23.939  9.756  -7.507 0.1428571492
96357  24.438  9.074  -4.271 0.2857142985
97340  23.693  9.632  -7.265 0.1428571492
98224  23.520  10.429  -7.195 0.1428571492
96413  23.998  9.087  -7.585 0.1428571492
81172  33.104  -6.923  1.640 0.2857142985
95460  25.165  6.758  -6.745 0.4285714328
96396  23.940  8.225  -7.234 0.2857142985
66633  26.241  -20.787  2.861 0.4285714328
79123  32.366  -8.603  0.786 0.4285714328
94552  24.914  6.332  -6.751 0.2857142985
95476  24.826  7.325  -6.870 0.2857142985
88540  26.329  0.449  -4.858 0.4285714328
89489  26.302  1.432  -5.430 0.5714285970
90462  25.538  1.952  -3.663 0.5714285970
91470  25.072  3.006  -4.365 0.5714285970
87528  27.469  -0.471  -5.189 0.5714285970
90463  25.434  2.369  -4.213 0.5714285970
91458  24.509  3.432  -2.700 0.5714285970
94520  24.369  6.404  -5.005 0.2857142985
75962  31.044  -11.634  2.449 0.1428571492
73955  31.374  -13.661  3.526 0.1428571492
77024  32.061  -10.209  3.005 0.1428571492
88525  25.868  0.071  -4.031 0.2857142985
94539  24.382  6.490  -5.998 0.2857142985
89478  24.935  0.881  -3.085 0.2857142985
89477  25.511  1.465  -3.696 0.4285714328
89450  24.038  1.332  -1.886 0.2857142985
90450  25.440  2.097  -3.459 0.5714285970
96380  23.501  8.916  -6.829 0.2857142985
81227  28.628  -6.317  -2.817 0.4285714328
82276  28.158  -4.834  -3.826 0.2857142985
98180  24.681  10.687  -3.765 0.1428571492
97305  24.161  9.563  -4.766 0.1428571492
99067  24.230  11.576  -3.909 0.1428571492
97278  25.519  9.742  -1.755 0.1428571492
99066  24.843  11.355  -3.340 0.1428571492
97296  24.492  9.822  -4.039 0.1428571492
98189  24.025  10.592  -4.602 0.1428571492
97286  25.290  9.860  -2.756 0.1428571492
98173  25.477  10.777  -2.154 0.1428571492
97295  24.893  10.028  -3.407 0.1428571492
99062  24.524  11.967  -3.157 0.1428571492
98179  25.244  10.746  -3.086 0.1428571492
99058  25.320  11.834  -1.500 0.1428571492
99061  25.079  11.668  -2.556 0.1428571492
82275  28.458  -5.036  -3.769 0.2857142985
98168  25.657  10.750  -1.109 0.1428571492
99967  25.020  12.231  -2.039 0.1428571492
99979  23.746  12.125  -4.209 0.1428571492
75008  30.426  -12.573  0.549 0.2857142985
98201  23.882  10.007  -5.127 0.1428571492
98190  23.589  11.051  -5.012 0.1428571492
73991  30.183  -13.327  0.795 0.4285714328
68778  27.555  -18.864  1.794 0.4285714328
68777  28.420  -18.631  2.243 0.2857142985
68761  28.791  -18.924  2.954 0.1428571492
69836  28.530  -17.717  1.755 0.2857142985
67716  27.834  -19.563  2.240 0.2857142985
70937  29.266  -16.265  1.604 0.2857142985
69835  29.031  -17.701  2.291 0.1428571492
67715  28.356  -19.545  2.756 0.1428571492
70926  28.937  -17.199  1.936 0.2857142985
68795  28.024  -18.260  1.602 0.2857142985
67718  25.844  -19.514  2.561 0.2857142985
66651  26.021  -20.227  2.730 0.2857142985
67717  26.951  -19.609  2.080 0.2857142985
75024  27.972  -12.548  -0.987 0.2857142985
78119  27.840  -9.320  -1.776 0.1428571492
79154  27.764  -8.384  -1.844 0.1428571492
80193  27.814  -7.037  -2.349 0.1428571492
83307  27.473  -4.936  -3.257 0.1428571492
83325  27.437  -3.982  -3.632 0.1428571492
84417  27.014  -3.502  -3.669 0.1428571492
85457  27.749  -2.425  -4.321 0.1428571492
85458  27.046  -2.468  -3.889 0.1428571492
87515  25.621  -0.593  -3.339 0.1428571492
88526  25.306  0.392  -3.503 0.1428571492
87488  23.754  -0.317  -1.586 0.1428571492
87516  24.980  -0.252  -3.015 0.1428571492
93442  23.574  4.803  -1.239 0.1428571492
92449  22.735  4.254  -0.649 0.1428571492
93435  23.077  5.213  -0.751 0.1428571492
93434  23.824  5.583  -0.895 0.1428571492
66618  25.045  -20.798  3.754 0.2857142985
66649  27.444  -20.388  2.523 0.1428571492
85472  28.071  -1.834  -4.768 0.2857142985
86495  26.948  -1.466  -4.184 0.1428571492
88527  24.716  0.415  -2.824 0.1428571492
65484  24.610  -21.287  4.262 0.2857142985
73993  27.407  -14.078  -0.308 0.2857142985
74012  27.450  -13.008  -0.614 0.2857142985
75025  26.971  -12.410  -0.670 0.2857142985
81229  27.237  -6.082  -2.677 0.1428571492
83309  26.318  -4.607  -2.560 0.1428571492
83308  27.123  -4.520  -3.054 0.1428571492
84400  26.768  -4.003  -2.920 0.1428571492
84401  26.265  -3.528  -2.814 0.1428571492
87501  24.566  -0.476  -2.306 0.1428571492
92459  23.280  4.338  -1.216 0.1428571492
92458  23.840  4.449  -1.531 0.1428571492
66650  26.544  -20.262  2.486 0.2857142985
79171  28.030  -7.630  -2.193 0.1428571492
84416  27.838  -3.427  -3.944 0.1428571492
91445  23.088  3.449  -1.008 0.1428571492
86494  27.409  -1.918  -4.250 0.1428571492
87514  26.289  -0.618  -4.158 0.1428571492
75026  26.462  -11.813  -0.579 0.1428571492
84418  26.539  -3.059  -3.641 0.1428571492
66619  24.212  -20.226  4.016 0.1428571492
66620  23.450  -20.138  4.679 0.1428571492
68780  25.698  -18.377  2.277 0.1428571492
82202  32.809  -6.534  1.526 0.1428571492
82179  33.767  -5.851  2.733 0.1428571492
93450  29.917  5.232  -2.561 0.1428571492
64392  24.249  -21.998  4.701 0.1428571492
67700  23.979  -19.005  3.649 0.1428571492
67719  25.295  -18.884  2.709 0.1428571492
69838  25.460  -17.227  2.050 0.1428571492
92469  30.115  4.813  -2.057 0.1428571492
93465  29.654  5.697  -3.226 0.1428571492
70928  24.786  -16.372  2.195 0.1428571492
92456  30.447  4.275  -1.430 0.1428571492
82180  33.086  -5.996  2.004 0.1428571492
69837  26.203  -17.756  1.786 0.1428571492
66634  25.520  -20.258  3.164 0.1428571492
61117  24.879  -24.935  4.660 0.1428571492
63300  27.037  -23.251  3.589 0.2857142985
65483  25.170  -21.426  3.924 0.2857142985
65520  27.292  -21.075  2.716 0.2857142985
67698  25.402  -19.728  3.001 0.2857142985
73992  29.792  -13.863  0.346 0.4285714328
79112  32.599  -8.587  1.451 0.4285714328
83306  28.985  -4.842  -3.816 0.2857142985
85459  26.407  -2.446  -3.447 0.1428571492
85470  28.976  -2.150  -4.489 0.8571428657
86446  29.636  -1.793  -1.879 0.8571428657
86463  29.620  -2.355  -2.073 0.7142857313
86505  28.330  -1.341  -4.747 0.2857142985
87435  32.162  -1.259  1.357 0.1428571492
89463  25.500  1.857  -3.293 0.5714285970
89464  25.291  1.722  -3.106 0.4285714328
89476  25.534  1.778  -3.513 0.4285714328
89503  26.750  1.575  -5.733 0.7142857313
90422  29.841  2.280  -0.981 0.5714285970
90435  30.097  2.845  -1.061 0.2857142985
90449  25.611  1.968  -3.465 0.5714285970
91431  30.481  3.435  -0.971 0.1428571492
92496  24.903  4.131  -5.077 0.5714285970
93519  24.767  6.028  -6.605 0.2857142985
95441  28.233  7.421  -4.985 0.1428571492
96365  28.377  7.794  -5.284 0.1428571492
96397  23.673  9.105  -7.265 0.1428571492
96414  23.795  9.359  -7.433 0.1428571492
99105  22.827  12.280  -7.499 0.1428571492
