#!ascii label  , from subject sub-01 vox2ras=TkReg
218
82246  30.478  -5.692  -1.923 0.0000000000
72986  29.432  -14.678  0.585 0.0000000000
85456  28.461  -2.683  -4.215 0.0000000000
92511  24.648  4.720  -5.201 0.0000000000
70951  28.172  -16.335  0.608 0.0000000000
88513  29.308  0.023  -3.244 0.0000000000
90474  28.388  2.424  -4.566 0.0000000000
79169  29.124  -8.006  -2.367 0.0000000000
77074  30.363  -10.216  -1.270 0.0000000000
80160  31.373  -7.793  -0.599 0.0000000000
85405  30.848  -3.059  0.525 0.0000000000
83245  32.288  -5.083  1.538 0.0000000000
84398  29.858  -4.065  -2.823 0.0000000000
87474  29.708  -1.051  -1.327 0.0000000000
91470  25.072  3.006  -4.365 0.0000000000
91496  26.887  3.436  -6.033 0.0000000000
75977  30.683  -11.673  1.070 0.0000000000
88538  27.837  0.606  -5.455 0.0000000000
88551  27.533  1.225  -5.590 0.0000000000
80190  30.027  -7.142  -2.299 0.0000000000
80161  30.828  -7.710  -1.219 0.0000000000
81200  30.847  -6.772  -1.311 0.0000000000
71996  28.899  -15.644  0.539 0.0000000000
84414  29.111  -3.533  -3.711 0.0000000000
85430  29.721  -2.970  -1.969 0.0000000000
86480  29.509  -1.816  -3.342 0.0000000000
90447  29.209  2.370  -2.008 0.0000000000
88487  29.587  0.983  -1.106 0.0000000000
93452  24.672  4.959  -2.499 0.0000000000
91458  24.509  3.432  -2.700 0.0000000000
91486  24.930  3.841  -4.641 0.0000000000
95459  25.701  7.313  -6.649 0.0000000000
94536  26.965  6.446  -5.501 0.0000000000
92508  26.296  4.356  -6.252 0.0000000000
93485  27.411  5.577  -5.011 0.0000000000
92483  27.645  4.553  -4.688 0.0000000000
77060  31.375  -10.279  -0.098 0.0000000000
77049  31.052  -11.081  -0.056 0.0000000000
69857  27.300  -17.417  1.211 0.0000000000
87499  29.270  -1.020  -3.461 0.0000000000
87513  28.610  -0.269  -4.558 0.0000000000
89475  28.739  1.383  -3.987 0.0000000000
90461  28.565  2.479  -3.533 0.0000000000
77076  28.740  -10.196  -1.728 0.0000000000
78117  29.532  -9.446  -1.834 0.0000000000
79137  31.496  -8.695  -0.553 0.0000000000
79124  32.089  -8.708  0.033 0.0000000000
83278  30.759  -4.856  -1.136 0.0000000000
83265  31.334  -5.178  -0.083 0.0000000000
84358  31.331  -4.123  0.432 0.0000000000
81226  29.376  -6.419  -2.709 0.0000000000
82260  28.691  -5.491  -3.369 0.0000000000
83291  30.387  -4.759  -1.976 0.0000000000
84372  30.423  -3.879  -1.195 0.0000000000
86422  30.159  -1.995  -0.680 0.0000000000
87456  30.345  -0.874  -0.049 0.0000000000
87486  29.612  -0.442  -1.742 0.0000000000
88486  29.853  0.336  -0.605 0.0000000000
90462  25.538  1.952  -3.663 0.0000000000
92510  24.888  4.314  -5.918 0.0000000000
92509  25.549  4.317  -6.470 0.0000000000
90489  25.949  2.791  -6.303 0.0000000000
90488  26.582  2.429  -6.061 0.0000000000
90475  28.023  2.786  -5.186 0.0000000000
91468  28.327  3.451  -3.867 0.0000000000
74009  29.684  -13.556  -0.302 0.0000000000
76015  29.373  -11.167  -1.339 0.0000000000
82221  31.943  -6.405  0.605 0.0000000000
80148  32.385  -7.834  0.607 0.0000000000
88552  27.212  1.047  -5.592 0.0000000000
88553  26.729  0.933  -5.494 0.0000000000
81214  30.495  -6.595  -1.932 0.0000000000
82233  30.818  -5.863  -1.298 0.0000000000
68779  26.602  -18.622  1.843 0.0000000000
68796  27.378  -18.134  1.485 0.0000000000
85455  29.152  -2.617  -3.967 0.0000000000
85442  29.414  -2.748  -3.225 0.0000000000
91443  29.574  3.013  -1.767 0.0000000000
90436  29.659  2.589  -1.419 0.0000000000
93468  24.783  5.210  -3.479 0.0000000000
92484  24.734  4.305  -3.176 0.0000000000
92497  24.783  4.438  -4.330 0.0000000000
94500  28.029  6.155  -4.496 0.0000000000
78078  31.785  -9.807  1.105 0.0000000000
77048  31.417  -10.417  0.518 0.0000000000
72988  27.953  -14.590  -0.246 0.0000000000
87526  28.580  -0.853  -4.605 0.0000000000
87527  28.208  -0.480  -4.985 0.0000000000
89488  28.333  1.436  -5.048 0.0000000000
88524  28.483  0.480  -4.770 0.0000000000
89462  28.737  1.891  -3.234 0.0000000000
94501  24.657  6.247  -3.795 0.0000000000
78118  28.682  -9.377  -1.967 0.0000000000
79152  29.491  -8.520  -2.185 0.0000000000
79138  30.863  -8.641  -1.079 0.0000000000
80149  31.947  -7.839  -0.039 0.0000000000
70939  27.884  -17.026  0.897 0.0000000000
69856  28.019  -17.643  1.225 0.0000000000
84359  30.754  -3.938  -0.318 0.0000000000
83266  31.054  -4.671  -0.364 0.0000000000
80192  28.607  -7.093  -2.495 0.0000000000
83322  29.226  -4.225  -3.701 0.0000000000
83305  29.516  -4.690  -3.360 0.0000000000
82259  29.453  -5.598  -3.044 0.0000000000
83304  30.028  -4.755  -2.730 0.0000000000
84384  30.147  -3.802  -2.118 0.0000000000
86445  29.807  -2.182  -1.516 0.0000000000
86421  30.617  -1.979  0.355 0.0000000000
88500  29.526  0.354  -1.844 0.0000000000
88470  30.766  0.291  0.545 0.0000000000
90464  25.045  2.966  -4.038 0.0000000000
90451  24.958  2.501  -3.249 0.0000000000
90450  25.440  2.097  -3.459 0.0000000000
90463  25.434  2.369  -4.213 0.0000000000
94537  26.147  6.317  -6.181 0.0000000000
94538  25.411  6.206  -6.634 0.0000000000
93503  24.928  5.400  -6.630 0.0000000000
92495  27.005  4.448  -5.512 0.0000000000
91497  26.123  3.406  -6.486 0.0000000000
90487  27.503  2.514  -5.701 0.0000000000
91484  27.611  3.544  -5.237 0.0000000000
92482  28.170  4.514  -3.910 0.0000000000
91469  27.944  3.849  -4.465 0.0000000000
92471  28.742  4.352  -3.173 0.0000000000
74010  28.994  -13.504  -0.765 0.0000000000
77075  29.593  -10.361  -1.534 0.0000000000
76016  28.716  -11.017  -1.484 0.0000000000
77062  29.995  -10.849  -1.239 0.0000000000
75989  30.644  -11.824  0.237 0.0000000000
76000  30.383  -11.788  -0.437 0.0000000000
75021  30.290  -12.671  -0.157 0.0000000000
74008  30.177  -13.255  0.196 0.0000000000
83246  31.668  -5.033  0.759 0.0000000000
82222  31.601  -6.022  0.116 0.0000000000
82204  31.931  -5.751  0.901 0.0000000000
87528  27.469  -0.471  -5.189 0.0000000000
88539  27.056  0.287  -5.413 0.0000000000
89501  27.789  1.591  -5.548 0.0000000000
80175  29.690  -7.722  -2.327 0.0000000000
80174  30.330  -7.603  -1.959 0.0000000000
81199  31.278  -6.876  -0.630 0.0000000000
70950  28.745  -16.223  0.872 0.0000000000
70938  28.700  -16.793  1.353 0.0000000000
71981  29.148  -16.009  1.139 0.0000000000
71980  29.592  -15.595  1.692 0.0000000000
85385  31.639  -3.037  1.144 0.0000000000
83323  28.639  -4.368  -3.977 0.0000000000
84399  29.500  -3.665  -3.147 0.0000000000
84385  29.746  -3.483  -2.523 0.0000000000
85431  29.557  -2.872  -2.568 0.0000000000
86464  29.619  -1.984  -2.522 0.0000000000
87475  29.571  -1.430  -2.033 0.0000000000
89461  29.061  1.342  -2.750 0.0000000000
89449  29.426  1.648  -1.483 0.0000000000
89439  29.881  1.590  -0.679 0.0000000000
91471  24.896  3.476  -3.966 0.0000000000
91485  25.157  3.335  -5.056 0.0000000000
93502  25.771  5.302  -6.385 0.0000000000
93467  28.047  5.423  -4.203 0.0000000000
77061  30.719  -10.663  -0.741 0.0000000000
77037  31.017  -11.130  0.593 0.0000000000
68797  26.810  -17.841  1.531 0.0000000000
70940  27.127  -16.561  0.820 0.0000000000
70952  27.592  -16.012  0.465 0.0000000000
71997  28.082  -15.546  0.215 0.0000000000
72987  28.849  -14.935  -0.034 0.0000000000
85471  28.453  -2.040  -4.690 0.0000000000
86493  29.239  -1.627  -4.078 0.0000000000
86504  28.822  -1.456  -4.549 0.0000000000
87512  28.941  -0.718  -4.113 0.0000000000
88523  28.737  0.246  -4.032 0.0000000000
89474  28.992  0.743  -3.541 0.0000000000
90448  28.802  2.427  -2.714 0.0000000000
91456  29.247  3.177  -2.235 0.0000000000
93486  24.529  5.392  -4.619 0.0000000000
78116  30.287  -9.483  -1.443 0.0000000000
79151  30.263  -8.583  -1.680 0.0000000000
78104  30.900  -9.559  -0.945 0.0000000000
78103  31.461  -9.586  -0.362 0.0000000000
78090  31.884  -9.532  0.398 0.0000000000
78089  32.220  -9.171  1.058 0.0000000000
83277  31.076  -5.297  -0.734 0.0000000000
84342  32.048  -4.013  1.304 0.0000000000
80191  29.348  -7.253  -2.467 0.0000000000
81225  30.037  -6.470  -2.415 0.0000000000
82258  30.060  -5.629  -2.557 0.0000000000
85406  30.380  -2.983  -0.370 0.0000000000
85421  30.026  -2.984  -1.264 0.0000000000
87455  31.207  -0.909  1.132 0.0000000000
87487  29.483  -0.919  -2.440 0.0000000000
88499  29.642  -0.192  -1.361 0.0000000000
89490  25.824  1.448  -4.723 0.0000000000
93504  24.496  5.477  -5.764 0.0000000000
91498  25.539  3.381  -6.111 0.0000000000
90477  25.835  2.343  -5.574 0.0000000000
90476  26.361  1.932  -5.784 0.0000000000
89489  26.302  1.432  -5.430 0.0000000000
89502  27.235  1.716  -5.744 0.0000000000
90486  28.107  2.153  -5.317 0.0000000000
91483  28.108  3.222  -4.701 0.0000000000
91457  28.741  3.367  -2.896 0.0000000000
73002  28.973  -14.277  -0.539 0.0000000000
73001  29.400  -14.308  -0.037 0.0000000000
76002  28.771  -11.837  -1.303 0.0000000000
76001  29.743  -11.705  -1.042 0.0000000000
75022  29.728  -12.693  -0.702 0.0000000000
82232  31.200  -5.991  -0.682 0.0000000000
81188  31.725  -6.997  0.006 0.0000000000
82203  32.411  -6.186  1.293 0.0000000000
81187  32.180  -7.050  0.602 0.0000000000
85470  28.976  -2.150  -4.489 0.0000000000
86446  29.636  -1.793  -1.879 0.0000000000
86463  29.620  -2.355  -2.073 0.0000000000
89463  25.500  1.857  -3.293 0.0000000000
89503  26.750  1.575  -5.733 0.0000000000
90422  29.841  2.280  -0.981 0.0000000000
90449  25.611  1.968  -3.465 0.0000000000
92496  24.903  4.131  -5.077 0.0000000000
